0 8
1 8
2 3
3 1
4 4
5 3
6 0
7 1
8 3
9 4
10 3
11 4
12 2
13 4
14 2
15 3
16 5
17 0
18 1
19 2
20 2
21 4
22 1
23 3
24 1
25 1
26 3
27 2
28 1
29 2
30 2
31 1
32 2
33 5
34 0
35 4
36 7
37 2
38 6
39 3
40 2
41 3
42 3
43 3
44 3
45 1
46 0
47 5
48 4
49 3
50 5
51 1
52 2
53 4
54 5
55 2
56 3
57 4
58 1
59 3
60 3
61 5
62 4
63 5
64 2
65 2
66 2
67 2
68 2
69 1
70 2
71 4
72 0
73 2
74 3
75 0
76 1
77 0
78 3
79 4
80 0
81 6
82 4
83 6
84 3
85 2
86 6
87 1
88 4
89 2
90 1
91 3
92 3
93 2
94 1
95 2
96 1
97 3
98 1
99 4
100 2
101 1
102 4
103 2
104 2
105 6
106 4
107 5
108 2
109 4
110 1
111 2
112 1
113 4
114 4
115 1
116 0
117 1
118 4
119 4
120 2
121 0
122 5
123 1
124 4
125 1
126 3
127 3
128 2
129 3
130 1
131 1
132 3
133 3
134 3
135 2
136 1
137 3
138 1
139 1
140 3
141 1
142 1
143 2
144 3
145 3
146 1
147 4
148 2
149 1
150 0
151 0
152 1
153 1
154 3
155 4
156 1
157 5
158 2
159 3
160 3
161 3
162 1
163 3
164 4
165 1
166 4
167 4
168 6
169 5
170 2
171 1
172 1
173 3
174 1
175 1
176 3
177 1
178 1
179 2
180 0
181 1
182 2
183 2
184 4
185 5
186 1
187 2
188 2
189 4
190 4
191 4
192 1
193 2
194 2
195 4
196 4
197 3
198 3
199 2
200 3
201 1
202 3
203 2
204 2
205 2
206 2
207 1
208 1
209 1
210 2
211 2
212 2
213 2
214 4
215 6
216 1
217 3
218 1
219 1
220 2
221 1
222 1
223 5
224 3
225 3
226 3
227 2
228 4
229 3
230 2
231 4
232 2
233 2
234 1
235 2
236 1
237 2
238 2
239 2
240 3
241 5
242 4
243 2
244 3
245 2
246 5
247 4
248 1
249 4
250 0
251 5
252 4
253 4
254 4
255 3
256 5
257 2
258 5
259 3
260 4
261 0
262 4
263 2
264 2
265 0
266 4
267 2
268 2
269 5
270 2
271 2
272 1
273 2
274 4
275 4
276 5
277 3
278 4
279 1
280 2
281 0
282 0
283 3
284 1
285 3
286 1
287 1
288 3
289 2
290 0
291 4
292 4
293 4
294 3
295 2
296 5
297 3
298 2
299 2
300 1
301 1
302 2
303 1
304 2
305 2
306 3
307 2
308 3
309 2
310 2
311 3
312 3
313 3
314 4
315 1
316 2
317 4
318 3
319 4
320 1
321 1
322 3
323 2
324 2
325 3
326 3
327 2
328 2
329 2
330 2
331 5
332 3
333 2
334 2
335 2
336 1
337 4
338 3
339 5
340 1
341 1
342 2
343 4
344 4
345 5
346 4
347 3
348 4
349 5
350 4
351 1
352 4
353 4
354 2
355 2
356 4
357 3
358 4
359 3
360 1
361 2
362 7
363 1
364 3
365 3
366 4
367 4
368 6
369 5
370 4
371 2
372 4
373 2
374 3
375 5
376 4
377 5
378 5
379 4
380 3
381 2
382 7
383 2
384 5
385 4
386 1
387 3
388 3
389 6
390 1
391 6
392 5
393 2
394 5
395 4
396 3
397 1
398 5
399 4
400 2
401 4
402 2
403 2
404 0
405 4
406 7
407 3
408 5
409 2
410 2
411 4
412 3
413 2
414 4
415 4
416 1
417 3
418 4
419 2
420 2
421 4
422 4
423 5
424 4
425 4
426 3
427 1
428 1
429 3
430 4
431 2
432 6
433 5
434 5
435 5
436 6
437 4
438 5
439 7
440 4
441 3
442 4
443 3
444 5
445 5
446 3
447 4
448 4
449 4
450 4
451 4
452 2
453 3
454 2
455 5
456 1
457 2
458 5
459 5
460 2
461 4
462 5
463 4
464 4
465 7
466 2
467 4
468 3
469 3
470 9
471 3
472 7
473 3
474 4
475 3
476 5
477 3
478 2
479 3
480 2
481 4
482 5
483 3
484 4
485 5
486 4
487 4
488 5
489 7
490 5
491 3
492 5
493 5
494 8
495 3
496 6
497 6
498 4
499 5
500 7
501 3
502 5
503 5
504 4
505 3
506 4
507 4
508 5
509 5
510 8
511 2
512 4
513 4
514 3
515 7
516 7
517 2
518 7
519 7
520 3
521 3
522 7
523 2
524 5
525 3
526 4
527 6
528 3
529 5
530 3
531 6
532 2
533 6
534 7
535 5
536 5
537 4
538 2
539 4
540 6
541 3
542 6
543 1
544 5
545 2
546 6
547 4
548 8
549 3
550 4
551 2
552 6
553 6
554 4
555 3
556 7
557 3
558 5
559 4
560 6
561 5
562 5
563 6
564 8
565 5
566 4
567 7
568 3
569 1
570 3
571 7
572 4
573 3
574 4
575 4
576 3
577 5
578 6
579 5
580 5
581 3
582 5
583 3
584 6
585 4
586 7
587 4
588 6
589 4
590 4
591 7
592 7
593 7
594 2
595 3
596 3
597 4
598 4
599 3
600 2
601 5
602 2
603 4
604 3
605 4
606 3
607 4
608 5
609 8
610 6
611 5
612 7
613 1
614 3
615 5
616 4
617 4
618 5
619 2
620 5
621 4
622 6
623 5
624 5
625 3
626 7
627 4
628 4
629 5
630 3
631 4
632 5
633 6
634 4
635 4
636 2
637 5
638 3
639 6
640 3
641 4
642 6
643 4
644 1
645 4
646 3
647 3
648 3
649 4
650 2
651 2
652 3
653 4
654 3
655 2
656 3
657 7
658 6
659 4
660 6
661 3
662 3
663 7
664 5
665 4
666 2
667 3
668 3
669 5
670 6
671 3
672 2
673 4
674 4
675 2
676 4
677 3
678 4
679 6
680 5
681 4
682 3
683 6
684 6
685 3
686 4
687 5
688 5
689 4
690 4
691 4
692 2
693 4
694 3
695 6
696 4
697 5
698 1
699 0
700 2
701 5
702 3
703 4
704 1
705 2
706 6
707 5
708 2
709 6
710 6
711 3
712 1
713 3
714 5
715 5
716 3
717 3
718 3
719 5
720 6
721 3
722 3
723 4
724 3
725 2
726 3
727 3
728 5
729 3
730 2
731 3
732 6
733 5
734 2
735 2
736 5
737 2
738 6
739 5
740 2
741 3
742 4
743 6
744 5
745 3
746 6
747 2
748 5
749 3
750 4
751 4
752 6
753 3
754 1
755 1
756 5
757 2
758 3
759 6
760 6
761 4
762 4
763 8
764 5
765 2
766 5
767 5
768 4
769 3
770 2
771 8
772 4
773 7
774 1
775 4
776 4
777 3
778 2
779 3
780 4
781 1
782 2
783 5
784 3
785 2
786 6
787 4
788 4
789 3
790 4
791 1
792 1
793 2
794 2
795 5
796 3
797 4
798 0
799 3
800 6
801 3
802 5
803 6
804 3
805 4
806 5
807 4
808 3
809 5
810 5
811 3
812 2
813 4
814 6
815 2
816 1
817 4
818 6
819 5
820 4
821 6
822 5
823 3
824 3
825 3
826 4
827 6
828 1
829 2
830 3
831 1
832 4
833 4
834 3
835 3
836 2
837 3
838 6
839 5
840 4
841 1
842 1
843 1
844 3
845 3
846 3
847 5
848 7
849 2
850 4
851 5
852 4
853 5
854 2
855 5
856 4
857 2
858 5
859 3
860 4
861 4
862 0
863 2
864 3
865 2
866 3
867 5
868 7
869 4
870 7
871 3
872 5
873 5
874 4
875 3
876 4
877 8
878 6
879 5
880 6
881 4
882 2
883 8
884 6
885 3
886 3
887 4
888 3
889 4
890 3
891 5
892 7
893 3
894 2
895 5
896 3
897 8
898 2
899 6
900 7
901 2
902 3
903 4
904 6
905 8
906 7
907 5
908 6
909 7
910 3
911 6
912 7
913 6
914 2
915 3
916 7
917 4
918 5
919 6
920 3
921 7
922 6
923 6
924 5
925 5
926 5
927 5
928 5
929 2
930 4
931 3
932 3
933 5
934 7
935 8
936 6
937 10
938 4
939 4
940 8
941 5
942 7
943 8
944 4
945 6
946 3
947 4
948 5
949 3
950 5
951 1
952 3
953 5
954 4
955 5
956 3
957 3
958 7
959 7
960 5
961 3
962 3
963 7
964 5
965 7
966 2
967 3
968 6
969 4
970 5
971 3
972 4
973 4
974 2
975 6
976 5
977 3
978 5
979 4
980 5
981 5
982 5
983 5
984 4
985 6
986 3
987 4
988 5
989 6
990 3
991 3
992 2
993 5
994 3
995 4
996 0
997 5
998 3
999 2
1000 4
1001 5
1002 7
1003 5
1004 5
1005 5
1006 5
1007 4
1008 3
1009 4
1010 4
1011 3
1012 3
1013 6
1014 6
1015 5
1016 6
1017 7
1018 6
1019 6
1020 3
1021 5
1022 7
1023 6
1024 4
1025 6
1026 5
1027 3
1028 10
1029 6
1030 5
1031 4
1032 2
1033 7
1034 5
1035 4
1036 5
1037 7
1038 3
1039 6
1040 5
1041 3
1042 5
1043 6
1044 4
1045 5
1046 6
1047 4
1048 4
1049 6
1050 7
1051 6
1052 3
1053 5
1054 4
1055 3
1056 2
1057 4
1058 6
1059 2
1060 3
1061 5
1062 4
1063 6
1064 4
1065 5
1066 3
1067 2
1068 6
1069 5
1070 5
1071 5
1072 4
1073 5
1074 4
1075 3
1076 6
1077 4
1078 2
1079 5
1080 4
1081 5
1082 8
1083 4
1084 5
1085 2
1086 7
1087 5
1088 7
1089 5
1090 5
1091 6
1092 6
1093 6
1094 3
1095 4
1096 5
1097 6
1098 4
1099 5
1100 7
1101 5
1102 3
1103 5
1104 8
1105 3
1106 5
1107 4
1108 3
1109 4
1110 7
1111 3
1112 5
1113 3
1114 2
1115 4
1116 7
1117 2
1118 5
1119 3
1120 3
1121 7
1122 6
1123 8
1124 6
1125 3
1126 3
1127 1
1128 5
1129 7
1130 6
1131 6
1132 4
1133 2
1134 6
1135 1
1136 4
1137 7
1138 9
1139 4
1140 8
1141 6
1142 4
1143 4
1144 1
1145 6
1146 5
1147 5
1148 5
1149 2
1150 4
1151 5
1152 5
1153 3
1154 3
1155 4
1156 4
1157 4
1158 4
1159 7
1160 6
1161 4
1162 6
1163 2
1164 4
1165 7
1166 5
1167 6
1168 5
1169 2
1170 4
1171 3
1172 4
1173 3
1174 5
1175 4
1176 2
1177 3
1178 4
1179 2
1180 3
1181 2
1182 6
1183 6
1184 1
1185 4
1186 5
1187 2
1188 3
1189 6
1190 4
1191 3
1192 6
1193 2
1194 5
1195 2
1196 4
1197 4
1198 4
1199 4
1200 1
1201 2
1202 3
1203 2
1204 4
1205 3
1206 4
1207 2
1208 3
1209 8
1210 6
1211 5
1212 3
1213 5
1214 4
1215 6
1216 7
1217 3
1218 2
1219 2
1220 6
1221 3
1222 5
1223 6
1224 3
1225 4
1226 6
1227 6
1228 1
1229 3
1230 6
1231 1
1232 4
1233 4
1234 4
1235 7
1236 5
1237 4
1238 3
1239 1
1240 2
1241 3
1242 4
1243 3
1244 1
1245 5
1246 5
1247 6
1248 3
1249 8
1250 6
1251 7
1252 4
1253 5
1254 4
1255 3
1256 6
1257 3
1258 5
1259 4
1260 7
1261 3
1262 2
1263 4
1264 8
1265 3
1266 4
1267 6
1268 4
1269 3
1270 2
1271 3
1272 5
1273 2
1274 2
1275 3
1276 4
1277 3
1278 5
1279 5
1280 2
1281 6
1282 6
1283 6
1284 4
1285 4
1286 5
1287 6
1288 7
1289 7
1290 5
1291 4
1292 2
1293 3
1294 6
1295 5
1296 1
1297 3
1298 5
1299 3
1300 4
1301 1
1302 4
1303 4
1304 7
1305 3
1306 4
1307 6
1308 4
1309 3
1310 5
1311 4
1312 7
1313 5
1314 6
1315 5
1316 3
1317 2
1318 4
1319 4
1320 1
1321 3
1322 6
1323 7
1324 3
1325 4
1326 1
1327 4
1328 1
1329 3
1330 2
1331 6
1332 3
1333 6
1334 6
1335 3
1336 5
1337 4
1338 4
1339 6
1340 6
1341 4
1342 3
1343 5
1344 3
1345 3
1346 6
1347 5
1348 3
1349 3
1350 3
1351 6
1352 4
1353 3
1354 5
1355 6
1356 4
1357 1
1358 3
1359 4
1360 4
1361 2
1362 6
1363 5
1364 3
1365 5
1366 4
1367 4
1368 6
1369 4
1370 2
1371 2
1372 2
1373 4
1374 5
1375 5
1376 2
1377 5
1378 6
1379 6
1380 3
1381 4
1382 4
1383 5
1384 5
1385 4
1386 3
1387 1
1388 5
1389 4
1390 1
1391 3
1392 7
1393 5
1394 2
1395 5
1396 5
1397 2
1398 4
1399 3
1400 3
1401 5
1402 4
1403 7
1404 3
1405 5
1406 4
1407 3
1408 6
1409 5
1410 6
1411 4
1412 4
1413 0
1414 4
1415 3
1416 2
1417 4
1418 2
1419 4
1420 5
1421 4
1422 6
1423 2
1424 1
1425 1
1426 3
1427 3
1428 5
1429 7
1430 3
1431 4
1432 6
1433 5
1434 3
1435 4
1436 6
1437 5
1438 3
1439 7
1440 2
1441 5
1442 8
1443 4
1444 4
1445 5
1446 6
1447 4
1448 7
1449 7
1450 7
1451 4
1452 7
1453 4
1454 6
1455 8
1456 6
1457 2
1458 3
1459 5
1460 4
1461 2
1462 5
1463 6
1464 3
1465 5
1466 7
1467 5
1468 4
1469 4
1470 2
1471 3
1472 5
1473 4
1474 3
1475 5
1476 5
1477 5
1478 5
1479 3
1480 5
1481 3
1482 4
1483 4
1484 5
1485 7
1486 5
1487 1
1488 2
1489 2
1490 1
1491 3
1492 4
1493 2
1494 2
1495 2
1496 1
1497 3
1498 3
1499 4
1500 5
1501 7
1502 4
1503 7
1504 6
1505 3
1506 5
1507 2
1508 3
1509 4
1510 3
1511 3
1512 8
1513 5
1514 5
1515 7
1516 6
1517 3
1518 2
1519 5
1520 2
1521 5
1522 6
1523 3
1524 4
1525 9
1526 4
1527 7
1528 6
1529 0
1530 4
1531 4
1532 0
1533 3
1534 6
1535 4
1536 3
1537 5
1538 5
1539 6
1540 3
1541 5
1542 3
1543 3
1544 6
1545 8
1546 4
1547 4
1548 5
1549 4
1550 7
1551 6
1552 5
1553 8
1554 5
1555 5
1556 3
1557 1
1558 8
1559 4
1560 6
1561 4
1562 6
1563 9
1564 6
1565 2
1566 5
1567 3
1568 5
1569 4
1570 6
1571 4
1572 2
1573 4
1574 3
1575 5
1576 6
1577 6
1578 6
1579 5
1580 7
1581 4
1582 1
1583 3
1584 5
1585 4
1586 5
1587 7
1588 5
1589 5
1590 3
1591 2
1592 4
1593 4
1594 6
1595 4
1596 3
1597 5
1598 5
1599 2
1600 4
1601 6
1602 5
1603 6
1604 4
1605 4
1606 4
1607 4
1608 1
1609 4
1610 5
1611 4
1612 4
1613 2
1614 4
1615 6
1616 2
1617 4
1618 4
1619 5
1620 3
1621 4
1622 4
1623 2
1624 4
1625 3
1626 2
1627 3
1628 5
1629 2
1630 4
1631 5
1632 4
1633 5
1634 3
1635 5
1636 3
1637 2
1638 2
1639 4
1640 3
1641 2
1642 5
1643 2
1644 5
1645 6
1646 4
1647 5
1648 3
1649 3
1650 8
1651 7
1652 5
1653 6
1654 7
1655 4
1656 3
1657 6
1658 5
1659 1
1660 5
1661 6
1662 6
1663 5
1664 3
1665 4
1666 3
1667 7
1668 4
1669 5
1670 4
1671 5
1672 6
1673 6
1674 5
1675 3
1676 1
1677 4
1678 4
1679 2
1680 3
1681 3
1682 5
1683 3
1684 4
1685 3
1686 3
1687 7
1688 1
1689 3
1690 4
1691 3
1692 5
1693 5
1694 4
1695 7
1696 4
1697 6
1698 4
1699 2
1700 6
1701 5
1702 4
1703 4
1704 3
1705 4
1706 3
1707 4
1708 2
1709 5
1710 4
1711 3
1712 5
1713 5
1714 3
1715 5
1716 3
1717 4
1718 3
1719 1
1720 4
1721 2
1722 3
1723 6
1724 5
1725 2
1726 8
1727 3
1728 3
1729 1
1730 2
1731 3
1732 2
1733 8
1734 6
1735 3
1736 4
1737 6
1738 4
1739 5
1740 5
1741 4
1742 3
1743 2
1744 8
1745 4
1746 3
1747 3
1748 2
1749 3
1750 7
1751 7
1752 5
1753 6
1754 4
1755 4
1756 3
1757 4
1758 3
1759 4
1760 4
1761 2
1762 3
1763 4
1764 7
1765 3
1766 3
1767 3
1768 5
1769 4
1770 1
1771 2
1772 3
1773 2
1774 5
1775 3
1776 2
1777 6
1778 3
1779 2
1780 4
1781 7
1782 0
1783 4
1784 2
1785 3
1786 3
1787 3
1788 3
1789 4
1790 4
1791 4
1792 2
1793 0
1794 4
1795 5
1796 3
1797 0
1798 1
1799 3
1800 5
1801 1
1802 4
1803 2
1804 1
1805 4
1806 5
1807 1
1808 5
1809 4
1810 5
1811 4
1812 5
1813 5
1814 3
1815 2
1816 6
1817 2
1818 1
1819 2
1820 2
1821 1
1822 6
1823 4
1824 2
1825 2
1826 5
1827 4
1828 1
1829 2
1830 2
1831 2
1832 5
1833 3
1834 3
1835 0
1836 1
1837 3
1838 3
1839 4
1840 3
1841 3
1842 3
1843 4
1844 2
1845 4
1846 2
1847 2
1848 3
1849 4
1850 4
1851 3
1852 4
1853 2
1854 4
1855 1
1856 5
1857 5
1858 6
1859 4
1860 3
1861 3
1862 2
1863 3
1864 3
1865 5
1866 6
1867 6
1868 3
1869 2
1870 2
1871 1
1872 3
1873 5
1874 4
1875 2
1876 4
1877 2
1878 4
1879 4
1880 3
1881 1
1882 2
1883 1
1884 2
1885 1
1886 4
1887 2
1888 4
1889 6
1890 4
1891 2
1892 4
1893 3
1894 4
1895 3
1896 5
1897 5
1898 2
1899 5
1900 2
1901 5
1902 4
1903 3
1904 3
1905 3
1906 2
1907 1
1908 2
1909 2
1910 5
1911 3
1912 3
1913 4
1914 6
1915 6
1916 3
1917 4
1918 2
1919 6
1920 3
1921 4
1922 4
1923 5
1924 3
1925 3
1926 3
1927 5
1928 4
1929 2
1930 3
1931 2
1932 1
1933 3
1934 2
1935 5
1936 4
1937 1
1938 3
1939 5
1940 2
1941 4
1942 2
1943 4
1944 2
1945 1
1946 4
1947 5
1948 4
1949 3
1950 3
1951 2
1952 3
1953 3
1954 3
1955 5
1956 3
1957 4
1958 6
1959 4
1960 6
1961 4
1962 6
1963 5
1964 3
1965 5
1966 2
1967 6
1968 3
1969 4
1970 5
1971 6
1972 3
1973 7
1974 5
1975 5
1976 3
1977 2
1978 3
1979 6
1980 4
1981 5
1982 3
1983 2
1984 5
1985 6
1986 8
1987 5
1988 2
1989 4
1990 3
1991 3
1992 2
1993 5
1994 2
1995 6
1996 5
1997 5
1998 5
1999 8
2000 1
2001 4
2002 5
2003 3
2004 3
2005 2
2006 5
2007 5
2008 2
2009 3
2010 5
2011 4
2012 4
2013 0
2014 4
2015 4
2016 2
2017 4
2018 5
2019 3
2020 4
2021 3
2022 3
2023 4
2024 1
2025 3
2026 2
2027 2
2028 2
2029 1
2030 2
2031 4
2032 3
2033 3
2034 2
2035 4
2036 3
2037 4
2038 3
2039 3
2040 0
2041 1
2042 4
2043 3
2044 4
2045 4
2046 3
2047 5
2048 2
2049 3
2050 2
2051 3
2052 1
2053 2
2054 4
2055 5
2056 3
2057 2
2058 3
2059 4
2060 2
2061 2
2062 2
2063 2
2064 1
2065 0
2066 3
2067 4
2068 4
2069 3
2070 2
2071 5
2072 6
2073 6
2074 1
2075 3
2076 2
2077 2
2078 1
2079 2
2080 0
2081 3
2082 0
2083 3
2084 4
2085 3
2086 3
2087 0
2088 3
2089 1
2090 2
2091 2
2092 4
2093 1
2094 4
2095 1
2096 0
2097 1
2098 3
2099 2
2100 3
2101 0
2102 0
2103 0
2104 2
2105 1
2106 2
2107 1
2108 3
2109 1
2110 1
2111 1
2112 1
2113 1
2114 1
2115 2
2116 6
2117 4
2118 3
2119 1
2120 3
2121 3
2122 1
2123 3
2124 3
2125 4
2126 1
2127 1
2128 6
2129 4
2130 0
2131 1
2132 0
2133 3
2134 1
2135 1
2136 4
2137 1
2138 2
2139 1
2140 2
2141 2
2142 3
2143 0
2144 3
2145 1
2146 2
2147 0
2148 2
2149 0
2150 3
2151 0
2152 1
2153 3
2154 2
2155 4
2156 3
2157 2
2158 3
2159 2
2160 4
2161 2
2162 4
2163 3
2164 1
2165 5
2166 3
2167 5
2168 1
2169 4
2170 4
2171 2
2172 2
2173 2
2174 6
2175 3
2176 5
2177 5
2178 1
2179 1
2180 2
2181 4
2182 2
2183 4
2184 4
2185 2
2186 1
2187 3
2188 2
2189 5
2190 2
2191 3
2192 2
2193 3
2194 4
2195 5
2196 1
2197 7
2198 3
2199 5
2200 1
2201 3
2202 5
2203 3
2204 4
2205 2
2206 2
2207 4
2208 2
2209 4
2210 0
2211 3
2212 4
2213 0
2214 2
2215 1
2216 4
2217 1
2218 5
2219 4
2220 3
2221 2
2222 5
2223 3
2224 2
2225 3
2226 2
2227 4
2228 3
2229 2
2230 1
2231 3
2232 3
2233 2
2234 1
2235 3
2236 2
2237 5
2238 1
2239 4
2240 5
2241 5
2242 2
2243 3
2244 3
2245 3
2246 2
2247 6
2248 4
2249 1
2250 2
2251 0
2252 3
2253 3
2254 2
2255 1
2256 2
2257 2
2258 3
2259 3
2260 1
2261 2
2262 2
2263 3
2264 2
2265 4
2266 2
2267 2
2268 3
2269 0
2270 2
2271 3
2272 4
2273 5
2274 2
2275 4
2276 2
2277 4
2278 4
2279 1
2280 5
2281 2
2282 3
2283 5
2284 2
2285 4
2286 3
2287 5
2288 4
2289 2
2290 6
2291 4
2292 2
2293 3
2294 1
2295 3
2296 4
2297 3
2298 4
2299 2
2300 4
2301 4
2302 2
2303 3
2304 5
2305 2
2306 3
2307 2
2308 3
2309 4
2310 5
2311 4
2312 3
2313 5
2314 3
2315 2
2316 2
2317 1
2318 1
2319 1
2320 0
2321 1
2322 2
2323 2
2324 3
2325 1
2326 2
2327 4
2328 1
2329 2
2330 5
2331 2
2332 2
2333 3
2334 5
2335 3
2336 2
2337 4
2338 2
2339 0
2340 1
2341 3
2342 5
2343 1
2344 4
2345 2
2346 2
2347 3
2348 5
2349 1
2350 0
2351 2
2352 0
2353 3
2354 3
2355 6
2356 3
2357 5
2358 5
2359 4
2360 2
2361 3
2362 3
2363 4
2364 5
2365 2
2366 4
2367 3
2368 1
2369 5
2370 4
2371 2
2372 3
2373 4
2374 3
2375 4
2376 2
2377 3
2378 2
2379 2
2380 2
2381 1
2382 1
2383 5
2384 5
2385 3
2386 0
2387 1
2388 0
2389 4
2390 3
2391 2
2392 4
2393 1
2394 2
2395 4
2396 2
2397 4
2398 3
2399 3
2400 2
2401 3
2402 3
2403 2
2404 4
2405 5
2406 2
2407 3
2408 3
2409 4
2410 4
2411 0
2412 2
2413 4
2414 3
2415 3
2416 5
2417 2
2418 5
2419 6
2420 2
2421 2
2422 0
2423 0
2424 3
2425 1
2426 3
2427 1
2428 2
2429 1
2430 3
2431 2
2432 1
2433 4
2434 0
2435 3
2436 4
2437 3
2438 3
2439 3
2440 3
2441 5
2442 1
2443 2
2444 3
2445 3
2446 2
2447 0
2448 4
2449 1
2450 2
2451 5
2452 4
2453 3
2454 4
2455 3
2456 3
2457 5
2458 5
2459 1
2460 3
2461 2
2462 3
2463 0
2464 4
2465 3
2466 7
2467 3
2468 6
2469 6
2470 6
2471 2
2472 3
2473 3
2474 3
2475 4
2476 2
2477 0
2478 3
2479 4
2480 4
2481 4
2482 3
2483 2
2484 1
2485 1
2486 2
2487 0
2488 0
2489 1
2490 1
2491 1
2492 5
2493 2
2494 3
2495 3
2496 3
2497 3
2498 1
2499 2
2500 1
2501 2
2502 2
2503 3
2504 2
2505 1
2506 2
2507 1
2508 3
2509 3
2510 3
2511 4
2512 5
2513 5
2514 4
2515 1
2516 3
2517 2
2518 6
2519 2
2520 2
2521 3
2522 4
2523 4
2524 0
2525 3
2526 4
2527 2
2528 3
2529 4
2530 3
2531 2
2532 3
2533 3
2534 2
2535 1
2536 2
2537 3
2538 1
2539 2
2540 2
2541 2
2542 1
2543 1
2544 3
2545 2
2546 2
2547 2
2548 2
2549 5
2550 1
2551 4
2552 3
2553 5
2554 2
2555 4
2556 2
2557 3
2558 5
2559 4
2560 3
2561 2
2562 1
2563 3
2564 3
2565 1
2566 3
2567 4
2568 3
2569 2
2570 2
2571 5
2572 2
2573 1
2574 3
2575 1
2576 2
2577 3
2578 3
2579 4
2580 5
2581 1
2582 3
2583 2
2584 5
2585 5
2586 4
2587 3
2588 5
2589 3
2590 4
2591 4
2592 6
2593 2
2594 6
2595 5
2596 6
2597 5
2598 5
2599 5
2600 4
2601 4
2602 3
2603 6
2604 4
2605 5
2606 4
2607 6
2608 3
2609 3
2610 3
2611 3
2612 3
2613 4
2614 3
2615 4
2616 6
2617 8
2618 4
2619 3
2620 5
2621 4
2622 5
2623 6
2624 4
2625 3
2626 3
2627 6
2628 1
2629 3
2630 5
2631 7
2632 2
2633 5
2634 4
2635 4
2636 5
2637 3
2638 3
2639 3
2640 6
2641 2
2642 6
2643 5
2644 7
2645 4
2646 5
2647 6
2648 4
2649 4
2650 4
2651 3
2652 5
2653 3
2654 3
2655 3
2656 4
2657 2
2658 3
2659 5
2660 5
2661 4
2662 2
2663 6
2664 6
2665 7
2666 4
2667 5
2668 3
2669 4
2670 4
2671 5
2672 3
2673 2
2674 4
2675 3
2676 4
2677 6
2678 2
2679 2
2680 5
2681 2
2682 1
2683 3
2684 1
2685 6
2686 4
2687 4
2688 4
2689 2
2690 4
2691 6
2692 2
2693 7
2694 5
2695 5
2696 1
2697 5
2698 3
2699 4
2700 4
2701 2
2702 5
2703 6
2704 3
2705 2
2706 2
2707 3
2708 5
2709 5
2710 3
2711 1
2712 5
2713 4
2714 3
2715 3
2716 3
2717 3
2718 4
2719 3
2720 3
2721 3
2722 3
2723 2
2724 3
2725 7
2726 2
2727 3
2728 4
2729 2
2730 4
2731 4
2732 2
2733 4
2734 2
2735 6
2736 2
2737 4
2738 4
2739 6
2740 3
2741 2
2742 5
2743 3
2744 2
2745 4
2746 6
2747 4
2748 3
2749 7
2750 3
2751 3
2752 5
2753 3
2754 4
2755 3
2756 5
2757 5
2758 1
2759 4
2760 3
2761 5
2762 2
2763 1
2764 6
2765 6
2766 2
2767 2
2768 8
2769 9
2770 3
2771 4
2772 1
2773 3
2774 2
2775 3
2776 3
2777 7
2778 6
2779 6
2780 4
2781 4
2782 4
2783 4
2784 3
2785 3
2786 6
2787 5
2788 7
2789 4
2790 3
2791 7
2792 6
2793 1
2794 4
2795 5
2796 1
2797 2
2798 7
2799 2
2800 1
2801 5
2802 3
2803 5
2804 6
2805 4
2806 3
2807 4
2808 5
2809 5
2810 5
2811 5
2812 6
2813 2
2814 3
2815 4
2816 6
2817 6
2818 5
2819 2
2820 2
2821 4
2822 5
2823 5
2824 1
2825 7
2826 2
2827 4
2828 6
2829 5
2830 5
2831 2
2832 6
2833 2
2834 5
2835 2
2836 4
2837 1
2838 2
2839 3
2840 4
2841 3
2842 2
2843 6
2844 4
2845 2
2846 5
2847 6
2848 3
2849 4
2850 3
2851 3
2852 4
2853 4
2854 7
2855 8
2856 3
2857 4
2858 2
2859 2
2860 5
2861 4
2862 1
2863 4
2864 4
2865 3
2866 1
2867 2
2868 2
2869 0
2870 1
2871 1
2872 6
2873 2
2874 3
2875 4
2876 4
2877 4
2878 3
2879 4
2880 4
2881 4
2882 9
2883 3
2884 3
2885 4
2886 2
2887 3
2888 6
2889 4
2890 2
2891 5
2892 3
2893 4
2894 3
2895 3
2896 0
2897 1
2898 2
2899 7
2900 2
2901 4
2902 4
2903 4
2904 2
2905 6
2906 2
2907 1
2908 4
2909 5
2910 2
2911 2
2912 2
2913 3
2914 1
2915 7
2916 6
2917 5
2918 4
2919 6
2920 6
2921 3
2922 2
2923 8
2924 4
2925 3
2926 3
2927 4
2928 1
2929 1
2930 4
2931 1
2932 2
2933 2
2934 3
2935 0
2936 1
2937 3
2938 2
2939 3
2940 1
2941 2
2942 0
2943 1
2944 2
2945 1
2946 1
2947 2
2948 1
2949 3
2950 3
2951 3
2952 2
2953 2
2954 4
2955 2
2956 1
2957 3
2958 2
2959 4
2960 3
2961 2
2962 3
2963 0
2964 2
2965 3
2966 1
2967 4
2968 3
2969 6
2970 3
2971 1
2972 1
2973 3
2974 0
2975 2
2976 2
2977 1
2978 3
2979 1
2980 2
2981 1
2982 1
2983 5
2984 4
2985 1
2986 1
2987 4
2988 0
2989 3
2990 1
2991 4
2992 6
2993 2
2994 4
2995 3
2996 4
2997 1
2998 5
2999 1
3000 5
3001 5
3002 4
3003 2
3004 6
3005 4
3006 5
3007 4
3008 3
3009 4
3010 5
3011 4
3012 3
3013 1
3014 4
3015 2
3016 5
3017 1
3018 4
3019 3
3020 4
3021 4
3022 8
3023 4
3024 2
3025 3
3026 2
3027 4
3028 3
3029 3
3030 2
3031 3
3032 3
3033 3
3034 4
3035 4
3036 1
3037 4
3038 2
3039 5
3040 2
3041 1
3042 2
3043 2
3044 3
3045 0
3046 2
3047 1
3048 5
3049 4
3050 5
3051 2
3052 1
3053 4
3054 1
3055 2
3056 1
3057 2
3058 6
3059 8
3060 2
3061 1
3062 2
3063 3
3064 6
3065 6
3066 2
3067 4
3068 3
3069 4
3070 3
3071 3
3072 3
3073 8
3074 3
3075 5
3076 3
3077 4
3078 4
3079 1
3080 3
3081 2
3082 2
3083 3
3084 8
3085 0
3086 4
3087 3
3088 0
3089 1
3090 3
3091 3
3092 3
3093 3
3094 6
3095 5
3096 4
3097 2
3098 5
3099 7
3100 4
3101 3
3102 3
3103 2
3104 4
3105 2
3106 4
3107 3
3108 5
3109 3
3110 3
3111 4
3112 6
3113 4
3114 5
3115 5
3116 5
3117 3
3118 1
3119 4
3120 3
3121 3
3122 3
3123 1
3124 2
3125 2
3126 2
3127 5
3128 4
3129 5
3130 3
3131 5
3132 6
3133 4
3134 1
3135 5
3136 3
3137 2
3138 4
3139 3
3140 3
3141 4
3142 4
3143 4
3144 1
3145 4
3146 3
3147 5
3148 5
3149 8
3150 3
3151 6
3152 5
3153 6
3154 1
3155 4
3156 6
3157 3
3158 6
3159 0
3160 6
3161 4
3162 4
3163 5
3164 2
3165 3
3166 5
3167 1
3168 7
3169 3
3170 4
3171 4
3172 4
3173 3
3174 4
3175 5
3176 4
3177 6
3178 4
3179 4
3180 5
3181 4
3182 5
3183 1
3184 5
3185 4
3186 2
3187 5
3188 5
3189 4
3190 4
3191 5
3192 3
3193 3
3194 5
3195 4
3196 4
3197 3
3198 4
3199 5
3200 3
3201 4
3202 1
3203 2
3204 0
3205 2
3206 2
3207 1
3208 2
3209 0
3210 4
3211 2
3212 3
3213 7
3214 3
3215 3
3216 3
3217 5
3218 2
3219 4
3220 5
3221 2
3222 2
3223 3
3224 3
3225 6
3226 0
3227 2
3228 4
3229 7
3230 6
3231 3
3232 6
3233 6
3234 4
3235 3
3236 3
3237 4
3238 4
3239 5
3240 4
3241 3
3242 1
3243 4
3244 3
3245 4
3246 2
3247 3
3248 3
3249 3
3250 2
3251 3
3252 3
3253 3
3254 5
3255 5
3256 6
3257 2
3258 2
3259 2
3260 5
3261 4
3262 4
3263 4
3264 4
3265 6
3266 4
3267 2
3268 4
3269 3
3270 3
3271 4
3272 6
3273 2
3274 5
3275 6
3276 3
3277 2
3278 2
3279 5
3280 4
3281 6
3282 2
3283 3
3284 0
3285 4
3286 3
3287 4
3288 7
3289 0
3290 1
3291 5
3292 2
3293 3
3294 3
3295 5
3296 5
3297 5
3298 4
3299 4
3300 6
3301 5
3302 5
3303 3
3304 4
3305 4
3306 4
3307 5
3308 6
3309 5
3310 3
3311 3
3312 6
3313 4
3314 5
3315 6
3316 5
3317 3
3318 6
3319 4
3320 3
3321 5
3322 3
3323 7
3324 5
3325 5
3326 4
3327 2
3328 7
3329 4
3330 2
3331 5
3332 6
3333 4
3334 5
3335 6
3336 4
3337 6
3338 6
3339 4
3340 5
3341 5
3342 5
3343 3
3344 1
3345 7
3346 3
3347 1
3348 5
3349 2
3350 4
3351 6
3352 4
3353 2
3354 6
3355 3
3356 5
3357 2
3358 5
3359 5
3360 6
3361 6
3362 3
3363 2
3364 5
3365 4
3366 4
3367 4
3368 3
3369 5
3370 3
3371 2
3372 2
3373 2
3374 5
3375 6
3376 5
3377 5
3378 3
3379 2
3380 7
3381 4
3382 5
3383 5
3384 2
3385 4
3386 1
3387 2
3388 3
3389 4
3390 3
3391 6
3392 5
3393 2
3394 1
3395 3
3396 2
3397 5
3398 4
3399 3
3400 3
3401 4
3402 3
3403 3
3404 3
3405 2
3406 3
3407 2
3408 3
3409 4
3410 6
3411 2
3412 4
3413 4
3414 3
3415 3
3416 5
3417 5
3418 4
3419 3
3420 4
3421 6
3422 3
3423 2
3424 7
3425 4
3426 3
3427 0
3428 4
3429 1
3430 3
3431 3
3432 2
3433 6
3434 4
3435 3
3436 5
3437 5
3438 7
3439 7
3440 7
3441 5
3442 4
3443 5
3444 4
3445 6
3446 3
3447 5
3448 5
3449 3
3450 6
3451 1
3452 2
3453 2
3454 5
3455 4
3456 3
3457 4
3458 5
3459 3
3460 6
3461 3
3462 1
3463 4
3464 2
3465 3
3466 5
3467 4
3468 4
3469 5
3470 5
3471 2
3472 6
3473 1
3474 3
3475 3
3476 8
3477 5
3478 3
3479 3
3480 7
3481 6
3482 6
3483 4
3484 4
3485 3
3486 3
3487 2
3488 3
3489 4
3490 7
3491 3
3492 6
3493 2
3494 4
3495 3
3496 4
3497 2
3498 3
3499 3
3500 2
3501 6
3502 2
3503 2
3504 1
3505 2
3506 3
3507 4
3508 2
3509 2
3510 5
3511 5
3512 2
3513 2
3514 3
3515 0
3516 2
3517 3
3518 4
3519 3
3520 5
3521 4
3522 3
3523 0
3524 5
3525 4
3526 4
3527 4
3528 3
3529 4
3530 3
3531 1
3532 3
3533 5
3534 5
3535 7
3536 3
3537 4
3538 6
3539 3
3540 3
3541 6
3542 3
3543 5
3544 4
3545 5
3546 5
3547 3
3548 6
3549 2
3550 5
3551 3
3552 3
3553 5
3554 2
3555 3
3556 7
3557 6
3558 2
3559 1
3560 5
3561 1
3562 3
3563 7
3564 6
3565 4
3566 5
3567 4
3568 5
3569 3
3570 3
3571 6
3572 3
3573 6
3574 2
3575 3
3576 7
3577 3
3578 3
3579 4
3580 1
3581 4
3582 3
3583 4
3584 2
3585 2
3586 3
3587 2
3588 5
3589 4
3590 2
3591 5
3592 4
3593 6
3594 6
3595 2
3596 4
3597 2
3598 2
3599 4
3600 1
3601 3
3602 1
3603 4
3604 0
3605 2
3606 2
3607 1
3608 5
3609 3
3610 2
3611 3
3612 5
3613 4
3614 2
3615 2
3616 2
3617 4
3618 5
3619 7
3620 2
3621 2
3622 4
3623 1
3624 3
3625 3
3626 2
3627 4
3628 5
3629 4
3630 6
3631 5
3632 4
3633 6
3634 6
3635 2
3636 3
3637 4
3638 1
3639 2
3640 6
3641 3
3642 5
3643 2
3644 3
3645 2
3646 1
3647 5
3648 4
3649 4
3650 5
3651 4
3652 2
3653 6
3654 6
3655 5
3656 4
3657 3
3658 5
3659 1
3660 2
3661 5
3662 4
3663 1
3664 1
3665 2
3666 4
3667 1
3668 3
3669 3
3670 3
3671 1
3672 5
3673 3
3674 2
3675 2
3676 5
3677 4
3678 4
3679 3
3680 5
3681 1
3682 2
3683 1
3684 6
3685 4
3686 1
3687 1
3688 4
3689 6
3690 7
3691 4
3692 6
3693 3
3694 4
3695 6
3696 5
3697 4
3698 4
3699 5
3700 4
3701 4
3702 7
3703 5
3704 4
3705 2
3706 7
3707 3
3708 3
3709 4
3710 3
3711 5
3712 1
3713 0
3714 5
3715 3
3716 4
3717 2
3718 4
3719 4
3720 1
3721 6
3722 5
3723 4
3724 6
3725 2
3726 5
3727 7
3728 4
3729 5
3730 5
3731 4
3732 3
3733 2
3734 6
3735 6
3736 6
3737 3
3738 3
3739 4
3740 2
3741 3
3742 3
3743 5
3744 2
3745 3
3746 5
3747 3
3748 4
3749 4
3750 1
3751 7
3752 3
3753 2
3754 2
3755 2
3756 2
3757 4
3758 2
3759 3
3760 3
3761 2
3762 2
3763 5
3764 5
3765 4
3766 5
3767 6
3768 2
3769 4
3770 3
3771 2
3772 5
3773 6
3774 3
3775 5
3776 5
3777 6
3778 4
3779 3
3780 4
3781 2
3782 3
3783 6
3784 1
3785 6
3786 3
3787 3
3788 5
3789 3
3790 5
3791 5
3792 4
3793 2
3794 4
3795 2
3796 3
3797 4
3798 3
3799 4
3800 2
3801 2
3802 1
3803 3
3804 3
3805 4
3806 3
3807 1
3808 1
3809 5
3810 2
3811 5
3812 4
3813 6
3814 4
3815 3
3816 2
3817 2
3818 6
3819 4
3820 4
3821 6
3822 5
3823 3
3824 2
3825 0
3826 2
3827 7
3828 3
3829 4
3830 3
3831 2
3832 4
3833 5
3834 4
3835 1
3836 1
3837 1
3838 1
3839 4
3840 6
3841 0
3842 3
3843 5
3844 5
3845 4
3846 0
3847 6
3848 3
3849 1
3850 4
3851 3
3852 2
3853 5
3854 6
3855 2
3856 5
3857 4
3858 4
3859 2
3860 5
3861 4
3862 2
3863 3
3864 4
3865 3
3866 3
3867 1
3868 6
3869 3
3870 4
3871 3
3872 5
3873 2
3874 4
3875 3
3876 3
3877 2
3878 4
3879 2
3880 3
3881 4
3882 4
3883 1
3884 5
3885 3
3886 5
3887 4
3888 5
3889 5
3890 3
3891 8
3892 4
3893 6
3894 2
3895 3
3896 2
3897 4
3898 1
3899 7
3900 5
3901 3
3902 3
3903 5
3904 4
3905 0
3906 5
3907 3
3908 4
3909 6
3910 4
3911 0
3912 4
3913 3
3914 4
3915 7
3916 6
3917 5
3918 5
3919 3
3920 6
3921 4
3922 7
3923 5
3924 5
3925 7
3926 5
3927 6
3928 4
3929 1
3930 5
3931 4
3932 5
3933 4
3934 2
3935 2
3936 5
3937 4
3938 3
3939 3
3940 3
3941 1
3942 4
3943 4
3944 3
3945 4
3946 6
3947 3
3948 5
3949 3
3950 6
3951 4
3952 6
3953 2
3954 3
3955 2
3956 3
3957 5
3958 4
3959 6
3960 6
3961 2
3962 2
3963 4
3964 3
3965 3
3966 6
3967 3
3968 2
3969 7
3970 2
3971 2
3972 3
3973 2
3974 5
3975 0
3976 1
3977 5
3978 2
3979 5
3980 4
3981 5
3982 2
3983 6
3984 3
3985 3
3986 3
3987 8
3988 4
3989 2
3990 8
3991 6
3992 4
3993 2
3994 5
3995 1
3996 8
3997 3
3998 3
3999 5
4000 5
4001 3
4002 1
4003 2
4004 2
4005 5
4006 4
4007 5
4008 1
4009 1
4010 4
4011 2
4012 4
4013 2
4014 5
4015 3
4016 4
4017 6
4018 4
4019 2
4020 2
4021 4
4022 5
4023 2
4024 6
4025 4
4026 4
4027 2
4028 3
4029 4
4030 5
4031 3
4032 5
4033 8
4034 5
4035 5
4036 5
4037 2
4038 2
4039 3
4040 4
4041 3
4042 3
4043 3
4044 5
4045 3
4046 6
4047 2
4048 3
4049 5
4050 5
4051 3
4052 3
4053 2
4054 4
4055 5
4056 2
4057 4
4058 3
4059 3
4060 5
4061 3
4062 3
4063 6
4064 5
4065 3
4066 2
4067 7
4068 2
4069 5
4070 4
4071 6
4072 8
4073 4
4074 3
4075 0
4076 5
4077 3
4078 5
4079 4
4080 4
4081 2
4082 6
4083 3
4084 6
4085 5
4086 1
4087 8
4088 4
4089 2
4090 3
4091 2
4092 3
4093 5
4094 3
4095 5
4096 3
4097 6
4098 4
4099 3
4100 1
4101 4
4102 4
4103 2
4104 2
4105 2
4106 3
4107 2
4108 2
4109 3
4110 2
4111 1
4112 2
4113 4
4114 2
4115 2
4116 3
4117 1
4118 4
4119 2
4120 2
4121 1
4122 4
4123 2
4124 4
4125 3
4126 6
4127 4
4128 3
4129 1
4130 3
4131 3
4132 3
4133 4
4134 3
4135 2
4136 3
4137 2
4138 1
4139 3
4140 2
4141 2
4142 2
4143 3
4144 3
4145 3
4146 5
4147 4
4148 4
4149 2
4150 2
4151 1
4152 0
4153 3
4154 3
4155 2
4156 3
4157 1
4158 3
4159 7
4160 2
4161 2
4162 3
4163 3
4164 2
4165 1
4166 2
4167 2
4168 1
4169 3
4170 2
4171 4
4172 3
4173 4
4174 2
4175 4
4176 1
4177 2
4178 1
4179 2
4180 2
4181 0
4182 1
4183 2
4184 2
4185 2
4186 2
4187 0
4188 5
4189 0
4190 3
4191 5
4192 4
4193 4
4194 3
4195 4
4196 6
4197 4
4198 3
4199 3
4200 2
4201 5
4202 2
4203 1
4204 2
4205 2
4206 3
4207 3
4208 2
4209 4
4210 2
4211 3
4212 1
4213 2
4214 5
4215 3
4216 2
4217 5
4218 2
4219 1
4220 4
4221 3
4222 2
4223 1
4224 2
4225 3
4226 2
4227 2
4228 2
4229 2
4230 4
4231 2
4232 3
4233 3
4234 5
4235 2
4236 1
4237 4
4238 3
4239 5
4240 3
4241 3
4242 4
4243 3
4244 3
4245 5
4246 2
4247 5
4248 4
4249 3
4250 3
4251 1
4252 5
4253 2
4254 3
4255 4
4256 3
4257 4
4258 5
4259 2
4260 3
4261 2
4262 1
4263 3
4264 4
4265 5
4266 5
4267 0
4268 2
4269 2
4270 3
4271 3
4272 4
4273 3
4274 1
4275 3
4276 2
4277 3
4278 4
4279 6
4280 6
4281 4
4282 3
4283 6
4284 3
4285 2
4286 2
4287 2
4288 1
4289 4
4290 5
4291 6
4292 3
4293 6
4294 2
4295 3
4296 0
4297 2
4298 1
4299 3
4300 3
4301 1
4302 1
4303 3
4304 3
4305 4
4306 6
4307 3
4308 3
4309 4
4310 1
4311 1
4312 2
4313 3
4314 3
4315 3
4316 2
4317 2
4318 2
4319 2
4320 1
4321 3
4322 5
4323 3
4324 4
4325 4
4326 3
4327 3
4328 5
4329 3
4330 4
4331 2
4332 5
4333 3
4334 3
4335 2
4336 4
4337 4
4338 4
4339 4
4340 4
4341 2
4342 4
4343 2
4344 3
4345 6
4346 3
4347 2
4348 2
4349 3
4350 3
4351 6
4352 1
4353 4
4354 6
4355 6
4356 2
4357 7
4358 5
4359 4
4360 6
4361 7
4362 5
4363 4
4364 3
4365 6
4366 4
4367 3
4368 4
4369 5
4370 2
4371 4
4372 1
4373 2
4374 2
4375 4
4376 4
4377 2
4378 1
4379 7
4380 4
4381 4
4382 7
4383 3
4384 4
4385 1
4386 2
4387 7
4388 3
4389 1
4390 2
4391 3
4392 3
4393 2
4394 1
4395 0
4396 6
4397 3
4398 4
4399 5
4400 3
4401 1
4402 1
4403 1
4404 0
4405 2
4406 2
4407 2
4408 6
4409 7
4410 3
4411 3
4412 3
4413 4
4414 1
4415 5
4416 7
4417 1
4418 3
4419 3
4420 3
4421 5
4422 6
4423 4
4424 3
4425 4
4426 3
4427 6
4428 6
4429 3
4430 1
4431 4
4432 7
4433 3
4434 4
4435 5
4436 6
4437 2
4438 1
4439 2
4440 4
4441 2
4442 6
4443 1
4444 5
4445 4
4446 4
4447 6
4448 3
4449 6
4450 3
4451 2
4452 4
4453 3
4454 7
4455 6
4456 2
4457 0
4458 3
4459 0
4460 2
4461 2
4462 2
4463 2
4464 3
4465 2
4466 2
4467 3
4468 1
4469 1
4470 2
4471 3
4472 7
4473 6
4474 4
4475 1
4476 2
4477 6
4478 3
4479 4
4480 4
4481 1
4482 2
4483 3
4484 2
4485 6
4486 2
4487 1
4488 0
4489 2
4490 3
4491 1
4492 3
4493 3
4494 5
4495 4
4496 6
4497 3
4498 4
4499 4
4500 4
4501 2
4502 4
4503 5
4504 4
4505 3
4506 3
4507 3
4508 3
4509 2
4510 5
4511 5
4512 4
4513 4
4514 5
4515 3
4516 3
4517 4
4518 7
4519 4
4520 4
4521 2
4522 7
4523 5
4524 3
4525 4
4526 5
4527 4
4528 5
4529 3
4530 4
4531 4
4532 3
4533 3
4534 4
4535 5
4536 6
4537 0
4538 2
4539 0
4540 4
4541 8
4542 4
4543 2
4544 3
4545 5
4546 4
4547 5
4548 5
4549 6
4550 4
4551 6
4552 9
4553 4
4554 2
4555 5
4556 4
4557 3
4558 4
4559 1
4560 7
4561 5
4562 7
4563 3
4564 7
4565 2
4566 4
4567 4
4568 6
4569 4
4570 4
4571 6
4572 4
4573 2
4574 4
4575 3
4576 3
4577 7
4578 5
4579 3
4580 3
4581 4
4582 5
4583 5
4584 4
4585 2
4586 4
4587 5
4588 4
4589 2
4590 2
4591 8
4592 3
4593 2
4594 5
4595 4
4596 5
4597 4
4598 3
4599 3
4600 2
4601 3
4602 3
4603 5
4604 3
4605 1
4606 4
4607 1
4608 8
4609 6
4610 2
4611 5
4612 4
4613 7
4614 6
4615 6
4616 3
4617 4
4618 6
4619 6
4620 3
4621 4
4622 3
4623 2
4624 4
4625 4
4626 3
4627 2
4628 3
4629 4
4630 4
4631 5
4632 4
4633 4
4634 8
4635 4
4636 2
4637 2
4638 7
4639 2
4640 5
4641 5
4642 5
4643 3
4644 6
4645 3
4646 5
4647 5
4648 5
4649 2
4650 5
4651 6
4652 6
4653 4
4654 5
4655 3
4656 3
4657 2
4658 2
4659 4
4660 5
4661 7
4662 9
4663 6
4664 3
4665 5
4666 4
4667 4
4668 3
4669 5
4670 5
4671 4
4672 2
4673 5
4674 6
4675 8
4676 5
4677 5
4678 6
4679 6
4680 5
4681 3
4682 4
4683 4
4684 5
4685 3
4686 4
4687 2
4688 4
4689 3
4690 5
4691 6
4692 4
4693 6
4694 5
4695 4
4696 4
4697 3
4698 4
4699 2
4700 2
4701 5
4702 5
4703 5
4704 4
4705 5
4706 4
4707 2
4708 5
4709 3
4710 5
4711 3
4712 4
4713 3
4714 3
4715 3
4716 7
4717 4
4718 2
4719 4
4720 5
4721 8
4722 4
4723 4
4724 5
4725 4
4726 4
4727 3
4728 3
4729 4
4730 6
4731 2
4732 5
4733 3
4734 2
4735 6
4736 3
4737 1
4738 4
4739 2
4740 2
4741 3
4742 2
4743 2
4744 0
4745 4
4746 4
4747 1
4748 4
4749 3
4750 5
4751 1
4752 5
4753 2
4754 6
4755 3
4756 5
4757 6
4758 3
4759 4
4760 5
4761 0
4762 8
4763 4
4764 3
4765 6
4766 3
4767 4
4768 6
4769 0
4770 4
4771 5
4772 5
4773 6
4774 4
4775 4
4776 2
4777 3
4778 5
4779 3
4780 4
4781 5
4782 1
4783 3
4784 1
4785 4
4786 3
4787 5
4788 1
4789 2
4790 4
4791 3
4792 6
4793 2
4794 1
4795 5
4796 6
4797 5
4798 3
4799 4
4800 4
4801 2
4802 4
4803 3
4804 3
4805 7
4806 6
4807 6
4808 4
4809 5
4810 4
4811 3
4812 3
4813 4
4814 5
4815 1
4816 6
4817 5
4818 5
4819 6
4820 1
4821 6
4822 4
4823 3
4824 3
4825 1
4826 5
4827 4
4828 3
4829 3
4830 7
4831 4
4832 7
4833 1
4834 3
4835 4
4836 4
4837 4
4838 5
4839 3
4840 4
4841 5
4842 3
4843 5
4844 6
4845 1
4846 4
4847 2
4848 5
4849 4
4850 5
4851 4
4852 3
4853 2
4854 4
4855 4
4856 2
4857 5
4858 4
4859 3
4860 5
4861 4
4862 3
4863 5
4864 3
4865 4
4866 5
4867 6
4868 6
4869 5
4870 7
4871 5
4872 3
4873 4
4874 3
4875 0
4876 4
4877 4
4878 7
4879 2
4880 5
4881 1
4882 3
4883 4
4884 2
4885 5
4886 4
4887 2
4888 4
4889 3
4890 6
4891 2
4892 6
4893 6
4894 1
4895 5
4896 6
4897 6
4898 6
4899 8
4900 6
4901 4
4902 4
4903 4
4904 3
4905 0
4906 4
4907 3
4908 3
4909 3
4910 3
4911 5
4912 5
4913 1
4914 3
4915 2
4916 4
4917 3
4918 4
4919 6
4920 4
4921 2
4922 4
4923 2
4924 2
4925 3
4926 6
4927 5
4928 6
4929 6
4930 4
4931 5
4932 3
4933 6
4934 4
4935 3
4936 4
4937 4
4938 2
4939 3
4940 4
4941 2
4942 1
4943 4
4944 3
4945 6
4946 7
4947 4
4948 6
4949 6
4950 1
4951 4
4952 8
4953 6
4954 4
4955 4
4956 6
4957 7
4958 3
4959 5
4960 4
4961 4
4962 4
4963 2
4964 1
4965 2
4966 2
4967 4
4968 7
4969 4
4970 1
4971 4
4972 8
4973 7
4974 7
4975 8
4976 9
4977 6
4978 2
4979 7
4980 3
4981 4
4982 6
4983 2
4984 4
4985 4
4986 6
4987 3
4988 3
4989 1
4990 8
4991 4
4992 6
4993 5
4994 6
4995 6
4996 6
4997 5
4998 7
4999 3
5000 5
5001 4
5002 4
5003 2
5004 4
5005 1
5006 2
5007 0
5008 0
5009 1
5010 6
5011 3
5012 5
5013 1
5014 3
5015 2
5016 4
5017 2
5018 3
5019 4
5020 4
5021 2
5022 3
5023 1
5024 3
5025 2
5026 3
5027 4
5028 6
5029 3
5030 0
5031 2
5032 1
5033 2
5034 2
5035 1
5036 5
5037 4
5038 4
5039 4
5040 3
5041 3
5042 3
5043 4
5044 6
5045 5
5046 3
5047 3
5048 6
5049 4
5050 6
5051 3
5052 5
5053 5
5054 3
5055 6
5056 6
5057 3
5058 5
5059 3
5060 3
5061 3
5062 6
5063 4
5064 2
5065 4
5066 6
5067 5
5068 4
5069 4
5070 4
5071 4
5072 3
5073 2
5074 5
5075 3
5076 2
5077 4
5078 1
5079 4
5080 4
5081 4
5082 4
5083 2
5084 6
5085 4
5086 5
5087 2
5088 5
5089 4
5090 1
5091 5
5092 4
5093 6
5094 2
5095 2
5096 5
5097 4
5098 1
5099 5
5100 4
5101 2
5102 4
5103 3
5104 7
5105 4
5106 5
5107 1
5108 5
5109 3
5110 3
5111 2
5112 3
5113 3
5114 7
5115 5
5116 5
5117 4
5118 4
5119 0
5120 5
5121 2
5122 4
5123 5
5124 5
5125 3
5126 3
5127 2
5128 0
5129 4
5130 3
5131 2
5132 2
5133 4
5134 5
5135 4
5136 1
5137 2
5138 1
5139 6
5140 4
5141 4
5142 0
5143 4
5144 4
5145 1
5146 7
5147 2
5148 5
5149 3
5150 5
5151 3
5152 5
5153 6
5154 5
5155 4
5156 4
5157 5
5158 3
5159 4
5160 6
5161 2
5162 0
5163 1
5164 5
5165 3
5166 2
5167 2
5168 4
5169 4
5170 1
5171 2
5172 6
5173 1
5174 3
5175 5
5176 7
5177 2
5178 2
5179 3
5180 1
5181 4
5182 5
5183 2
5184 4
5185 5
5186 3
5187 6
5188 3
5189 5
5190 2
5191 4
5192 3
5193 4
5194 2
5195 2
5196 2
5197 1
5198 2
5199 2
5200 3
5201 2
5202 3
5203 4
5204 3
5205 2
5206 4
5207 2
5208 2
5209 4
5210 4
5211 2
5212 4
5213 3
5214 7
5215 8
5216 3
5217 5
5218 3
5219 2
5220 4
5221 2
5222 3
5223 4
5224 4
5225 4
5226 4
5227 3
5228 3
5229 0
5230 1
5231 3
5232 4
5233 2
5234 4
5235 3
5236 7
5237 4
5238 1
5239 4
5240 5
5241 2
5242 4
5243 4
5244 3
5245 3
5246 4
5247 5
5248 4
5249 6
5250 3
5251 4
5252 3
5253 3
5254 4
5255 3
5256 5
5257 1
5258 4
5259 2
5260 3
5261 4
5262 2
5263 3
5264 3
5265 2
5266 3
5267 1
5268 2
5269 3
5270 3
5271 4
5272 3
5273 4
5274 4
5275 2
5276 2
5277 5
5278 3
5279 6
5280 1
5281 2
5282 2
5283 4
5284 4
5285 3
5286 5
5287 1
5288 5
5289 1
5290 7
5291 1
5292 4
5293 1
5294 4
5295 1
5296 3
5297 6
5298 1
5299 4
5300 4
5301 2
5302 2
5303 6
5304 2
5305 1
5306 2
5307 5
5308 7
5309 5
5310 4
5311 3
5312 5
5313 6
5314 8
5315 6
5316 2
5317 6
5318 1
5319 6
5320 3
5321 4
5322 2
5323 1
5324 3
5325 5
5326 5
5327 5
5328 2
5329 2
5330 2
5331 2
5332 8
5333 4
5334 6
5335 4
5336 4
5337 2
5338 2
5339 5
5340 4
5341 5
5342 3
5343 6
5344 3
5345 6
5346 3
5347 7
5348 9
5349 5
5350 4
5351 3
5352 4
5353 0
5354 3
5355 4
5356 5
5357 7
5358 1
5359 3
5360 4
5361 5
5362 3
5363 6
5364 1
5365 2
5366 1
5367 1
5368 4
5369 0
5370 1
5371 2
5372 3
5373 3
5374 5
5375 1
5376 3
5377 2
5378 4
5379 1
5380 1
5381 0
5382 0
5383 1
5384 3
5385 2
5386 3
5387 3
5388 4
5389 4
5390 4
5391 2
5392 2
5393 3
5394 3
5395 5
5396 0
5397 2
5398 3
5399 2
5400 2
5401 2
5402 3
5403 3
5404 1
5405 5
5406 2
5407 5
5408 0
5409 4
5410 0
5411 2
5412 3
5413 4
5414 1
5415 2
5416 2
5417 2
5418 4
5419 2
5420 1
5421 2
5422 3
5423 4
5424 1
5425 1
5426 1
5427 3
5428 2
5429 1
5430 1
5431 1
5432 0
5433 5
5434 4
5435 2
5436 2
5437 2
5438 1
5439 6
5440 6
5441 1
5442 3
5443 5
5444 2
5445 4
5446 2
5447 1
5448 4
5449 2
5450 3
5451 0
5452 2
5453 4
5454 2
5455 4
5456 4
5457 2
5458 3
5459 2
5460 0
5461 3
5462 4
5463 3
5464 2
5465 0
5466 0
5467 1
5468 1
5469 5
5470 4
5471 3
5472 4
5473 2
5474 6
5475 2
5476 3
5477 2
5478 8
5479 4
5480 3
5481 5
5482 4
5483 3
5484 2
5485 3
5486 2
5487 1
5488 4
5489 3
5490 2
5491 4
5492 1
5493 1
5494 2
5495 3
5496 3
5497 0
5498 1
5499 1
5500 1
5501 2
5502 0
5503 1
5504 2
5505 2
5506 1
5507 0
5508 1
5509 2
5510 3
5511 0
5512 3
5513 3
5514 2
5515 1
5516 1
5517 1
5518 0
5519 1
5520 1
5521 2
5522 3
5523 5
5524 1
5525 0
5526 6
5527 2
5528 5
5529 1
5530 2
5531 1
5532 4
5533 1
5534 1
5535 3
5536 2
5537 1
5538 3
5539 2
5540 1
5541 3
5542 1
5543 3
5544 0
5545 1
5546 1
5547 3
5548 2
5549 4
5550 3
5551 2
5552 2
5553 0
5554 1
5555 1
5556 0
5557 3
5558 1
5559 3
5560 3
5561 4
5562 3
5563 3
5564 1
5565 3
5566 1
5567 2
5568 0
5569 2
5570 4
5571 4
5572 1
5573 3
5574 1
5575 3
5576 0
5577 0
5578 3
5579 2
5580 2
5581 2
5582 1
5583 1
5584 1
5585 1
5586 2
5587 3
5588 1
5589 2
5590 1
5591 4
5592 3
5593 5
5594 1
5595 3
5596 1
5597 2
5598 3
5599 2
5600 4
5601 1
5602 2
5603 1
5604 1
5605 2
5606 2
5607 3
5608 1
5609 3
5610 4
5611 1
5612 3
5613 3
5614 6
5615 3
5616 0
5617 3
5618 2
5619 3
5620 5
5621 3
5622 2
5623 1
5624 4
5625 3
5626 1
5627 4
5628 3
5629 2
5630 1
5631 5
5632 3
5633 1
5634 3
5635 2
5636 2
5637 2
5638 2
5639 2
5640 1
5641 5
5642 3
5643 2
5644 4
5645 4
5646 1
5647 2
5648 4
5649 4
5650 6
5651 1
5652 3
5653 1
5654 4
5655 0
5656 3
5657 2
5658 2
5659 0
5660 1
5661 4
5662 1
5663 1
5664 3
5665 7
5666 2
5667 0
5668 1
5669 1
5670 5
5671 2
5672 1
5673 3
5674 4
5675 2
5676 4
5677 3
5678 1
5679 1
5680 4
5681 4
5682 3
5683 5
5684 0
5685 5
5686 5
5687 2
5688 4
5689 1
5690 4
5691 5
5692 4
5693 4
5694 3
5695 1
5696 3
5697 1
5698 2
5699 6
5700 4
5701 3
5702 4
5703 2
5704 2
5705 5
5706 2
5707 4
5708 4
5709 2
5710 1
5711 4
5712 1
5713 2
5714 2
5715 1
5716 7
5717 4
5718 6
5719 3
5720 1
5721 2
5722 3
5723 1
5724 2
5725 3
5726 1
5727 1
5728 3
5729 4
5730 2
5731 3
5732 2
5733 3
5734 6
5735 2
5736 4
5737 2
5738 3
5739 3
5740 6
5741 5
5742 2
5743 4
5744 5
5745 5
5746 4
5747 3
5748 4
5749 1
5750 3
5751 1
5752 3
5753 3
5754 5
5755 3
5756 3
5757 1
5758 1
5759 4
5760 1
5761 3
5762 3
5763 3
5764 3
5765 2
5766 1
5767 2
5768 3
5769 4
5770 3
5771 2
5772 3
5773 4
5774 3
5775 3
5776 3
5777 5
5778 5
5779 5
5780 1
5781 4
5782 1
5783 8
5784 3
5785 1
5786 3
5787 3
5788 3
5789 3
5790 5
5791 0
5792 1
5793 1
5794 1
5795 2
5796 2
5797 4
5798 1
5799 3
5800 4
5801 3
5802 4
5803 2
5804 5
5805 5
5806 1
5807 2
5808 4
5809 1
5810 3
5811 4
5812 2
5813 5
5814 3
5815 1
5816 6
5817 2
5818 2
5819 1
5820 3
5821 3
5822 0
5823 3
5824 3
5825 2
5826 3
5827 3
5828 3
5829 3
5830 4
5831 1
5832 0
5833 0
5834 5
5835 2
5836 2
5837 1
5838 3
5839 2
5840 1
5841 2
5842 2
5843 4
5844 4
5845 1
5846 3
5847 4
5848 2
5849 3
5850 2
5851 4
5852 4
5853 2
5854 1
5855 3
5856 1
5857 3
5858 4
5859 6
5860 5
5861 3
5862 2
5863 1
5864 5
5865 3
5866 4
5867 2
5868 3
5869 2
5870 3
5871 7
5872 2
5873 4
5874 4
5875 2
5876 2
5877 4
5878 0
5879 3
5880 1
5881 6
5882 4
5883 4
5884 7
5885 2
5886 3
5887 5
5888 4
5889 1
5890 5
5891 3
5892 5
5893 7
5894 6
5895 5
5896 1
5897 5
5898 6
5899 2
5900 3
5901 5
5902 3
5903 0
5904 1
5905 2
5906 3
5907 3
5908 4
5909 3
5910 1
5911 5
5912 3
5913 4
5914 3
5915 3
5916 1
5917 3
5918 5
5919 3
5920 5
5921 1
5922 2
5923 5
5924 7
5925 3
5926 5
5927 1
5928 6
5929 1
5930 5
5931 7
5932 3
5933 5
5934 5
5935 4
5936 4
5937 7
5938 8
5939 7
5940 5
5941 5
5942 2
5943 5
5944 6
5945 5
5946 3
5947 3
5948 4
5949 6
5950 5
5951 5
5952 5
5953 6
5954 3
5955 6
5956 3
5957 2
5958 4
5959 3
5960 3
5961 2
5962 5
5963 4
5964 4
5965 5
5966 5
5967 4
5968 4
5969 6
5970 5
5971 5
5972 4
5973 4
5974 4
5975 5
5976 5
5977 3
5978 4
5979 3
5980 4
5981 3
5982 4
5983 6
5984 1
5985 5
5986 4
5987 6
5988 3
5989 3
5990 3
5991 3
5992 4
5993 4
5994 1
5995 4
5996 7
5997 6
5998 4
5999 5
6000 5
6001 8
6002 5
6003 5
6004 3
6005 4
6006 6
6007 5
6008 4
6009 4
6010 2
6011 0
6012 1
6013 1
6014 4
6015 3
6016 3
6017 3
6018 2
6019 4
6020 6
6021 2
6022 5
6023 2
6024 5
6025 3
6026 2
6027 4
6028 4
6029 2
6030 2
6031 4
6032 3
6033 4
6034 5
6035 1
6036 3
6037 4
6038 2
6039 5
6040 1
6041 2
6042 3
6043 3
6044 1
6045 4
6046 4
6047 2
6048 3
6049 3
6050 7
6051 7
6052 3
6053 4
6054 2
6055 3
6056 4
6057 3
6058 5
6059 3
6060 1
6061 3
6062 3
6063 2
6064 3
6065 7
6066 5
6067 3
6068 6
6069 5
6070 3
6071 2
6072 4
6073 4
6074 4
6075 4
6076 4
6077 3
6078 5
6079 3
6080 5
6081 5
6082 1
6083 4
6084 6
6085 4
6086 4
6087 4
6088 4
6089 3
6090 3
6091 4
6092 6
6093 1
6094 5
6095 2
6096 3
6097 1
6098 5
6099 1
6100 3
6101 4
6102 3
6103 1
6104 2
6105 4
6106 4
6107 7
6108 3
6109 3
6110 5
6111 3
6112 5
6113 2
6114 3
6115 4
6116 4
6117 6
6118 7
6119 1
6120 8
6121 4
6122 3
6123 5
6124 4
6125 4
6126 5
6127 2
6128 3
6129 3
6130 5
6131 3
6132 7
6133 5
6134 5
6135 4
6136 1
6137 3
6138 5
6139 4
6140 3
6141 1
6142 2
6143 4
6144 2
6145 3
6146 4
6147 3
6148 1
6149 7
6150 5
6151 6
6152 2
6153 5
6154 3
6155 3
6156 4
6157 7
6158 3
6159 3
6160 3
6161 2
6162 2
6163 1
6164 2
6165 3
6166 2
6167 3
6168 3
6169 2
6170 6
6171 6
6172 3
6173 3
6174 4
6175 2
6176 6
6177 1
6178 4
6179 5
6180 5
6181 4
6182 2
6183 2
6184 3
6185 1
6186 4
6187 2
6188 2
6189 2
6190 2
6191 3
6192 4
6193 0
6194 3
6195 6
6196 2
6197 2
6198 2
6199 5
6200 5
6201 1
6202 1
6203 1
6204 5
6205 4
6206 5
6207 6
6208 2
6209 3
6210 2
6211 2
6212 4
6213 6
6214 2
6215 3
6216 4
6217 5
6218 4
6219 3
6220 4
6221 2
6222 5
6223 5
6224 3
6225 2
6226 2
6227 4
6228 3
6229 5
6230 2
6231 2
6232 4
6233 5
6234 3
6235 3
6236 2
6237 5
6238 3
6239 7
6240 3
6241 3
6242 5
6243 5
6244 3
6245 2
6246 1
6247 5
6248 3
6249 3
6250 2
6251 1
6252 0
6253 6
6254 4
6255 4
6256 1
6257 2
6258 1
6259 3
6260 3
6261 3
6262 5
6263 2
6264 5
6265 6
6266 2
6267 4
6268 5
6269 2
6270 3
6271 6
6272 4
6273 1
6274 3
6275 7
6276 1
6277 1
6278 6
6279 4
6280 3
6281 4
6282 4
6283 7
6284 5
6285 6
6286 4
6287 2
6288 5
6289 4
6290 1
6291 4
6292 3
6293 5
6294 4
6295 4
6296 5
6297 4
6298 5
6299 5
6300 3
6301 4
6302 5
6303 4
6304 5
6305 3
6306 3
6307 2
6308 4
6309 2
6310 6
6311 2
6312 7
6313 4
6314 5
6315 3
6316 3
6317 7
6318 4
6319 5
6320 2
6321 4
6322 8
6323 2
6324 3
6325 1
6326 2
6327 5
6328 2
6329 4
6330 3
6331 4
6332 1
6333 0
6334 3
6335 3
6336 2
6337 1
6338 0
6339 2
6340 2
6341 3
6342 3
6343 5
6344 3
6345 7
6346 4
6347 4
6348 4
6349 3
6350 4
6351 3
6352 5
6353 2
6354 5
6355 6
6356 1
6357 5
6358 3
6359 5
6360 4
6361 4
6362 4
6363 3
6364 5
6365 3
6366 3
6367 3
6368 4
6369 3
6370 1
6371 9
6372 3
6373 4
6374 5
6375 2
6376 5
6377 5
6378 5
6379 7
6380 4
6381 2
6382 0
6383 4
6384 4
6385 1
6386 5
6387 2
6388 2
6389 4
6390 4
6391 3
6392 4
6393 4
6394 5
6395 5
6396 5
6397 2
6398 2
6399 0
6400 3
6401 5
6402 4
6403 3
6404 3
6405 1
6406 1
6407 2
6408 2
6409 4
6410 5
6411 3
6412 3
6413 4
6414 2
6415 1
6416 3
6417 5
6418 5
6419 4
6420 2
6421 1
6422 4
6423 2
6424 2
6425 3
6426 2
6427 3
6428 1
6429 5
6430 3
6431 1
6432 1
6433 3
6434 2
6435 5
6436 8
6437 4
6438 4
6439 3
6440 2
6441 2
6442 4
6443 1
6444 4
6445 5
6446 2
6447 2
6448 2
6449 3
6450 4
6451 4
6452 2
6453 5
6454 4
6455 3
6456 3
6457 3
6458 2
6459 5
6460 4
6461 3
6462 1
6463 3
6464 4
6465 2
6466 4
6467 4
6468 2
6469 0
6470 3
6471 2
6472 4
6473 2
6474 1
6475 5
6476 2
6477 5
6478 4
6479 3
6480 2
6481 4
6482 3
6483 2
6484 4
6485 2
6486 6
6487 4
6488 3
6489 1
6490 3
6491 5
6492 3
6493 5
6494 1
6495 5
6496 4
6497 3
6498 7
6499 7
6500 3
6501 1
6502 3
6503 3
6504 3
6505 5
6506 4
6507 0
6508 3
6509 3
6510 4
6511 4
6512 6
6513 2
6514 5
6515 1
6516 2
6517 3
6518 4
6519 5
6520 3
6521 7
6522 4
6523 4
6524 1
6525 5
6526 2
6527 5
6528 1
6529 8
6530 6
6531 5
6532 1
6533 1
6534 6
6535 7
6536 2
6537 3
6538 3
6539 2
6540 4
6541 3
6542 3
6543 1
6544 5
6545 0
6546 5
6547 4
6548 5
6549 5
6550 6
6551 5
6552 8
6553 3
6554 5
6555 3
6556 3
6557 1
6558 3
6559 3
6560 4
6561 0
6562 2
6563 4
6564 4
6565 4
6566 5
6567 3
6568 5
6569 4
6570 6
6571 5
6572 3
6573 5
6574 5
6575 4
6576 1
6577 3
6578 2
6579 3
6580 4
6581 3
6582 3
6583 3
6584 3
6585 2
6586 5
6587 2
6588 5
6589 1
6590 5
6591 6
6592 2
6593 3
6594 2
6595 5
6596 3
6597 4
6598 2
6599 2
6600 4
6601 5
6602 4
6603 4
6604 1
6605 4
6606 6
6607 2
6608 1
6609 3
6610 4
6611 5
6612 3
6613 4
6614 0
6615 2
6616 2
6617 3
6618 6
6619 5
6620 5
6621 3
6622 3
6623 3
6624 4
6625 2
6626 3
6627 3
6628 2
6629 2
6630 3
6631 3
6632 7
6633 4
6634 3
6635 3
6636 2
6637 1
6638 0
6639 2
6640 3
6641 4
6642 0
6643 0
6644 5
6645 1
6646 4
6647 1
6648 1
6649 5
6650 3
6651 1
6652 1
6653 4
6654 1
6655 4
6656 1
6657 4
6658 3
6659 5
6660 2
6661 1
6662 2
6663 6
6664 3
6665 1
6666 3
6667 5
6668 0
6669 3
6670 2
6671 2
6672 2
6673 5
6674 3
6675 4
6676 3
6677 2
6678 1
6679 4
6680 2
6681 4
6682 2
6683 4
6684 4
6685 6
6686 3
6687 3
6688 2
6689 0
6690 4
6691 3
6692 4
6693 6
6694 4
6695 2
6696 4
6697 5
6698 2
6699 5
6700 5
6701 5
6702 3
6703 4
6704 3
6705 6
6706 6
6707 7
6708 5
6709 3
6710 4
6711 3
6712 4
6713 4
6714 2
6715 3
6716 5
6717 4
6718 3
6719 2
6720 3
6721 4
6722 4
6723 4
6724 7
6725 5
6726 2
6727 4
6728 5
6729 4
6730 1
6731 2
6732 4
6733 3
6734 2
6735 4
6736 3
6737 2
6738 2
6739 3
6740 4
6741 4
6742 5
6743 2
6744 4
6745 4
6746 7
6747 6
6748 4
6749 3
6750 2
6751 4
6752 1
6753 4
6754 3
6755 3
6756 4
6757 5
6758 4
6759 4
6760 3
6761 5
6762 7
6763 6
6764 1
6765 6
6766 6
6767 5
6768 4
6769 3
6770 4
6771 3
6772 2
6773 5
6774 6
6775 6
6776 2
6777 5
6778 2
6779 5
6780 2
6781 5
6782 4
6783 4
6784 4
6785 1
6786 3
6787 5
6788 4
6789 3
6790 4
6791 2
6792 2
6793 3
6794 3
6795 2
6796 1
6797 2
6798 3
6799 3
6800 4
6801 6
6802 4
6803 2
6804 6
6805 4
6806 2
6807 5
6808 4
6809 3
6810 5
6811 3
6812 2
6813 5
6814 4
6815 4
6816 8
6817 4
6818 4
6819 5
6820 4
6821 4
6822 4
6823 5
6824 3
6825 3
6826 1
6827 5
6828 6
6829 2
6830 2
6831 7
6832 3
6833 3
6834 5
6835 5
6836 4
6837 3
6838 1
6839 3
6840 4
6841 4
6842 2
6843 1
6844 3
6845 3
6846 4
6847 5
6848 4
6849 8
6850 6
6851 6
6852 4
6853 6
6854 4
6855 5
6856 3
6857 1
6858 6
6859 5
6860 3
6861 5
6862 2
6863 4
6864 2
6865 5
6866 4
6867 5
6868 5
6869 3
6870 5
6871 2
6872 1
6873 4
6874 1
6875 3
6876 3
6877 4
6878 7
6879 4
6880 3
6881 2
6882 3
6883 2
6884 4
6885 2
6886 3
6887 2
6888 5
6889 4
6890 7
6891 4
6892 7
6893 4
6894 4
6895 3
6896 3
6897 4
6898 6
6899 8
6900 7
6901 3
6902 4
6903 4
6904 7
6905 3
6906 4
6907 4
6908 6
6909 5
6910 6
6911 2
6912 6
6913 2
6914 3
6915 3
6916 6
6917 2
6918 5
6919 7
6920 5
6921 6
6922 4
6923 3
6924 4
6925 3
6926 4
6927 2
6928 4
6929 4
6930 5
6931 4
6932 5
6933 6
6934 7
6935 7
6936 5
6937 3
6938 3
6939 6
6940 5
6941 4
6942 2
6943 4
6944 2
6945 5
6946 2
6947 4
6948 3
6949 4
6950 5
6951 0
6952 2
6953 5
6954 1
6955 4
6956 1
6957 2
6958 4
6959 2
6960 2
6961 4
6962 3
6963 2
6964 5
6965 1
6966 4
6967 5
6968 5
6969 3
6970 5
6971 4
6972 1
6973 3
6974 2
6975 4
6976 4
6977 4
6978 2
6979 3
6980 1
6981 0
6982 1
6983 1
6984 3
6985 3
6986 5
6987 2
6988 4
6989 3
6990 3
6991 2
6992 2
6993 4
6994 3
6995 1
6996 5
6997 2
6998 4
6999 3
7000 3
7001 1
7002 7
7003 1
7004 2
7005 4
7006 1
7007 6
7008 2
7009 3
7010 2
7011 4
7012 7
7013 3
7014 4
7015 4
7016 3
7017 2
7018 1
7019 1
7020 1
7021 3
7022 3
7023 4
7024 2
7025 1
7026 4
7027 4
7028 6
7029 2
7030 2
7031 5
7032 7
7033 2
7034 1
7035 6
7036 0
7037 4
7038 4
7039 3
7040 2
7041 6
7042 4
7043 4
7044 4
7045 3
7046 3
7047 3
7048 4
7049 3
7050 0
7051 1
7052 2
7053 4
7054 3
7055 2
7056 3
7057 2
7058 2
7059 3
7060 2
7061 2
7062 3
7063 2
7064 3
7065 2
7066 3
7067 3
7068 4
7069 3
7070 3
7071 1
7072 1
7073 2
7074 1
7075 4
7076 3
7077 1
7078 4
7079 1
7080 1
7081 1
7082 4
7083 0
7084 2
7085 3
7086 3
7087 0
7088 1
7089 2
7090 0
7091 2
7092 1
7093 1
7094 5
7095 3
7096 1
7097 3
7098 4
7099 3
7100 2
7101 1
7102 1
7103 1
7104 2
7105 4
7106 3
7107 7
7108 0
7109 2
7110 0
7111 3
7112 1
7113 2
7114 3
7115 2
7116 0
7117 0
7118 2
7119 5
7120 0
7121 3
7122 3
7123 1
7124 1
7125 0
7126 2
7127 3
7128 4
7129 4
7130 4
7131 2
7132 3
7133 5
7134 3
7135 5
7136 3
7137 4
7138 3
7139 5
7140 5
7141 4
7142 5
7143 0
7144 1
7145 0
7146 1
7147 1
7148 3
7149 2
7150 4
7151 6
7152 1
7153 2
7154 2
7155 2
7156 1
7157 4
7158 4
7159 3
7160 1
7161 4
7162 1
7163 1
7164 3
7165 4
7166 4
7167 4
7168 2
7169 3
7170 2
7171 3
7172 3
7173 2
7174 1
7175 0
7176 0
7177 3
7178 1
7179 1
7180 4
7181 2
7182 6
7183 4
7184 7
7185 2
7186 2
7187 5
7188 2
7189 3
7190 0
7191 2
7192 4
7193 2
7194 3
7195 1
7196 4
7197 2
7198 0
7199 3
7200 2
7201 4
7202 3
7203 4
7204 3
7205 4
7206 4
7207 1
7208 1
7209 3
7210 1
7211 3
7212 2
7213 1
7214 4
7215 1
7216 5
7217 1
7218 3
7219 3
7220 2
7221 3
7222 4
7223 4
7224 5
7225 3
7226 3
7227 2
7228 3
7229 5
7230 2
7231 5
7232 3
7233 1
7234 5
7235 3
7236 6
7237 2
7238 3
7239 2
7240 5
7241 5
7242 2
7243 3
7244 2
7245 4
7246 3
7247 2
7248 3
7249 4
7250 2
7251 1
7252 5
7253 5
7254 2
7255 3
7256 4
7257 3
7258 3
7259 3
7260 2
7261 3
7262 5
7263 1
7264 3
7265 5
7266 3
7267 4
7268 1
7269 5
7270 3
7271 4
7272 4
7273 5
7274 6
7275 2
7276 4
7277 3
7278 7
7279 6
7280 4
7281 3
7282 8
7283 4
7284 4
7285 4
7286 3
7287 2
7288 1
7289 4
7290 1
7291 5
7292 2
7293 3
7294 2
7295 4
7296 2
7297 2
7298 6
7299 6
7300 1
7301 2
7302 3
7303 1
7304 5
7305 5
7306 1
7307 4
7308 3
7309 4
7310 3
7311 3
7312 1
7313 1
7314 5
7315 2
7316 6
7317 1
7318 0
7319 2
7320 1
7321 3
7322 0
7323 2
7324 5
7325 3
7326 3
7327 4
7328 1
7329 3
7330 3
7331 3
7332 5
7333 4
7334 2
7335 2
7336 0
7337 3
7338 3
7339 4
7340 3
7341 3
7342 1
7343 4
7344 5
7345 3
7346 1
7347 6
7348 3
7349 2
7350 2
7351 1
7352 3
7353 5
7354 3
7355 2
7356 3
7357 4
7358 3
7359 5
7360 2
7361 0
7362 5
7363 1
7364 3
7365 3
7366 4
7367 6
7368 8
7369 4
7370 3
7371 4
7372 3
7373 3
7374 4
7375 3
7376 2
7377 6
7378 5
7379 4
7380 3
7381 4
7382 6
7383 0
7384 5
7385 2
7386 1
7387 1
7388 1
7389 5
7390 4
7391 4
7392 1
7393 4
7394 4
7395 4
7396 1
7397 4
7398 2
7399 4
7400 2
7401 2
7402 4
7403 2
7404 3
7405 5
7406 4
7407 2
7408 6
7409 3
7410 0
7411 2
7412 3
7413 3
7414 2
7415 1
7416 1
7417 1
7418 2
7419 1
7420 1
7421 1
7422 2
7423 3
7424 1
7425 3
7426 2
7427 1
7428 5
7429 2
7430 5
7431 3
7432 3
7433 5
7434 2
7435 4
7436 4
7437 4
7438 0
7439 2
7440 1
7441 4
7442 0
7443 4
7444 2
7445 2
7446 2
7447 1
7448 4
7449 0
7450 3
7451 3
7452 1
7453 2
7454 3
7455 2
7456 2
7457 4
7458 1
7459 4
7460 2
7461 2
7462 0
7463 3
7464 1
7465 1
7466 1
7467 2
7468 2
7469 3
7470 1
7471 2
7472 3
7473 1
7474 4
7475 3
7476 3
7477 3
7478 1
7479 3
7480 3
7481 2
7482 2
7483 1
7484 1
7485 2
7486 0
7487 1
7488 2
7489 3
7490 3
7491 3
7492 3
7493 2
7494 2
7495 2
7496 2
7497 4
7498 2
7499 1
7500 1
7501 3
7502 1
7503 2
7504 2
7505 0
7506 2
7507 4
7508 1
7509 3
7510 0
7511 3
7512 1
7513 3
7514 3
7515 4
7516 3
7517 4
7518 3
7519 3
7520 2
7521 3
7522 2
7523 1
7524 1
7525 1
7526 0
7527 1
7528 1
7529 3
7530 3
7531 3
7532 1
7533 2
7534 1
7535 2
7536 1
7537 1
7538 3
7539 1
7540 3
7541 4
7542 1
7543 2
7544 3
7545 6
7546 1
7547 0
7548 0
7549 1
7550 2
7551 2
7552 0
7553 1
7554 0
7555 4
7556 1
7557 2
7558 3
7559 3
7560 0
7561 1
7562 3
7563 4
7564 5
7565 3
7566 0
7567 3
7568 4
7569 1
7570 2
7571 1
7572 1
7573 1
7574 2
7575 4
7576 0
7577 0
7578 1
7579 2
7580 5
7581 1
7582 1
7583 5
7584 3
7585 1
7586 2
7587 2
7588 1
7589 1
7590 1
7591 1
7592 2
7593 3
7594 1
7595 3
7596 3
7597 1
7598 3
7599 5
7600 1
7601 0
7602 1
7603 3
7604 2
7605 2
7606 2
7607 3
7608 3
7609 4
7610 1
7611 2
7612 1
7613 3
7614 1
7615 1
7616 1
7617 1
7618 3
7619 4
7620 2
7621 1
7622 1
7623 0
7624 5
7625 2
7626 2
7627 2
7628 2
7629 2
7630 0
7631 1
7632 2
7633 2
7634 5
7635 4
7636 4
7637 2
7638 2
7639 0
7640 2
7641 3
7642 5
7643 2
7644 4
7645 4
7646 4
7647 4
7648 5
7649 1
7650 3
7651 5
7652 5
7653 3
7654 2
7655 4
7656 5
7657 5
7658 2
7659 3
7660 3
7661 3
7662 4
7663 3
7664 6
7665 5
7666 2
7667 0
7668 3
7669 2
7670 2
7671 5
7672 1
7673 6
7674 4
7675 3
7676 1
7677 3
7678 3
7679 1
7680 3
7681 3
7682 3
7683 6
7684 4
7685 4
7686 3
7687 4
7688 1
7689 0
7690 4
7691 3
7692 2
7693 4
7694 7
7695 2
7696 4
7697 5
7698 1
7699 4
7700 2
7701 2
7702 3
7703 1
7704 3
7705 3
7706 0
7707 1
7708 3
7709 5
7710 2
7711 3
7712 2
7713 5
7714 5
7715 5
7716 4
7717 2
7718 6
7719 2
7720 3
7721 7
7722 5
7723 4
7724 3
7725 1
7726 5
7727 3
7728 3
7729 6
7730 7
7731 3
7732 4
7733 2
7734 3
7735 3
7736 4
7737 4
7738 4
7739 2
7740 2
7741 6
7742 6
7743 5
7744 2
7745 4
7746 4
7747 2
7748 4
7749 2
7750 5
7751 4
7752 5
7753 3
7754 5
7755 3
7756 4
7757 2
7758 4
7759 4
7760 4
7761 1
7762 5
7763 6
7764 5
7765 2
7766 4
7767 1
7768 7
7769 4
7770 3
7771 5
7772 4
7773 4
7774 4
7775 3
7776 6
7777 0
7778 5
7779 4
7780 6
7781 5
7782 3
7783 3
7784 3
7785 1
7786 0
7787 2
7788 3
7789 2
7790 3
7791 4
7792 4
7793 6
7794 1
7795 4
7796 6
7797 4
7798 1
7799 3
7800 3
7801 4
7802 4
7803 4
7804 2
7805 1
7806 2
7807 6
7808 3
7809 5
7810 3
7811 4
7812 3
7813 4
7814 4
7815 4
7816 8
7817 3
7818 2
7819 3
7820 5
7821 5
7822 5
7823 3
7824 1
7825 2
7826 3
7827 3
7828 5
7829 0
7830 4
7831 3
7832 5
7833 3
7834 6
7835 4
7836 6
7837 3
7838 3
7839 6
7840 5
7841 3
7842 3
7843 3
7844 4
7845 3
7846 2
7847 5
7848 2
7849 3
7850 3
7851 2
7852 3
7853 5
7854 2
7855 6
7856 3
7857 3
7858 3
7859 2
7860 5
7861 7
7862 4
7863 5
7864 5
7865 4
7866 5
7867 5
7868 7
7869 4
7870 4
7871 9
7872 3
7873 1
7874 4
7875 4
7876 4
7877 4
7878 6
7879 5
7880 5
7881 4
7882 4
7883 4
7884 6
7885 5
7886 5
7887 5
7888 3
7889 1
7890 5
7891 8
7892 3
7893 3
7894 5
7895 3
7896 3
7897 2
7898 8
7899 4
7900 7
7901 5
7902 6
7903 2
7904 7
7905 6
7906 7
7907 5
7908 4
7909 5
7910 3
7911 3
7912 3
7913 8
7914 5
7915 4
7916 3
7917 7
7918 4
7919 4
7920 5
7921 3
7922 2
7923 6
7924 5
7925 3
7926 2
7927 2
7928 4
7929 5
7930 2
7931 2
7932 5
7933 3
7934 1
7935 6
7936 5
7937 3
7938 0
7939 4
7940 3
7941 5
7942 5
7943 5
7944 3
7945 1
7946 4
7947 1
7948 2
7949 3
7950 3
7951 4
7952 4
7953 3
7954 4
7955 2
7956 5
7957 1
7958 3
7959 5
7960 5
7961 4
7962 4
7963 5
7964 6
7965 4
7966 5
7967 2
7968 5
7969 2
7970 1
7971 3
7972 1
7973 1
7974 0
7975 3
7976 3
7977 3
7978 0
7979 5
7980 2
7981 3
7982 3
7983 5
7984 1
7985 4
7986 2
7987 2
7988 5
7989 3
7990 1
7991 4
7992 3
7993 1
7994 2
7995 3
7996 3
7997 0
7998 2
7999 4
8000 4
8001 2
8002 0
8003 3
8004 4
8005 3
8006 2
8007 4
8008 2
8009 1
8010 4
8011 5
8012 4
8013 3
8014 4
8015 0
8016 2
8017 5
8018 3
8019 2
8020 4
8021 2
8022 3
8023 3
8024 2
8025 2
8026 5
8027 1
8028 3
8029 3
8030 4
8031 3
8032 4
8033 5
8034 5
8035 2
8036 1
8037 4
8038 0
8039 3
8040 2
8041 1
8042 2
8043 3
8044 1
8045 1
8046 3
8047 1
8048 2
8049 1
8050 2
8051 4
8052 2
8053 1
8054 4
8055 6
8056 3
8057 2
8058 5
8059 2
8060 4
8061 3
8062 4
8063 5
8064 5
8065 2
8066 2
8067 3
8068 4
8069 1
8070 6
8071 2
8072 1
8073 2
8074 3
8075 3
8076 3
8077 3
8078 4
8079 2
8080 2
8081 4
8082 5
8083 3
8084 6
8085 3
8086 3
8087 3
8088 2
8089 5
8090 1
8091 4
8092 2
8093 3
8094 2
8095 1
8096 4
8097 2
8098 4
8099 0
8100 3
8101 1
8102 1
8103 3
8104 3
8105 3
8106 3
8107 5
8108 1
8109 4
8110 5
8111 4
8112 3
8113 3
8114 0
8115 2
8116 2
8117 1
8118 1
8119 6
8120 2
8121 4
8122 2
8123 5
8124 2
8125 2
8126 3
8127 1
8128 1
8129 3
8130 1
8131 3
8132 4
8133 4
8134 4
8135 3
8136 2
8137 2
8138 1
8139 6
8140 5
8141 5
8142 6
8143 3
8144 5
8145 3
8146 3
8147 3
8148 1
8149 3
8150 3
8151 4
8152 2
8153 4
8154 2
8155 2
8156 3
8157 0
8158 2
8159 4
8160 2
8161 4
8162 5
8163 3
8164 4
8165 3
8166 3
8167 3
8168 2
8169 4
8170 3
8171 3
8172 2
8173 5
8174 2
8175 3
8176 5
8177 4
8178 4
8179 2
8180 2
8181 6
8182 1
8183 1
8184 1
8185 5
8186 3
8187 2
8188 4
8189 0
8190 2
8191 2
8192 4
8193 3
8194 4
8195 2
8196 3
8197 3
8198 5
8199 5
8200 2
8201 4
8202 3
8203 2
8204 3
8205 5
8206 6
8207 5
8208 3
8209 4
8210 8
8211 5
8212 3
8213 3
8214 4
8215 2
8216 4
8217 2
8218 2
8219 5
8220 1
8221 2
8222 1
8223 4
8224 3
8225 1
8226 5
8227 2
8228 3
8229 2
8230 3
8231 4
8232 4
8233 3
8234 4
8235 3
8236 2
8237 3
8238 3
8239 0
8240 4
8241 2
8242 6
8243 5
8244 3
8245 4
8246 4
8247 3
8248 4
8249 3
8250 3
8251 4
8252 5
8253 1
8254 3
8255 5
8256 4
8257 5
8258 6
8259 6
8260 2
8261 2
8262 3
8263 4
8264 4
8265 4
8266 5
8267 3
8268 3
8269 4
8270 5
8271 3
8272 2
8273 4
8274 5
8275 2
8276 5
8277 4
8278 2
8279 5
8280 4
8281 5
8282 4
8283 2
8284 4
8285 3
8286 3
8287 4
8288 3
8289 3
8290 1
8291 0
8292 3
8293 3
8294 4
8295 4
8296 1
8297 4
8298 3
8299 2
8300 5
8301 3
8302 4
8303 0
8304 1
8305 5
8306 4
8307 4
8308 3
8309 2
8310 3
8311 5
8312 2
8313 3
8314 3
8315 1
8316 3
8317 3
8318 2
8319 4
8320 3
8321 4
8322 5
8323 4
8324 6
8325 2
8326 3
8327 3
8328 2
8329 3
8330 2
8331 3
8332 2
8333 4
8334 4
8335 4
8336 5
8337 4
8338 0
8339 2
8340 2
8341 5
8342 6
8343 3
8344 3
8345 2
8346 0
8347 2
8348 2
8349 2
8350 3
8351 5
8352 2
8353 1
8354 4
8355 4
8356 4
8357 3
8358 2
8359 2
8360 3
8361 4
8362 5
8363 1
8364 2
8365 3
8366 4
8367 3
8368 1
8369 3
8370 2
8371 3
8372 5
8373 4
8374 1
8375 5
8376 2
8377 5
8378 4
8379 4
8380 3
8381 2
8382 5
8383 4
8384 2
8385 1
8386 3
8387 3
8388 2
8389 2
8390 2
8391 2
8392 4
8393 3
8394 0
8395 3
8396 1
8397 2
8398 5
8399 2
8400 1
8401 4
8402 3
8403 2
8404 6
8405 0
8406 3
8407 1
8408 4
8409 2
8410 1
8411 3
8412 2
8413 3
8414 1
8415 2
8416 3
8417 1
8418 2
8419 2
8420 2
8421 4
8422 3
8423 3
8424 1
8425 3
8426 4
8427 4
8428 1
8429 3
8430 4
8431 3
8432 2
8433 2
8434 3
8435 1
8436 2
8437 1
8438 1
8439 0
8440 0
8441 1
8442 2
8443 0
8444 3
8445 2
8446 3
8447 2
8448 1
8449 1
8450 2
8451 3
8452 2
8453 3
8454 2
8455 4
8456 0
8457 2
8458 1
8459 4
8460 2
8461 3
8462 3
8463 2
8464 3
8465 4
8466 0
8467 4
8468 2
8469 2
8470 3
8471 2
8472 4
8473 1
8474 2
8475 2
8476 2
8477 2
8478 0
8479 2
8480 2
8481 1
8482 3
8483 2
8484 2
8485 2
8486 0
8487 2
8488 2
8489 1
8490 3
8491 4
8492 2
8493 3
8494 5
8495 4
8496 5
8497 2
8498 5
8499 1
8500 1
8501 4
8502 3
8503 6
8504 3
8505 3
8506 2
8507 2
8508 3
8509 0
8510 1
8511 2
8512 2
8513 1
8514 1
8515 2
8516 4
8517 5
8518 3
8519 2
8520 0
8521 2
8522 2
8523 0
8524 1
8525 0
8526 2
8527 2
8528 3
8529 2
8530 2
8531 4
8532 2
8533 3
8534 2
8535 2
8536 7
8537 2
8538 3
8539 3
8540 2
8541 1
8542 3
8543 1
8544 2
8545 2
8546 1
8547 4
8548 3
8549 0
8550 2
8551 3
8552 2
8553 2
8554 1
8555 2
8556 3
8557 3
8558 3
8559 4
8560 3
8561 5
8562 2
8563 2
8564 0
8565 0
8566 1
8567 3
8568 4
8569 2
8570 1
8571 2
8572 3
8573 4
8574 3
8575 3
8576 2
8577 3
8578 4
8579 4
8580 2
8581 4
8582 5
8583 2
8584 4
8585 2
8586 3
8587 1
8588 4
8589 0
8590 2
8591 3
8592 3
8593 2
8594 4
8595 3
8596 3
8597 2
8598 3
8599 2
8600 1
8601 2
8602 1
8603 3
8604 5
8605 3
8606 1
8607 3
8608 4
8609 1
8610 5
8611 3
8612 1
8613 3
8614 2
8615 1
8616 2
8617 3
8618 4
8619 4
8620 1
8621 1
8622 2
8623 2
8624 1
8625 2
8626 1
8627 3
8628 5
8629 2
8630 3
8631 2
8632 4
8633 3
8634 2
8635 1
8636 4
8637 3
8638 2
8639 4
8640 2
8641 1
8642 1
8643 1
8644 3
8645 2
8646 3
8647 0
8648 3
8649 2
8650 2
8651 2
8652 1
8653 3
8654 1
8655 2
8656 2
8657 2
8658 2
8659 4
8660 0
8661 3
8662 4
8663 3
8664 4
8665 2
8666 2
8667 2
8668 4
8669 1
8670 2
8671 2
8672 3
8673 1
8674 1
8675 1
8676 1
8677 3
8678 1
8679 5
8680 4
8681 3
8682 4
8683 4
8684 1
8685 2
8686 1
8687 2
8688 3
8689 2
8690 1
8691 1
8692 3
8693 3
8694 3
8695 1
8696 4
8697 2
8698 2
8699 3
8700 2
8701 3
8702 2
8703 4
8704 2
8705 1
8706 1
8707 2
8708 2
8709 2
8710 2
8711 2
8712 1
8713 1
8714 1
8715 2
8716 4
8717 2
8718 2
8719 7
8720 0
8721 3
8722 3
8723 2
8724 4
8725 2
8726 3
8727 4
8728 3
8729 3
8730 2
8731 0
8732 3
8733 3
8734 2
8735 1
8736 3
8737 4
8738 4
8739 2
8740 1
8741 1
8742 0
8743 3
8744 2
8745 3
8746 4
8747 1
8748 3
8749 4
8750 3
8751 0
8752 1
8753 2
8754 3
8755 2
8756 3
8757 3
8758 2
8759 4
8760 3
8761 3
8762 3
8763 0
8764 5
8765 3
8766 3
8767 2
8768 2
8769 4
8770 3
8771 3
8772 2
8773 2
8774 3
8775 3
8776 2
8777 2
8778 2
8779 0
8780 2
8781 2
8782 1
8783 2
8784 3
8785 2
8786 3
8787 1
8788 3
8789 7
8790 0
8791 4
8792 3
8793 1
8794 3
8795 3
8796 2
8797 2
8798 3
8799 5
8800 2
8801 4
8802 2
8803 2
8804 3
8805 2
8806 1
8807 1
8808 3
8809 3
8810 2
8811 1
8812 3
8813 2
8814 2
8815 3
8816 2
8817 3
8818 3
8819 4
8820 3
8821 0
8822 3
8823 0
8824 0
8825 2
8826 0
8827 4
8828 1
8829 3
8830 1
8831 1
8832 2
8833 3
8834 3
8835 0
8836 3
8837 2
8838 2
8839 3
8840 1
8841 2
8842 2
8843 2
8844 3
8845 4
8846 5
8847 3
8848 5
8849 4
8850 4
8851 0
8852 5
8853 1
8854 3
8855 4
8856 1
8857 5
8858 3
8859 0
8860 3
8861 3
8862 1
8863 4
8864 6
8865 1
8866 4
8867 1
8868 4
8869 5
8870 2
8871 4
8872 3
8873 2
8874 6
8875 3
8876 2
8877 2
8878 2
8879 1
8880 1
8881 1
8882 2
8883 4
8884 6
8885 2
8886 2
8887 1
8888 2
8889 5
8890 2
8891 2
8892 4
8893 4
8894 5
8895 2
8896 1
8897 2
8898 1
8899 4
8900 4
8901 2
8902 6
8903 2
8904 2
8905 2
8906 2
8907 4
8908 7
8909 4
8910 6
8911 4
8912 4
8913 3
8914 6
8915 4
8916 3
8917 4
8918 3
8919 3
8920 4
8921 4
8922 2
8923 2
8924 2
8925 2
8926 1
8927 1
8928 3
8929 3
8930 4
8931 6
8932 3
8933 4
8934 4
8935 1
8936 3
8937 4
8938 3
8939 4
8940 4
8941 2
8942 2
8943 2
8944 2
8945 3
8946 2
8947 4
8948 3
8949 4
8950 1
8951 3
8952 3
8953 1
8954 5
8955 2
8956 5
8957 2
8958 5
8959 2
8960 0
8961 1
8962 3
8963 5
8964 5
8965 6
8966 3
8967 3
8968 3
8969 2
8970 5
8971 4
8972 1
8973 4
8974 3
8975 3
8976 4
8977 6
8978 1
8979 4
8980 1
8981 1
8982 2
8983 2
8984 0
8985 0
8986 6
8987 1
8988 4
8989 2
8990 3
8991 2
8992 2
8993 1
8994 4
8995 0
8996 2
8997 3
8998 5
8999 3
9000 3
9001 5
9002 1
9003 2
9004 0
9005 3
9006 5
9007 2
9008 2
9009 4
9010 2
9011 2
9012 5
9013 3
9014 3
9015 4
9016 2
9017 2
9018 2
9019 2
9020 3
9021 3
9022 3
9023 4
9024 6
9025 3
9026 2
9027 4
9028 4
9029 2
9030 8
9031 2
9032 0
9033 3
9034 4
9035 3
9036 1
9037 3
9038 1
9039 1
9040 5
9041 3
9042 3
9043 2
9044 4
9045 0
9046 5
9047 5
9048 2
9049 4
9050 1
9051 3
9052 7
9053 3
9054 4
9055 6
9056 6
9057 1
9058 3
9059 6
9060 5
9061 6
9062 8
9063 3
9064 4
9065 2
9066 4
9067 2
9068 2
9069 3
9070 3
9071 5
9072 5
9073 3
9074 2
9075 6
9076 4
9077 4
9078 3
9079 5
9080 2
9081 6
9082 2
9083 3
9084 2
9085 2
9086 4
9087 5
9088 3
9089 4
9090 4
9091 3
9092 4
9093 2
9094 1
9095 7
9096 3
9097 1
9098 4
9099 5
9100 4
9101 1
9102 3
9103 2
9104 2
9105 2
9106 3
9107 2
9108 1
9109 3
9110 5
9111 2
9112 4
9113 4
9114 3
9115 5
9116 4
9117 2
9118 1
9119 1
9120 3
9121 1
9122 5
9123 3
9124 5
9125 3
9126 3
9127 2
9128 2
9129 3
9130 3
9131 3
9132 5
9133 3
9134 4
9135 4
9136 6
9137 4
9138 5
9139 2
9140 4
9141 6
9142 1
9143 2
9144 3
9145 1
9146 4
9147 1
9148 3
9149 3
9150 5
9151 2
9152 4
9153 5
9154 1
9155 0
9156 2
9157 3
9158 5
9159 5
9160 3
9161 2
9162 2
9163 1
9164 4
9165 5
9166 2
9167 3
9168 3
9169 2
9170 2
9171 5
9172 1
9173 4
9174 4
9175 2
9176 1
9177 4
9178 4
9179 2
9180 4
9181 1
9182 2
9183 2
9184 3
9185 2
9186 4
9187 3
9188 3
9189 2
9190 7
9191 2
9192 3
9193 2
9194 1
9195 1
9196 1
9197 0
9198 3
9199 4
9200 2
9201 3
9202 1
9203 2
9204 5
9205 4
9206 4
9207 5
9208 6
9209 5
9210 2
9211 5
9212 3
9213 2
9214 2
9215 1
9216 2
9217 3
9218 3
9219 3
9220 4
9221 1
9222 0
9223 1
9224 4
9225 6
9226 1
9227 2
9228 2
9229 2
9230 2
9231 5
9232 2
9233 5
9234 6
9235 2
9236 5
9237 5
9238 2
9239 5
9240 1
9241 1
9242 2
9243 2
9244 4
9245 1
9246 4
9247 1
9248 2
9249 2
9250 2
9251 1
9252 3
9253 3
9254 6
9255 3
9256 6
9257 4
9258 1
9259 1
9260 1
9261 3
9262 1
9263 4
9264 4
9265 3
9266 2
9267 3
9268 3
9269 2
9270 1
9271 1
9272 2
9273 1
9274 1
9275 2
9276 3
9277 5
9278 3
9279 4
9280 2
9281 2
9282 3
9283 1
9284 4
9285 3
9286 2
9287 2
9288 1
9289 5
9290 3
9291 6
9292 3
9293 3
9294 2
9295 2
9296 2
9297 3
9298 3
9299 1
9300 1
9301 2
9302 3
9303 3
9304 3
9305 1
9306 0
9307 4
9308 1
9309 3
9310 5
9311 0
9312 4
9313 3
9314 4
9315 2
9316 4
9317 4
9318 4
9319 4
9320 1
9321 2
9322 4
9323 3
9324 1
9325 3
9326 3
9327 2
9328 3
9329 4
9330 4
9331 4
9332 3
9333 3
9334 3
9335 3
9336 3
9337 2
9338 1
9339 2
9340 3
9341 4
9342 5
9343 0
9344 3
9345 2
9346 4
9347 2
9348 4
9349 4
9350 3
9351 6
9352 2
9353 6
9354 3
9355 4
9356 1
9357 1
9358 4
9359 2
9360 1
9361 3
9362 4
9363 5
9364 2
9365 2
9366 4
9367 0
9368 2
9369 2
9370 3
9371 3
9372 2
9373 3
9374 3
9375 3
9376 2
9377 5
9378 3
9379 1
9380 3
9381 4
9382 2
9383 6
9384 5
9385 1
9386 2
9387 0
9388 1
9389 2
9390 3
9391 3
9392 3
9393 1
9394 3
9395 2
9396 2
9397 5
9398 1
9399 6
9400 2
9401 2
9402 2
9403 2
9404 0
9405 2
9406 5
9407 4
9408 6
9409 3
9410 3
9411 3
9412 4
9413 3
9414 3
9415 3
9416 5
9417 2
9418 3
9419 5
9420 3
9421 3
9422 1
9423 3
9424 6
9425 3
9426 3
9427 4
9428 0
9429 4
9430 0
9431 3
9432 3
9433 5
9434 2
9435 4
9436 7
9437 6
9438 4
9439 3
9440 4
9441 1
9442 3
9443 2
9444 2
9445 4
9446 2
9447 3
9448 3
9449 0
9450 3
9451 3
9452 2
9453 3
9454 3
9455 3
9456 3
9457 5
9458 2
9459 3
9460 2
9461 3
9462 0
9463 3
9464 5
9465 5
9466 2
9467 5
9468 3
9469 4
9470 3
9471 0
9472 0
9473 3
9474 3
9475 4
9476 2
9477 5
9478 2
9479 4
9480 4
9481 4
9482 5
9483 2
9484 5
9485 4
9486 4
9487 2
9488 7
9489 2
9490 5
9491 2
9492 4
9493 2
9494 3
9495 1
9496 2
9497 4
9498 2
9499 3
9500 4
9501 4
9502 4
9503 3
9504 6
9505 2
9506 4
9507 2
9508 4
9509 4
9510 3
9511 4
9512 7
9513 5
9514 2
9515 1
9516 1
9517 4
9518 3
9519 2
9520 2
9521 2
9522 1
9523 1
9524 5
9525 1
9526 2
9527 2
9528 2
9529 2
9530 4
9531 3
9532 2
9533 1
9534 2
9535 3
9536 5
9537 1
9538 1
9539 4
9540 4
9541 4
9542 2
9543 2
9544 5
9545 1
9546 5
9547 3
9548 5
9549 3
9550 2
9551 2
9552 4
9553 8
9554 4
9555 5
9556 3
9557 6
9558 3
9559 1
9560 4
9561 7
9562 2
9563 1
9564 0
9565 0
9566 3
9567 2
9568 4
9569 2
9570 2
9571 3
9572 3
9573 5
9574 4
9575 6
9576 6
9577 6
9578 4
9579 2
9580 5
9581 4
9582 3
9583 3
9584 2
9585 0
9586 1
9587 2
9588 3
9589 2
9590 4
9591 3
9592 2
9593 0
9594 2
9595 4
9596 3
9597 2
9598 3
9599 6
9600 4
9601 3
9602 3
9603 1
9604 4
9605 4
9606 3
9607 6
9608 2
9609 2
9610 1
9611 2
9612 4
9613 2
9614 3
9615 2
9616 1
9617 4
9618 5
9619 0
9620 4
9621 1
9622 5
9623 3
9624 3
9625 3
9626 2
9627 1
9628 0
9629 3
9630 3
9631 4
9632 4
9633 3
9634 2
9635 2
9636 5
9637 2
9638 3
9639 4
9640 4
9641 4
9642 1
9643 3
9644 4
9645 2
9646 1
9647 5
9648 5
9649 2
9650 1
9651 4
9652 2
9653 3
9654 4
9655 4
9656 3
9657 4
9658 3
9659 5
9660 3
9661 4
9662 3
9663 2
9664 3
9665 2
9666 2
9667 2
9668 3
9669 3
9670 4
9671 1
9672 2
9673 3
9674 4
9675 2
9676 1
9677 2
9678 2
9679 3
9680 3
9681 1
9682 3
9683 1
9684 2
9685 2
9686 1
9687 3
9688 1
9689 3
9690 2
9691 5
9692 3
9693 3
9694 3
9695 1
9696 2
9697 3
9698 3
9699 3
9700 2
9701 2
9702 1
9703 2
9704 6
9705 4
9706 4
9707 1
9708 3
9709 7
9710 4
9711 3
9712 4
9713 3
9714 2
9715 2
9716 2
9717 3
9718 3
9719 1
9720 7
9721 0
9722 4
9723 5
9724 4
9725 5
9726 5
9727 3
9728 1
9729 2
9730 5
9731 3
9732 5
9733 6
9734 6
9735 1
9736 3
9737 2
9738 3
9739 0
9740 2
9741 5
9742 2
9743 3
9744 5
9745 3
9746 5
9747 2
9748 1
9749 2
9750 3
9751 5
9752 5
9753 3
9754 3
9755 4
9756 5
9757 3
9758 4
9759 2
9760 3
9761 3
9762 3
9763 3
9764 0
9765 1
9766 3
9767 3
9768 3
9769 3
9770 3
9771 6
9772 3
9773 4
9774 6
9775 3
9776 2
9777 5
9778 3
9779 4
9780 5
9781 3
9782 1
9783 2
9784 1
9785 2
9786 1
9787 3
9788 0
9789 3
9790 4
9791 4
9792 5
9793 3
9794 4
9795 4
9796 2
9797 1
9798 1
9799 3
9800 3
9801 6
9802 2
9803 4
9804 3
9805 2
9806 5
9807 1
9808 2
9809 1
9810 4
9811 3
9812 3
9813 4
9814 5
9815 2
9816 1
9817 2
9818 5
9819 3
9820 4
9821 4
9822 4
9823 1
9824 3
9825 2
9826 4
9827 4
9828 6
9829 4
9830 5
9831 2
9832 0
9833 4
9834 5
9835 2
9836 2
9837 5
9838 3
9839 6
9840 5
9841 1
9842 1
9843 4
9844 3
9845 4
9846 1
9847 4
9848 2
9849 7
9850 2
9851 6
9852 1
9853 0
9854 1
9855 5
9856 5
9857 3
9858 5
9859 5
9860 4
9861 3
9862 5
9863 2
9864 5
9865 4
9866 3
9867 6
9868 4
9869 2
9870 1
9871 5
9872 3
9873 4
9874 4
9875 2
9876 4
9877 3
9878 3
9879 4
9880 5
9881 2
9882 3
9883 4
9884 3
9885 3
9886 4
9887 3
9888 4
9889 2
9890 2
9891 4
9892 3
9893 4
9894 3
9895 3
9896 3
9897 5
9898 2
9899 0
9900 5
9901 3
9902 4
9903 3
9904 2
9905 2
9906 4
9907 3
9908 2
9909 2
9910 2
9911 6
9912 3
9913 4
9914 5
9915 3
9916 3
9917 2
9918 3
9919 2
9920 4
9921 2
9922 2
9923 4
9924 3
9925 1
9926 1
9927 5
9928 5
9929 5
9930 4
9931 3
9932 3
9933 4
9934 4
9935 4
9936 3
9937 2
9938 3
9939 7
9940 3
9941 4
9942 1
9943 4
9944 3
9945 3
9946 2
9947 2
9948 2
9949 3
9950 5
9951 2
9952 3
9953 6
9954 4
9955 5
9956 4
9957 4
9958 2
9959 4
9960 5
9961 2
9962 5
9963 2
9964 1
9965 3
9966 3
9967 4
9968 2
9969 3
9970 2
9971 5
9972 5
9973 7
9974 4
9975 3
9976 4
9977 4
9978 4
9979 2
9980 1
9981 8
9982 3
9983 5
9984 3
9985 1
9986 5
9987 3
9988 2
9989 2
9990 2
9991 6
9992 5
9993 4
9994 2
9995 5
9996 3
9997 4
9998 2
9999 2
10000 5
10001 1
