0 0
1 5
2 1
3 1
4 3
5 0
6 0
7 2
8 4
9 2
10 1
11 1
12 0
13 0
14 1
15 1
16 1
17 0
18 0
19 0
20 0
21 3
22 0
23 2
24 0
25 0
26 2
27 1
28 0
29 0
30 0
31 0
32 2
33 3
34 0
35 3
36 2
37 0
38 5
39 5
40 0
41 2
42 3
43 0
44 1
45 0
46 0
47 0
48 1
49 2
50 1
51 0
52 1
53 1
54 1
55 0
56 3
57 2
58 1
59 1
60 0
61 4
62 2
63 7
64 0
65 1
66 1
67 0
68 0
69 0
70 0
71 0
72 0
73 0
74 0
75 0
76 0
77 0
78 0
79 1
80 0
81 3
82 0
83 1
84 1
85 2
86 1
87 0
88 2
89 1
90 0
91 0
92 1
93 1
94 0
95 0
96 0
97 1
98 0
99 2
100 0
101 0
102 0
103 2
104 1
105 1
106 0
107 1
108 1
109 1
110 0
111 1
112 0
113 1
114 1
115 0
116 0
117 1
118 1
119 5
120 1
121 0
122 2
123 0
124 1
125 0
126 2
127 1
128 1
129 0
130 1
131 0
132 1
133 1
134 0
135 1
136 1
137 1
138 0
139 1
140 2
141 0
142 0
143 0
144 0
145 0
146 0
147 0
148 0
149 0
150 0
151 0
152 1
153 2
154 0
155 2
156 0
157 0
158 0
159 4
160 2
161 0
162 0
163 4
164 0
165 0
166 1
167 1
168 4
169 1
170 0
171 0
172 0
173 4
174 1
175 0
176 0
177 0
178 0
179 0
180 0
181 0
182 0
183 2
184 2
185 1
186 0
187 0
188 3
189 3
190 3
191 4
192 0
193 2
194 0
195 2
196 0
197 0
198 4
199 0
200 0
201 0
202 0
203 0
204 0
205 0
206 1
207 0
208 0
209 0
210 0
211 0
212 0
213 1
214 1
215 2
216 0
217 1
218 1
219 0
220 0
221 0
222 0
223 1
224 1
225 4
226 2
227 1
228 0
229 4
230 3
231 4
232 1
233 3
234 0
235 2
236 0
237 2
238 0
239 2
240 0
241 0
242 1
243 2
244 0
245 1
246 1
247 0
248 0
249 0
250 0
251 2
252 0
253 1
254 2
255 0
256 3
257 2
258 4
259 4
260 0
261 0
262 3
263 2
264 2
265 0
266 1
267 0
268 1
269 3
270 1
271 0
272 0
273 0
274 0
275 1
276 2
277 2
278 2
279 0
280 0
281 0
282 0
283 0
284 0
285 1
286 0
287 1
288 0
289 0
290 0
291 0
292 0
293 0
294 0
295 0
296 2
297 1
298 1
299 0
300 0
301 0
302 0
303 0
304 0
305 2
306 2
307 2
308 0
309 0
310 0
311 2
312 0
313 0
314 4
315 0
316 1
317 2
318 0
319 0
320 0
321 0
322 0
323 2
324 0
325 0
326 2
327 0
328 2
329 2
330 0
331 0
332 0
333 0
334 0
335 0
336 0
337 0
338 0
339 0
340 0
341 0
342 0
343 0
344 2
345 2
346 2
347 0
348 0
349 1
350 3
351 0
352 0
353 2
354 0
355 2
356 2
357 0
358 0
359 0
360 0
361 0
362 2
363 0
364 2
365 3
366 2
367 3
368 2
369 0
370 1
371 1
372 1
373 2
374 3
375 2
376 1
377 3
378 0
379 1
380 0
381 2
382 3
383 2
384 1
385 0
386 1
387 0
388 0
389 1
390 0
391 1
392 2
393 2
394 2
395 0
396 2
397 0
398 3
399 0
400 0
401 2
402 0
403 1
404 0
405 1
406 6
407 2
408 4
409 0
410 2
411 4
412 2
413 2
414 2
415 2
416 0
417 4
418 4
419 0
420 2
421 2
422 2
423 2
424 0
425 2
426 4
427 0
428 0
429 1
430 2
431 0
432 1
433 0
434 7
435 2
436 0
437 2
438 4
439 3
440 0
441 0
442 6
443 0
444 2
445 0
446 2
447 2
448 1
449 5
450 3
451 4
452 0
453 0
454 0
455 4
456 0
457 0
458 0
459 6
460 0
461 4
462 1
463 5
464 1
465 2
466 2
467 0
468 2
469 1
470 3
471 2
472 2
473 2
474 0
475 1
476 3
477 3
478 1
479 4
480 0
481 0
482 3
483 1
484 1
485 2
486 4
487 4
488 3
489 7
490 2
491 0
492 3
493 3
494 4
495 0
496 3
497 1
498 1
499 2
500 7
501 4
502 2
503 1
504 0
505 2
506 2
507 0
508 1
509 5
510 4
511 2
512 2
513 0
514 0
515 7
516 3
517 3
518 8
519 5
520 0
521 1
522 5
523 2
524 3
525 0
526 2
527 3
528 2
529 2
530 0
531 2
532 0
533 2
534 0
535 2
536 2
537 0
538 2
539 4
540 9
541 0
542 4
543 0
544 4
545 2
546 3
547 5
548 5
549 2
550 4
551 1
552 6
553 7
554 0
555 0
556 6
557 3
558 2
559 1
560 1
561 3
562 6
563 4
564 5
565 4
566 0
567 5
568 2
569 1
570 3
571 1
572 3
573 0
574 5
575 2
576 0
577 2
578 0
579 2
580 3
581 0
582 0
583 1
584 5
585 4
586 3
587 2
588 3
589 2
590 2
591 2
592 3
593 3
594 4
595 6
596 2
597 4
598 3
599 1
600 0
601 5
602 1
603 1
604 3
605 3
606 1
607 1
608 0
609 7
610 5
611 6
612 1
613 0
614 3
615 4
616 5
617 0
618 1
619 1
620 0
621 4
622 4
623 1
624 4
625 0
626 4
627 2
628 6
629 2
630 0
631 4
632 4
633 1
634 0
635 0
636 1
637 2
638 0
639 0
640 0
641 0
642 2
643 0
644 0
645 2
646 2
647 0
648 2
649 4
650 0
651 0
652 2
653 0
654 2
655 0
656 4
657 3
658 6
659 3
660 7
661 1
662 0
663 1
664 2
665 2
666 0
667 0
668 0
669 4
670 1
671 0
672 2
673 3
674 2
675 0
676 5
677 2
678 1
679 2
680 0
681 0
682 4
683 6
684 4
685 2
686 2
687 3
688 6
689 2
690 0
691 0
692 0
693 2
694 0
695 0
696 4
697 2
698 0
699 0
700 2
701 0
702 0
703 1
704 0
705 2
706 2
707 5
708 0
709 0
710 2
711 0
712 0
713 2
714 4
715 3
716 2
717 0
718 0
719 1
720 3
721 2
722 4
723 4
724 1
725 0
726 0
727 2
728 3
729 0
730 3
731 4
732 4
733 1
734 2
735 0
736 3
737 2
738 5
739 3
740 3
741 3
742 1
743 3
744 2
745 1
746 1
747 1
748 7
749 0
750 0
751 2
752 3
753 0
754 1
755 0
756 3
757 2
758 1
759 4
760 1
761 1
762 2
763 5
764 3
765 0
766 0
767 2
768 3
769 0
770 1
771 2
772 2
773 3
774 0
775 4
776 4
777 0
778 2
779 2
780 4
781 0
782 1
783 3
784 2
785 0
786 6
787 2
788 4
789 0
790 4
791 0
792 0
793 2
794 0
795 4
796 0
797 4
798 0
799 1
800 3
801 2
802 3
803 3
804 2
805 0
806 5
807 1
808 1
809 2
810 5
811 6
812 2
813 3
814 5
815 0
816 0
817 1
818 3
819 0
820 0
821 5
822 2
823 2
824 3
825 0
826 2
827 3
828 0
829 0
830 0
831 1
832 2
833 2
834 0
835 0
836 2
837 2
838 5
839 5
840 3
841 2
842 0
843 0
844 0
845 0
846 2
847 0
848 1
849 2
850 2
851 3
852 2
853 2
854 0
855 0
856 2
857 0
858 2
859 0
860 0
861 4
862 0
863 0
864 2
865 1
866 0
867 4
868 5
869 4
870 1
871 0
872 3
873 1
874 3
875 1
876 0
877 9
878 2
879 1
880 3
881 4
882 2
883 2
884 4
885 1
886 0
887 1
888 0
889 6
890 0
891 2
892 9
893 0
894 0
895 3
896 3
897 4
898 0
899 2
900 6
901 0
902 2
903 6
904 3
905 6
906 3
907 3
908 1
909 3
910 1
911 1
912 2
913 4
914 2
915 2
916 5
917 4
918 4
919 2
920 3
921 5
922 0
923 4
924 3
925 1
926 2
927 4
928 0
929 0
930 2
931 5
932 1
933 3
934 5
935 6
936 3
937 5
938 2
939 5
940 5
941 5
942 4
943 6
944 0
945 6
946 0
947 3
948 6
949 1
950 3
951 0
952 0
953 2
954 2
955 3
956 0
957 1
958 7
959 5
960 3
961 2
962 1
963 5
964 4
965 5
966 0
967 3
968 5
969 2
970 0
971 1
972 3
973 0
974 0
975 4
976 3
977 1
978 0
979 3
980 2
981 3
982 3
983 5
984 6
985 9
986 4
987 2
988 3
989 6
990 3
991 0
992 2
993 3
994 3
995 5
996 0
997 4
998 0
999 2
1000 1
1001 0
1002 7
1003 1
1004 6
1005 2
1006 2
1007 3
1008 0
1009 2
1010 2
1011 1
1012 0
1013 5
1014 4
1015 0
1016 6
1017 6
1018 1
1019 1
1020 0
1021 1
1022 0
1023 8
1024 2
1025 1
1026 9
1027 0
1028 5
1029 1
1030 7
1031 1
1032 0
1033 3
1034 2
1035 5
1036 4
1037 5
1038 2
1039 4
1040 1
1041 0
1042 0
1043 1
1044 2
1045 0
1046 2
1047 4
1048 3
1049 2
1050 1
1051 0
1052 0
1053 2
1054 1
1055 1
1056 2
1057 3
1058 5
1059 2
1060 2
1061 5
1062 1
1063 5
1064 0
1065 3
1066 2
1067 2
1068 2
1069 1
1070 2
1071 0
1072 1
1073 3
1074 4
1075 2
1076 4
1077 2
1078 1
1079 4
1080 2
1081 3
1082 8
1083 2
1084 3
1085 2
1086 9
1087 7
1088 10
1089 4
1090 0
1091 5
1092 2
1093 6
1094 2
1095 0
1096 4
1097 2
1098 1
1099 2
1100 2
1101 3
1102 3
1103 5
1104 4
1105 5
1106 3
1107 2
1108 4
1109 2
1110 1
1111 2
1112 1
1113 2
1114 2
1115 4
1116 3
1117 3
1118 1
1119 3
1120 1
1121 4
1122 4
1123 4
1124 5
1125 1
1126 2
1127 0
1128 5
1129 3
1130 2
1131 7
1132 2
1133 0
1134 2
1135 0
1136 1
1137 7
1138 6
1139 0
1140 5
1141 0
1142 1
1143 0
1144 2
1145 1
1146 2
1147 4
1148 3
1149 0
1150 1
1151 3
1152 1
1153 2
1154 1
1155 4
1156 2
1157 4
1158 1
1159 5
1160 2
1161 5
1162 5
1163 2
1164 0
1165 4
1166 3
1167 5
1168 2
1169 2
1170 2
1171 2
1172 2
1173 0
1174 0
1175 2
1176 2
1177 0
1178 4
1179 2
1180 2
1181 0
1182 5
1183 2
1184 2
1185 0
1186 4
1187 2
1188 2
1189 1
1190 1
1191 1
1192 1
1193 0
1194 3
1195 0
1196 2
1197 0
1198 0
1199 0
1200 0
1201 2
1202 1
1203 0
1204 0
1205 2
1206 4
1207 1
1208 1
1209 7
1210 5
1211 1
1212 2
1213 6
1214 2
1215 2
1216 10
1217 1
1218 1
1219 3
1220 0
1221 4
1222 2
1223 1
1224 5
1225 4
1226 2
1227 5
1228 2
1229 0
1230 5
1231 1
1232 1
1233 5
1234 8
1235 3
1236 3
1237 2
1238 0
1239 0
1240 4
1241 0
1242 2
1243 0
1244 1
1245 2
1246 6
1247 7
1248 0
1249 4
1250 4
1251 6
1252 1
1253 6
1254 4
1255 3
1256 5
1257 1
1258 2
1259 3
1260 1
1261 2
1262 1
1263 3
1264 9
1265 2
1266 0
1267 3
1268 0
1269 2
1270 3
1271 2
1272 6
1273 2
1274 2
1275 1
1276 3
1277 2
1278 0
1279 2
1280 0
1281 2
1282 6
1283 7
1284 3
1285 1
1286 0
1287 2
1288 2
1289 1
1290 6
1291 0
1292 0
1293 2
1294 1
1295 4
1296 0
1297 2
1298 2
1299 0
1300 4
1301 0
1302 0
1303 2
1304 4
1305 4
1306 5
1307 6
1308 1
1309 3
1310 4
1311 0
1312 1
1313 2
1314 2
1315 1
1316 0
1317 0
1318 1
1319 4
1320 0
1321 2
1322 0
1323 6
1324 0
1325 1
1326 0
1327 5
1328 0
1329 0
1330 2
1331 2
1332 3
1333 0
1334 3
1335 2
1336 0
1337 0
1338 1
1339 1
1340 1
1341 4
1342 0
1343 1
1344 0
1345 4
1346 4
1347 4
1348 4
1349 3
1350 0
1351 3
1352 3
1353 4
1354 1
1355 9
1356 0
1357 2
1358 5
1359 2
1360 3
1361 2
1362 4
1363 1
1364 2
1365 9
1366 0
1367 1
1368 3
1369 0
1370 2
1371 0
1372 3
1373 2
1374 4
1375 5
1376 0
1377 2
1378 8
1379 1
1380 4
1381 0
1382 2
1383 2
1384 2
1385 3
1386 2
1387 0
1388 3
1389 2
1390 2
1391 0
1392 5
1393 1
1394 2
1395 5
1396 0
1397 2
1398 3
1399 5
1400 2
1401 2
1402 0
1403 5
1404 0
1405 3
1406 0
1407 4
1408 0
1409 4
1410 1
1411 6
1412 5
1413 0
1414 2
1415 1
1416 2
1417 2
1418 2
1419 4
1420 4
1421 0
1422 1
1423 0
1424 0
1425 0
1426 2
1427 0
1428 1
1429 2
1430 2
1431 3
1432 5
1433 1
1434 1
1435 3
1436 1
1437 0
1438 2
1439 7
1440 2
1441 6
1442 7
1443 3
1444 0
1445 5
1446 1
1447 4
1448 1
1449 4
1450 3
1451 0
1452 6
1453 1
1454 3
1455 7
1456 3
1457 4
1458 1
1459 0
1460 1
1461 3
1462 3
1463 3
1464 1
1465 3
1466 2
1467 1
1468 1
1469 1
1470 2
1471 1
1472 2
1473 4
1474 2
1475 2
1476 2
1477 0
1478 1
1479 2
1480 1
1481 0
1482 4
1483 1
1484 2
1485 6
1486 0
1487 0
1488 0
1489 0
1490 0
1491 3
1492 0
1493 0
1494 0
1495 0
1496 0
1497 2
1498 2
1499 1
1500 2
1501 2
1502 4
1503 1
1504 2
1505 0
1506 2
1507 2
1508 2
1509 2
1510 0
1511 2
1512 4
1513 0
1514 2
1515 0
1516 4
1517 0
1518 0
1519 0
1520 0
1521 2
1522 2
1523 0
1524 0
1525 3
1526 2
1527 5
1528 6
1529 0
1530 2
1531 2
1532 0
1533 1
1534 1
1535 1
1536 4
1537 4
1538 1
1539 3
1540 2
1541 0
1542 2
1543 2
1544 4
1545 2
1546 2
1547 2
1548 5
1549 1
1550 3
1551 5
1552 3
1553 4
1554 0
1555 4
1556 0
1557 0
1558 2
1559 7
1560 2
1561 3
1562 6
1563 1
1564 4
1565 0
1566 0
1567 2
1568 4
1569 3
1570 2
1571 1
1572 2
1573 3
1574 0
1575 2
1576 2
1577 4
1578 2
1579 4
1580 2
1581 2
1582 0
1583 0
1584 5
1585 0
1586 8
1587 2
1588 2
1589 4
1590 2
1591 0
1592 0
1593 0
1594 0
1595 0
1596 0
1597 4
1598 4
1599 0
1600 0
1601 0
1602 0
1603 1
1604 0
1605 2
1606 2
1607 1
1608 0
1609 1
1610 1
1611 2
1612 2
1613 0
1614 0
1615 6
1616 2
1617 0
1618 2
1619 1
1620 1
1621 2
1622 5
1623 2
1624 0
1625 4
1626 0
1627 0
1628 2
1629 0
1630 0
1631 4
1632 0
1633 0
1634 2
1635 0
1636 2
1637 0
1638 0
1639 4
1640 0
1641 0
1642 2
1643 4
1644 2
1645 2
1646 2
1647 2
1648 0
1649 2
1650 1
1651 4
1652 0
1653 1
1654 2
1655 0
1656 0
1657 2
1658 3
1659 0
1660 5
1661 3
1662 2
1663 5
1664 0
1665 2
1666 3
1667 7
1668 3
1669 2
1670 4
1671 2
1672 4
1673 7
1674 5
1675 2
1676 0
1677 2
1678 5
1679 2
1680 0
1681 2
1682 5
1683 2
1684 2
1685 0
1686 2
1687 3
1688 2
1689 1
1690 2
1691 0
1692 0
1693 3
1694 2
1695 1
1696 1
1697 3
1698 2
1699 2
1700 1
1701 3
1702 0
1703 0
1704 0
1705 2
1706 3
1707 3
1708 0
1709 2
1710 2
1711 2
1712 4
1713 4
1714 2
1715 3
1716 2
1717 0
1718 0
1719 0
1720 2
1721 0
1722 2
1723 5
1724 3
1725 1
1726 4
1727 0
1728 0
1729 2
1730 2
1731 2
1732 3
1733 6
1734 3
1735 3
1736 0
1737 3
1738 0
1739 4
1740 4
1741 2
1742 1
1743 2
1744 5
1745 0
1746 1
1747 2
1748 3
1749 0
1750 1
1751 3
1752 6
1753 2
1754 1
1755 3
1756 3
1757 0
1758 4
1759 2
1760 4
1761 0
1762 2
1763 4
1764 1
1765 2
1766 1
1767 2
1768 4
1769 1
1770 0
1771 1
1772 1
1773 1
1774 1
1775 2
1776 0
1777 4
1778 2
1779 0
1780 2
1781 6
1782 0
1783 2
1784 0
1785 0
1786 0
1787 2
1788 0
1789 2
1790 2
1791 4
1792 0
1793 0
1794 0
1795 1
1796 2
1797 0
1798 0
1799 2
1800 2
1801 0
1802 2
1803 2
1804 0
1805 6
1806 6
1807 0
1808 2
1809 0
1810 4
1811 2
1812 4
1813 0
1814 4
1815 0
1816 2
1817 0
1818 0
1819 0
1820 2
1821 0
1822 4
1823 2
1824 0
1825 4
1826 2
1827 2
1828 2
1829 0
1830 0
1831 0
1832 0
1833 2
1834 4
1835 0
1836 0
1837 2
1838 0
1839 0
1840 0
1841 0
1842 0
1843 2
1844 0
1845 0
1846 2
1847 0
1848 4
1849 2
1850 0
1851 2
1852 0
1853 0
1854 2
1855 0
1856 2
1857 4
1858 2
1859 4
1860 0
1861 0
1862 0
1863 0
1864 2
1865 2
1866 0
1867 4
1868 0
1869 0
1870 0
1871 0
1872 2
1873 0
1874 2
1875 2
1876 4
1877 0
1878 2
1879 4
1880 2
1881 2
1882 0
1883 2
1884 2
1885 0
1886 0
1887 2
1888 0
1889 0
1890 1
1891 2
1892 0
1893 2
1894 4
1895 2
1896 6
1897 4
1898 0
1899 3
1900 0
1901 2
1902 4
1903 0
1904 0
1905 1
1906 0
1907 0
1908 1
1909 0
1910 3
1911 0
1912 1
1913 4
1914 0
1915 0
1916 2
1917 0
1918 0
1919 2
1920 2
1921 0
1922 0
1923 2
1924 0
1925 0
1926 0
1927 2
1928 2
1929 0
1930 2
1931 2
1932 2
1933 0
1934 0
1935 2
1936 2
1937 0
1938 0
1939 6
1940 2
1941 2
1942 0
1943 0
1944 0
1945 0
1946 2
1947 2
1948 2
1949 2
1950 2
1951 0
1952 1
1953 0
1954 2
1955 2
1956 1
1957 2
1958 3
1959 2
1960 2
1961 1
1962 0
1963 3
1964 0
1965 4
1966 0
1967 1
1968 3
1969 1
1970 2
1971 4
1972 1
1973 3
1974 5
1975 4
1976 4
1977 2
1978 3
1979 2
1980 1
1981 3
1982 0
1983 0
1984 2
1985 3
1986 7
1987 1
1988 0
1989 1
1990 0
1991 1
1992 0
1993 3
1994 1
1995 1
1996 4
1997 2
1998 6
1999 2
2000 2
2001 2
2002 6
2003 2
2004 3
2005 1
2006 1
2007 3
2008 1
2009 3
2010 5
2011 2
2012 3
2013 0
2014 4
2015 2
2016 0
2017 1
2018 3
2019 0
2020 1
2021 0
2022 3
2023 1
2024 0
2025 2
2026 0
2027 0
2028 2
2029 0
2030 0
2031 2
2032 0
2033 2
2034 0
2035 0
2036 0
2037 2
2038 4
2039 0
2040 0
2041 0
2042 4
2043 4
2044 4
2045 2
2046 0
2047 2
2048 0
2049 0
2050 2
2051 0
2052 2
2053 2
2054 2
2055 6
2056 0
2057 0
2058 2
2059 0
2060 0
2061 2
2062 2
2063 4
2064 0
2065 0
2066 1
2067 3
2068 3
2069 0
2070 0
2071 1
2072 4
2073 3
2074 1
2075 0
2076 0
2077 1
2078 1
2079 1
2080 0
2081 2
2082 0
2083 1
2084 0
2085 0
2086 0
2087 0
2088 1
2089 0
2090 0
2091 1
2092 1
2093 1
2094 2
2095 0
2096 0
2097 1
2098 0
2099 1
2100 0
2101 0
2102 0
2103 0
2104 0
2105 0
2106 0
2107 0
2108 0
2109 0
2110 0
2111 0
2112 1
2113 0
2114 2
2115 1
2116 5
2117 3
2118 0
2119 0
2120 2
2121 2
2122 0
2123 1
2124 2
2125 0
2126 0
2127 0
2128 4
2129 2
2130 0
2131 0
2132 0
2133 0
2134 0
2135 0
2136 2
2137 0
2138 0
2139 0
2140 0
2141 0
2142 1
2143 0
2144 2
2145 0
2146 2
2147 0
2148 0
2149 0
2150 2
2151 0
2152 0
2153 2
2154 2
2155 3
2156 2
2157 4
2158 1
2159 2
2160 3
2161 0
2162 1
2163 0
2164 0
2165 2
2166 2
2167 3
2168 1
2169 3
2170 1
2171 0
2172 2
2173 1
2174 2
2175 3
2176 5
2177 2
2178 0
2179 0
2180 2
2181 4
2182 1
2183 0
2184 2
2185 1
2186 1
2187 3
2188 0
2189 6
2190 1
2191 0
2192 0
2193 1
2194 4
2195 3
2196 0
2197 4
2198 2
2199 2
2200 0
2201 3
2202 0
2203 1
2204 3
2205 1
2206 0
2207 3
2208 0
2209 2
2210 0
2211 2
2212 4
2213 0
2214 0
2215 0
2216 3
2217 0
2218 4
2219 4
2220 0
2221 2
2222 3
2223 3
2224 0
2225 1
2226 0
2227 3
2228 1
2229 0
2230 0
2231 5
2232 1
2233 0
2234 0
2235 2
2236 0
2237 0
2238 0
2239 3
2240 3
2241 1
2242 2
2243 0
2244 3
2245 3
2246 0
2247 2
2248 3
2249 0
2250 1
2251 0
2252 1
2253 0
2254 1
2255 0
2256 3
2257 1
2258 1
2259 1
2260 1
2261 1
2262 2
2263 0
2264 2
2265 3
2266 2
2267 2
2268 1
2269 0
2270 0
2271 0
2272 3
2273 1
2274 1
2275 1
2276 4
2277 5
2278 0
2279 0
2280 2
2281 0
2282 0
2283 4
2284 2
2285 3
2286 0
2287 0
2288 4
2289 3
2290 2
2291 1
2292 0
2293 0
2294 0
2295 5
2296 5
2297 0
2298 3
2299 1
2300 5
2301 5
2302 0
2303 0
2304 1
2305 1
2306 2
2307 2
2308 2
2309 3
2310 3
2311 5
2312 3
2313 0
2314 1
2315 0
2316 1
2317 0
2318 1
2319 0
2320 0
2321 0
2322 0
2323 2
2324 0
2325 0
2326 0
2327 2
2328 0
2329 1
2330 2
2331 0
2332 2
2333 2
2334 4
2335 0
2336 0
2337 2
2338 2
2339 0
2340 0
2341 2
2342 2
2343 2
2344 4
2345 3
2346 0
2347 4
2348 1
2349 0
2350 0
2351 0
2352 0
2353 0
2354 4
2355 4
2356 0
2357 0
2358 3
2359 3
2360 2
2361 1
2362 0
2363 3
2364 6
2365 1
2366 2
2367 0
2368 2
2369 2
2370 2
2371 2
2372 2
2373 4
2374 0
2375 2
2376 0
2377 2
2378 2
2379 0
2380 3
2381 0
2382 0
2383 0
2384 2
2385 2
2386 0
2387 0
2388 0
2389 2
2390 2
2391 1
2392 1
2393 0
2394 1
2395 2
2396 2
2397 1
2398 0
2399 2
2400 1
2401 5
2402 0
2403 2
2404 1
2405 3
2406 0
2407 2
2408 1
2409 2
2410 0
2411 0
2412 2
2413 1
2414 0
2415 0
2416 3
2417 3
2418 3
2419 5
2420 2
2421 0
2422 0
2423 0
2424 2
2425 0
2426 3
2427 1
2428 1
2429 2
2430 2
2431 0
2432 0
2433 1
2434 0
2435 0
2436 2
2437 0
2438 0
2439 0
2440 1
2441 5
2442 0
2443 1
2444 3
2445 1
2446 1
2447 0
2448 2
2449 1
2450 1
2451 1
2452 3
2453 1
2454 2
2455 3
2456 0
2457 2
2458 2
2459 0
2460 0
2461 1
2462 1
2463 0
2464 4
2465 0
2466 2
2467 2
2468 2
2469 2
2470 2
2471 3
2472 2
2473 2
2474 1
2475 3
2476 0
2477 0
2478 0
2479 2
2480 2
2481 1
2482 0
2483 1
2484 0
2485 1
2486 0
2487 0
2488 0
2489 1
2490 0
2491 1
2492 3
2493 0
2494 0
2495 0
2496 2
2497 1
2498 1
2499 0
2500 0
2501 1
2502 0
2503 2
2504 0
2505 2
2506 4
2507 2
2508 1
2509 6
2510 0
2511 2
2512 1
2513 0
2514 3
2515 2
2516 0
2517 0
2518 6
2519 0
2520 0
2521 1
2522 3
2523 4
2524 0
2525 0
2526 3
2527 0
2528 4
2529 4
2530 1
2531 2
2532 1
2533 3
2534 0
2535 0
2536 0
2537 2
2538 2
2539 0
2540 1
2541 0
2542 0
2543 0
2544 1
2545 0
2546 0
2547 2
2548 0
2549 0
2550 0
2551 3
2552 0
2553 0
2554 4
2555 2
2556 1
2557 1
2558 1
2559 4
2560 1
2561 2
2562 0
2563 1
2564 2
2565 1
2566 4
2567 0
2568 1
2569 0
2570 1
2571 1
2572 0
2573 0
2574 0
2575 0
2576 2
2577 3
2578 0
2579 3
2580 2
2581 2
2582 0
2583 0
2584 2
2585 0
2586 2
2587 0
2588 6
2589 0
2590 1
2591 4
2592 7
2593 0
2594 3
2595 3
2596 1
2597 0
2598 0
2599 3
2600 3
2601 1
2602 2
2603 2
2604 2
2605 2
2606 1
2607 3
2608 3
2609 0
2610 3
2611 2
2612 2
2613 1
2614 0
2615 0
2616 2
2617 3
2618 3
2619 0
2620 2
2621 2
2622 3
2623 5
2624 3
2625 3
2626 3
2627 6
2628 0
2629 3
2630 0
2631 3
2632 0
2633 0
2634 0
2635 3
2636 5
2637 0
2638 0
2639 0
2640 5
2641 0
2642 3
2643 0
2644 5
2645 3
2646 5
2647 3
2648 2
2649 5
2650 4
2651 2
2652 5
2653 2
2654 1
2655 2
2656 2
2657 0
2658 1
2659 5
2660 1
2661 0
2662 1
2663 1
2664 4
2665 4
2666 3
2667 0
2668 0
2669 1
2670 0
2671 0
2672 1
2673 2
2674 4
2675 3
2676 0
2677 0
2678 0
2679 2
2680 2
2681 2
2682 0
2683 0
2684 0
2685 2
2686 2
2687 2
2688 0
2689 0
2690 2
2691 4
2692 0
2693 0
2694 0
2695 3
2696 2
2697 2
2698 0
2699 0
2700 0
2701 0
2702 4
2703 3
2704 0
2705 0
2706 0
2707 2
2708 0
2709 0
2710 2
2711 0
2712 0
2713 2
2714 0
2715 0
2716 0
2717 0
2718 2
2719 0
2720 0
2721 2
2722 2
2723 2
2724 4
2725 2
2726 0
2727 0
2728 4
2729 0
2730 2
2731 2
2732 2
2733 0
2734 0
2735 5
2736 4
2737 2
2738 0
2739 1
2740 2
2741 0
2742 3
2743 0
2744 0
2745 2
2746 0
2747 0
2748 0
2749 2
2750 0
2751 0
2752 0
2753 0
2754 4
2755 0
2756 4
2757 3
2758 2
2759 0
2760 2
2761 4
2762 0
2763 0
2764 4
2765 0
2766 0
2767 0
2768 8
2769 6
2770 6
2771 2
2772 2
2773 2
2774 0
2775 0
2776 2
2777 2
2778 5
2779 6
2780 2
2781 0
2782 4
2783 1
2784 0
2785 0
2786 1
2787 3
2788 1
2789 2
2790 1
2791 8
2792 0
2793 0
2794 2
2795 2
2796 0
2797 0
2798 4
2799 2
2800 2
2801 4
2802 2
2803 4
2804 2
2805 4
2806 0
2807 2
2808 2
2809 2
2810 4
2811 2
2812 2
2813 0
2814 0
2815 0
2816 0
2817 2
2818 2
2819 2
2820 2
2821 2
2822 4
2823 0
2824 0
2825 4
2826 0
2827 3
2828 4
2829 2
2830 2
2831 4
2832 2
2833 2
2834 0
2835 2
2836 0
2837 2
2838 0
2839 0
2840 2
2841 0
2842 0
2843 2
2844 4
2845 0
2846 2
2847 6
2848 0
2849 1
2850 0
2851 0
2852 2
2853 0
2854 2
2855 4
2856 0
2857 2
2858 4
2859 4
2860 4
2861 0
2862 0
2863 0
2864 4
2865 0
2866 0
2867 0
2868 0
2869 0
2870 0
2871 0
2872 2
2873 2
2874 0
2875 2
2876 0
2877 0
2878 1
2879 6
2880 2
2881 2
2882 8
2883 0
2884 1
2885 4
2886 0
2887 2
2888 2
2889 2
2890 1
2891 0
2892 0
2893 0
2894 0
2895 2
2896 0
2897 0
2898 2
2899 4
2900 2
2901 4
2902 2
2903 6
2904 2
2905 2
2906 0
2907 0
2908 6
2909 6
2910 0
2911 0
2912 0
2913 0
2914 0
2915 5
2916 4
2917 2
2918 2
2919 4
2920 2
2921 2
2922 0
2923 6
2924 4
2925 0
2926 0
2927 2
2928 0
2929 0
2930 2
2931 0
2932 0
2933 2
2934 0
2935 0
2936 0
2937 2
2938 2
2939 2
2940 0
2941 2
2942 0
2943 0
2944 0
2945 0
2946 0
2947 2
2948 0
2949 0
2950 0
2951 0
2952 0
2953 0
2954 0
2955 0
2956 0
2957 0
2958 2
2959 0
2960 2
2961 0
2962 2
2963 0
2964 0
2965 0
2966 0
2967 0
2968 0
2969 4
2970 2
2971 0
2972 0
2973 0
2974 0
2975 0
2976 0
2977 2
2978 3
2979 0
2980 2
2981 0
2982 0
2983 2
2984 3
2985 1
2986 0
2987 1
2988 0
2989 0
2990 0
2991 3
2992 1
2993 0
2994 2
2995 2
2996 3
2997 0
2998 1
2999 0
3000 0
3001 1
3002 2
3003 0
3004 1
3005 3
3006 1
3007 0
3008 2
3009 1
3010 1
3011 2
3012 1
3013 0
3014 0
3015 2
3016 4
3017 0
3018 4
3019 3
3020 4
3021 0
3022 0
3023 0
3024 1
3025 3
3026 1
3027 1
3028 2
3029 0
3030 0
3031 0
3032 2
3033 1
3034 1
3035 1
3036 1
3037 2
3038 1
3039 1
3040 1
3041 0
3042 0
3043 0
3044 3
3045 0
3046 1
3047 0
3048 3
3049 2
3050 2
3051 0
3052 0
3053 3
3054 0
3055 0
3056 0
3057 2
3058 0
3059 0
3060 2
3061 0
3062 0
3063 4
3064 3
3065 4
3066 0
3067 0
3068 0
3069 0
3070 0
3071 2
3072 0
3073 5
3074 4
3075 2
3076 2
3077 1
3078 0
3079 0
3080 0
3081 0
3082 2
3083 2
3084 2
3085 0
3086 2
3087 0
3088 0
3089 0
3090 0
3091 4
3092 0
3093 4
3094 3
3095 0
3096 0
3097 0
3098 2
3099 2
3100 0
3101 0
3102 0
3103 0
3104 6
3105 0
3106 4
3107 0
3108 0
3109 2
3110 2
3111 2
3112 2
3113 4
3114 0
3115 0
3116 6
3117 0
3118 2
3119 0
3120 2
3121 2
3122 0
3123 0
3124 2
3125 2
3126 0
3127 4
3128 2
3129 5
3130 1
3131 5
3132 0
3133 0
3134 2
3135 3
3136 2
3137 0
3138 4
3139 6
3140 2
3141 0
3142 2
3143 2
3144 0
3145 0
3146 2
3147 6
3148 0
3149 5
3150 0
3151 0
3152 4
3153 4
3154 0
3155 2
3156 2
3157 2
3158 2
3159 0
3160 10
3161 2
3162 4
3163 2
3164 0
3165 0
3166 2
3167 0
3168 1
3169 0
3170 2
3171 0
3172 2
3173 4
3174 2
3175 2
3176 2
3177 2
3178 4
3179 0
3180 1
3181 0
3182 0
3183 0
3184 2
3185 0
3186 0
3187 3
3188 8
3189 4
3190 0
3191 6
3192 0
3193 2
3194 5
3195 4
3196 4
3197 4
3198 0
3199 0
3200 0
3201 1
3202 0
3203 1
3204 0
3205 0
3206 0
3207 1
3208 1
3209 0
3210 2
3211 1
3212 3
3213 7
3214 1
3215 2
3216 1
3217 2
3218 2
3219 3
3220 4
3221 1
3222 0
3223 3
3224 0
3225 0
3226 0
3227 0
3228 1
3229 0
3230 1
3231 0
3232 1
3233 2
3234 6
3235 0
3236 1
3237 2
3238 0
3239 2
3240 2
3241 0
3242 0
3243 0
3244 0
3245 2
3246 0
3247 0
3248 2
3249 4
3250 2
3251 6
3252 0
3253 2
3254 2
3255 4
3256 3
3257 0
3258 2
3259 2
3260 0
3261 0
3262 0
3263 0
3264 2
3265 5
3266 2
3267 0
3268 2
3269 2
3270 4
3271 4
3272 4
3273 2
3274 4
3275 2
3276 0
3277 1
3278 2
3279 2
3280 0
3281 0
3282 0
3283 2
3284 0
3285 2
3286 2
3287 2
3288 4
3289 0
3290 0
3291 4
3292 0
3293 2
3294 0
3295 2
3296 6
3297 4
3298 4
3299 4
3300 4
3301 2
3302 3
3303 1
3304 3
3305 0
3306 4
3307 3
3308 2
3309 1
3310 2
3311 2
3312 6
3313 5
3314 2
3315 2
3316 1
3317 0
3318 1
3319 4
3320 0
3321 6
3322 2
3323 5
3324 2
3325 0
3326 3
3327 0
3328 9
3329 1
3330 0
3331 1
3332 8
3333 4
3334 3
3335 0
3336 1
3337 5
3338 2
3339 2
3340 1
3341 3
3342 1
3343 2
3344 2
3345 5
3346 0
3347 0
3348 2
3349 0
3350 0
3351 1
3352 4
3353 0
3354 2
3355 2
3356 0
3357 0
3358 3
3359 0
3360 1
3361 1
3362 1
3363 0
3364 0
3365 3
3366 4
3367 3
3368 4
3369 4
3370 2
3371 2
3372 2
3373 0
3374 4
3375 3
3376 1
3377 2
3378 0
3379 2
3380 6
3381 2
3382 1
3383 5
3384 0
3385 0
3386 0
3387 0
3388 1
3389 4
3390 2
3391 3
3392 2
3393 3
3394 0
3395 0
3396 2
3397 7
3398 2
3399 5
3400 0
3401 1
3402 2
3403 1
3404 1
3405 0
3406 0
3407 0
3408 1
3409 0
3410 6
3411 0
3412 0
3413 4
3414 1
3415 2
3416 4
3417 0
3418 3
3419 0
3420 1
3421 2
3422 0
3423 2
3424 4
3425 2
3426 0
3427 0
3428 0
3429 0
3430 0
3431 2
3432 2
3433 5
3434 0
3435 3
3436 5
3437 4
3438 3
3439 6
3440 5
3441 4
3442 4
3443 1
3444 0
3445 4
3446 1
3447 0
3448 2
3449 2
3450 1
3451 1
3452 1
3453 1
3454 3
3455 5
3456 2
3457 1
3458 2
3459 1
3460 7
3461 2
3462 0
3463 3
3464 4
3465 2
3466 0
3467 2
3468 5
3469 1
3470 1
3471 1
3472 1
3473 2
3474 2
3475 3
3476 3
3477 1
3478 4
3479 0
3480 5
3481 2
3482 3
3483 3
3484 3
3485 1
3486 2
3487 2
3488 2
3489 2
3490 2
3491 3
3492 3
3493 1
3494 1
3495 0
3496 3
3497 1
3498 0
3499 0
3500 3
3501 5
3502 4
3503 0
3504 0
3505 2
3506 0
3507 4
3508 0
3509 0
3510 0
3511 0
3512 1
3513 0
3514 0
3515 0
3516 0
3517 0
3518 0
3519 0
3520 2
3521 2
3522 0
3523 0
3524 3
3525 0
3526 4
3527 2
3528 0
3529 4
3530 1
3531 0
3532 0
3533 2
3534 3
3535 2
3536 1
3537 1
3538 5
3539 0
3540 2
3541 2
3542 5
3543 0
3544 1
3545 2
3546 0
3547 0
3548 1
3549 2
3550 2
3551 4
3552 2
3553 4
3554 0
3555 0
3556 5
3557 3
3558 0
3559 0
3560 4
3561 0
3562 2
3563 4
3564 6
3565 4
3566 2
3567 0
3568 0
3569 0
3570 0
3571 2
3572 4
3573 6
3574 0
3575 0
3576 4
3577 1
3578 2
3579 4
3580 0
3581 4
3582 0
3583 2
3584 2
3585 0
3586 0
3587 2
3588 0
3589 2
3590 0
3591 2
3592 2
3593 0
3594 4
3595 4
3596 4
3597 4
3598 0
3599 3
3600 0
3601 2
3602 0
3603 4
3604 0
3605 0
3606 2
3607 0
3608 0
3609 0
3610 0
3611 0
3612 0
3613 2
3614 0
3615 2
3616 0
3617 2
3618 4
3619 2
3620 0
3621 0
3622 0
3623 2
3624 4
3625 2
3626 0
3627 0
3628 2
3629 2
3630 0
3631 2
3632 4
3633 6
3634 2
3635 0
3636 2
3637 4
3638 0
3639 2
3640 5
3641 0
3642 3
3643 1
3644 0
3645 1
3646 0
3647 3
3648 6
3649 6
3650 4
3651 5
3652 0
3653 2
3654 4
3655 1
3656 4
3657 0
3658 5
3659 0
3660 3
3661 5
3662 2
3663 1
3664 1
3665 2
3666 0
3667 0
3668 2
3669 2
3670 4
3671 0
3672 1
3673 0
3674 0
3675 2
3676 2
3677 0
3678 2
3679 1
3680 3
3681 0
3682 0
3683 2
3684 2
3685 0
3686 1
3687 2
3688 2
3689 3
3690 4
3691 4
3692 2
3693 0
3694 3
3695 3
3696 0
3697 1
3698 0
3699 4
3700 0
3701 2
3702 3
3703 0
3704 1
3705 0
3706 3
3707 0
3708 1
3709 2
3710 2
3711 3
3712 1
3713 0
3714 2
3715 3
3716 1
3717 1
3718 1
3719 4
3720 0
3721 3
3722 3
3723 0
3724 1
3725 0
3726 2
3727 4
3728 1
3729 1
3730 2
3731 1
3732 3
3733 0
3734 4
3735 9
3736 3
3737 0
3738 0
3739 4
3740 0
3741 1
3742 2
3743 0
3744 0
3745 0
3746 1
3747 0
3748 0
3749 6
3750 0
3751 1
3752 1
3753 1
3754 2
3755 2
3756 0
3757 0
3758 1
3759 1
3760 1
3761 3
3762 1
3763 5
3764 4
3765 1
3766 0
3767 1
3768 2
3769 3
3770 1
3771 2
3772 3
3773 4
3774 1
3775 1
3776 0
3777 3
3778 4
3779 1
3780 3
3781 0
3782 2
3783 5
3784 2
3785 1
3786 3
3787 2
3788 6
3789 4
3790 2
3791 3
3792 0
3793 0
3794 1
3795 0
3796 1
3797 0
3798 2
3799 4
3800 0
3801 0
3802 2
3803 2
3804 2
3805 2
3806 0
3807 0
3808 0
3809 2
3810 0
3811 0
3812 1
3813 0
3814 4
3815 1
3816 0
3817 0
3818 2
3819 3
3820 3
3821 4
3822 0
3823 0
3824 0
3825 0
3826 0
3827 3
3828 6
3829 4
3830 1
3831 0
3832 2
3833 2
3834 2
3835 0
3836 1
3837 0
3838 0
3839 0
3840 6
3841 0
3842 0
3843 5
3844 2
3845 3
3846 0
3847 2
3848 0
3849 1
3850 3
3851 1
3852 1
3853 0
3854 3
3855 0
3856 2
3857 1
3858 2
3859 2
3860 3
3861 4
3862 0
3863 2
3864 1
3865 0
3866 2
3867 0
3868 3
3869 0
3870 1
3871 2
3872 0
3873 0
3874 1
3875 2
3876 2
3877 1
3878 2
3879 2
3880 3
3881 1
3882 4
3883 1
3884 6
3885 2
3886 3
3887 0
3888 6
3889 2
3890 4
3891 0
3892 2
3893 2
3894 0
3895 0
3896 0
3897 0
3898 0
3899 3
3900 2
3901 2
3902 0
3903 2
3904 4
3905 0
3906 4
3907 0
3908 2
3909 2
3910 0
3911 0
3912 1
3913 0
3914 4
3915 4
3916 0
3917 5
3918 2
3919 2
3920 5
3921 1
3922 4
3923 1
3924 1
3925 2
3926 2
3927 3
3928 2
3929 0
3930 4
3931 4
3932 8
3933 1
3934 1
3935 1
3936 1
3937 0
3938 1
3939 3
3940 1
3941 0
3942 3
3943 1
3944 4
3945 1
3946 3
3947 1
3948 7
3949 2
3950 1
3951 4
3952 4
3953 0
3954 3
3955 2
3956 1
3957 2
3958 4
3959 5
3960 1
3961 0
3962 0
3963 4
3964 0
3965 0
3966 7
3967 1
3968 0
3969 4
3970 0
3971 2
3972 4
3973 2
3974 4
3975 0
3976 0
3977 2
3978 0
3979 3
3980 1
3981 4
3982 2
3983 5
3984 2
3985 0
3986 4
3987 2
3988 4
3989 0
3990 2
3991 3
3992 2
3993 2
3994 3
3995 2
3996 2
3997 2
3998 0
3999 2
4000 4
4001 0
4002 0
4003 0
4004 0
4005 0
4006 2
4007 2
4008 0
4009 0
4010 4
4011 2
4012 0
4013 0
4014 0
4015 2
4016 2
4017 4
4018 6
4019 0
4020 0
4021 0
4022 0
4023 0
4024 4
4025 0
4026 4
4027 1
4028 0
4029 2
4030 3
4031 5
4032 2
4033 3
4034 0
4035 0
4036 2
4037 1
4038 2
4039 2
4040 2
4041 0
4042 0
4043 4
4044 4
4045 2
4046 0
4047 0
4048 2
4049 4
4050 2
4051 2
4052 4
4053 2
4054 4
4055 0
4056 0
4057 2
4058 0
4059 0
4060 3
4061 1
4062 0
4063 3
4064 2
4065 3
4066 2
4067 4
4068 2
4069 4
4070 2
4071 1
4072 1
4073 1
4074 0
4075 0
4076 2
4077 0
4078 2
4079 2
4080 3
4081 0
4082 0
4083 2
4084 5
4085 1
4086 0
4087 1
4088 2
4089 0
4090 1
4091 0
4092 5
4093 2
4094 2
4095 2
4096 2
4097 4
4098 0
4099 0
4100 0
4101 2
4102 2
4103 0
4104 2
4105 0
4106 0
4107 0
4108 0
4109 4
4110 0
4111 0
4112 0
4113 0
4114 2
4115 2
4116 2
4117 2
4118 4
4119 0
4120 2
4121 0
4122 0
4123 0
4124 0
4125 0
4126 6
4127 2
4128 0
4129 0
4130 2
4131 0
4132 0
4133 0
4134 0
4135 2
4136 0
4137 0
4138 0
4139 0
4140 2
4141 0
4142 1
4143 3
4144 3
4145 0
4146 0
4147 0
4148 0
4149 2
4150 0
4151 0
4152 0
4153 1
4154 0
4155 1
4156 2
4157 0
4158 3
4159 0
4160 1
4161 1
4162 0
4163 4
4164 0
4165 0
4166 0
4167 2
4168 0
4169 0
4170 3
4171 0
4172 1
4173 1
4174 0
4175 2
4176 0
4177 0
4178 0
4179 1
4180 0
4181 0
4182 0
4183 1
4184 1
4185 1
4186 0
4187 0
4188 0
4189 0
4190 4
4191 0
4192 4
4193 2
4194 0
4195 1
4196 0
4197 0
4198 2
4199 0
4200 0
4201 8
4202 0
4203 0
4204 2
4205 0
4206 0
4207 0
4208 0
4209 2
4210 0
4211 0
4212 0
4213 0
4214 2
4215 2
4216 2
4217 2
4218 0
4219 0
4220 0
4221 0
4222 2
4223 0
4224 2
4225 0
4226 2
4227 0
4228 0
4229 0
4230 0
4231 2
4232 4
4233 0
4234 4
4235 0
4236 0
4237 4
4238 0
4239 6
4240 4
4241 0
4242 0
4243 0
4244 0
4245 0
4246 2
4247 4
4248 0
4249 2
4250 4
4251 2
4252 2
4253 0
4254 2
4255 2
4256 0
4257 2
4258 2
4259 0
4260 2
4261 4
4262 2
4263 2
4264 4
4265 0
4266 2
4267 0
4268 0
4269 0
4270 2
4271 0
4272 2
4273 2
4274 0
4275 2
4276 0
4277 0
4278 2
4279 6
4280 2
4281 4
4282 0
4283 2
4284 0
4285 0
4286 0
4287 0
4288 0
4289 0
4290 3
4291 2
4292 2
4293 0
4294 2
4295 0
4296 0
4297 0
4298 0
4299 0
4300 0
4301 0
4302 0
4303 0
4304 0
4305 4
4306 0
4307 2
4308 3
4309 0
4310 2
4311 0
4312 0
4313 2
4314 0
4315 2
4316 0
4317 2
4318 0
4319 0
4320 2
4321 4
4322 4
4323 0
4324 2
4325 2
4326 0
4327 2
4328 2
4329 0
4330 5
4331 0
4332 1
4333 2
4334 2
4335 0
4336 3
4337 3
4338 0
4339 0
4340 5
4341 0
4342 3
4343 0
4344 0
4345 5
4346 2
4347 0
4348 2
4349 0
4350 0
4351 3
4352 0
4353 0
4354 2
4355 0
4356 1
4357 3
4358 1
4359 7
4360 2
4361 0
4362 5
4363 1
4364 1
4365 5
4366 0
4367 2
4368 3
4369 4
4370 0
4371 1
4372 0
4373 0
4374 1
4375 4
4376 3
4377 1
4378 0
4379 0
4380 0
4381 2
4382 0
4383 0
4384 2
4385 0
4386 0
4387 2
4388 0
4389 0
4390 0
4391 4
4392 0
4393 0
4394 0
4395 0
4396 6
4397 0
4398 2
4399 2
4400 2
4401 0
4402 0
4403 0
4404 0
4405 2
4406 0
4407 0
4408 4
4409 5
4410 0
4411 1
4412 0
4413 0
4414 0
4415 6
4416 6
4417 0
4418 0
4419 0
4420 2
4421 4
4422 4
4423 4
4424 2
4425 1
4426 2
4427 3
4428 0
4429 2
4430 0
4431 0
4432 6
4433 6
4434 0
4435 2
4436 4
4437 0
4438 0
4439 2
4440 2
4441 0
4442 4
4443 0
4444 3
4445 4
4446 0
4447 4
4448 2
4449 4
4450 2
4451 0
4452 2
4453 0
4454 0
4455 2
4456 2
4457 0
4458 0
4459 0
4460 0
4461 2
4462 0
4463 0
4464 2
4465 2
4466 2
4467 2
4468 2
4469 0
4470 4
4471 2
4472 4
4473 4
4474 3
4475 0
4476 1
4477 3
4478 0
4479 1
4480 3
4481 1
4482 1
4483 0
4484 0
4485 0
4486 0
4487 2
4488 0
4489 1
4490 0
4491 0
4492 1
4493 6
4494 0
4495 0
4496 2
4497 0
4498 6
4499 0
4500 1
4501 2
4502 1
4503 2
4504 0
4505 1
4506 1
4507 2
4508 0
4509 0
4510 4
4511 3
4512 0
4513 1
4514 3
4515 0
4516 2
4517 2
4518 2
4519 2
4520 5
4521 0
4522 2
4523 3
4524 1
4525 2
4526 4
4527 0
4528 2
4529 2
4530 4
4531 1
4532 3
4533 0
4534 3
4535 10
4536 1
4537 0
4538 0
4539 0
4540 3
4541 7
4542 3
4543 0
4544 2
4545 0
4546 0
4547 2
4548 2
4549 5
4550 5
4551 5
4552 9
4553 3
4554 0
4555 2
4556 4
4557 4
4558 1
4559 0
4560 7
4561 3
4562 5
4563 0
4564 3
4565 0
4566 3
4567 1
4568 4
4569 0
4570 0
4571 3
4572 3
4573 0
4574 4
4575 2
4576 3
4577 1
4578 4
4579 3
4580 5
4581 6
4582 2
4583 1
4584 0
4585 0
4586 1
4587 3
4588 1
4589 0
4590 0
4591 6
4592 0
4593 0
4594 0
4595 0
4596 6
4597 0
4598 0
4599 0
4600 2
4601 0
4602 4
4603 2
4604 3
4605 0
4606 2
4607 0
4608 0
4609 2
4610 0
4611 2
4612 2
4613 4
4614 2
4615 3
4616 1
4617 1
4618 3
4619 2
4620 0
4621 2
4622 2
4623 2
4624 4
4625 3
4626 0
4627 0
4628 2
4629 3
4630 0
4631 2
4632 3
4633 2
4634 2
4635 2
4636 0
4637 0
4638 1
4639 0
4640 1
4641 2
4642 3
4643 3
4644 3
4645 1
4646 3
4647 2
4648 4
4649 4
4650 2
4651 3
4652 4
4653 3
4654 0
4655 3
4656 4
4657 0
4658 4
4659 2
4660 1
4661 9
4662 7
4663 2
4664 1
4665 1
4666 3
4667 2
4668 2
4669 4
4670 3
4671 0
4672 0
4673 5
4674 5
4675 0
4676 4
4677 5
4678 1
4679 5
4680 2
4681 2
4682 2
4683 2
4684 3
4685 1
4686 3
4687 1
4688 3
4689 0
4690 0
4691 1
4692 0
4693 0
4694 4
4695 3
4696 4
4697 0
4698 1
4699 0
4700 0
4701 6
4702 2
4703 4
4704 2
4705 4
4706 1
4707 0
4708 3
4709 2
4710 1
4711 1
4712 4
4713 0
4714 3
4715 2
4716 6
4717 0
4718 0
4719 2
4720 0
4721 3
4722 0
4723 4
4724 4
4725 0
4726 0
4727 4
4728 0
4729 0
4730 3
4731 1
4732 2
4733 0
4734 2
4735 5
4736 0
4737 2
4738 3
4739 2
4740 1
4741 0
4742 0
4743 0
4744 0
4745 2
4746 1
4747 2
4748 0
4749 0
4750 2
4751 0
4752 0
4753 4
4754 8
4755 2
4756 0
4757 3
4758 0
4759 3
4760 2
4761 0
4762 0
4763 4
4764 0
4765 4
4766 2
4767 0
4768 0
4769 0
4770 3
4771 1
4772 7
4773 4
4774 4
4775 2
4776 2
4777 0
4778 0
4779 0
4780 6
4781 0
4782 0
4783 2
4784 0
4785 4
4786 0
4787 4
4788 2
4789 0
4790 2
4791 2
4792 7
4793 1
4794 0
4795 2
4796 2
4797 2
4798 2
4799 2
4800 0
4801 0
4802 2
4803 4
4804 2
4805 7
4806 2
4807 4
4808 1
4809 2
4810 2
4811 6
4812 0
4813 6
4814 2
4815 0
4816 2
4817 4
4818 6
4819 6
4820 0
4821 2
4822 2
4823 0
4824 1
4825 2
4826 3
4827 0
4828 0
4829 3
4830 2
4831 2
4832 8
4833 2
4834 2
4835 0
4836 4
4837 4
4838 0
4839 0
4840 0
4841 2
4842 1
4843 3
4844 2
4845 0
4846 4
4847 0
4848 2
4849 2
4850 3
4851 2
4852 0
4853 0
4854 1
4855 1
4856 0
4857 0
4858 2
4859 1
4860 1
4861 4
4862 1
4863 3
4864 4
4865 3
4866 4
4867 3
4868 1
4869 2
4870 9
4871 6
4872 0
4873 0
4874 0
4875 0
4876 0
4877 2
4878 8
4879 0
4880 2
4881 0
4882 2
4883 2
4884 0
4885 2
4886 4
4887 0
4888 0
4889 1
4890 0
4891 0
4892 7
4893 5
4894 0
4895 1
4896 4
4897 2
4898 4
4899 8
4900 7
4901 3
4902 0
4903 3
4904 3
4905 0
4906 1
4907 1
4908 2
4909 2
4910 2
4911 2
4912 2
4913 2
4914 1
4915 2
4916 2
4917 4
4918 1
4919 2
4920 2
4921 1
4922 2
4923 3
4924 0
4925 2
4926 3
4927 4
4928 5
4929 4
4930 1
4931 2
4932 3
4933 5
4934 1
4935 0
4936 2
4937 3
4938 1
4939 0
4940 2
4941 2
4942 0
4943 0
4944 2
4945 2
4946 3
4947 0
4948 1
4949 4
4950 2
4951 0
4952 7
4953 2
4954 1
4955 2
4956 6
4957 2
4958 0
4959 2
4960 1
4961 1
4962 2
4963 1
4964 0
4965 0
4966 0
4967 0
4968 3
4969 0
4970 0
4971 3
4972 4
4973 3
4974 3
4975 5
4976 4
4977 4
4978 4
4979 3
4980 0
4981 3
4982 4
4983 0
4984 2
4985 3
4986 5
4987 2
4988 2
4989 1
4990 5
4991 2
4992 5
4993 1
4994 4
4995 2
4996 3
4997 2
4998 8
4999 3
5000 2
5001 0
5002 1
5003 0
5004 4
5005 0
5006 4
5007 0
5008 0
5009 2
5010 2
5011 4
5012 2
5013 0
5014 0
5015 0
5016 0
5017 1
5018 1
5019 1
5020 0
5021 1
5022 2
5023 0
5024 1
5025 1
5026 3
5027 2
5028 8
5029 2
5030 0
5031 2
5032 2
5033 2
5034 2
5035 0
5036 2
5037 4
5038 0
5039 0
5040 0
5041 2
5042 0
5043 6
5044 0
5045 4
5046 0
5047 0
5048 4
5049 2
5050 3
5051 0
5052 2
5053 4
5054 4
5055 1
5056 7
5057 1
5058 6
5059 2
5060 4
5061 4
5062 0
5063 0
5064 0
5065 6
5066 6
5067 0
5068 4
5069 3
5070 2
5071 4
5072 2
5073 0
5074 5
5075 1
5076 2
5077 0
5078 2
5079 2
5080 0
5081 2
5082 2
5083 1
5084 7
5085 2
5086 0
5087 0
5088 2
5089 1
5090 0
5091 4
5092 0
5093 4
5094 1
5095 2
5096 6
5097 4
5098 0
5099 0
5100 2
5101 0
5102 2
5103 0
5104 4
5105 2
5106 2
5107 1
5108 3
5109 0
5110 2
5111 0
5112 0
5113 0
5114 2
5115 2
5116 5
5117 1
5118 0
5119 0
5120 4
5121 2
5122 4
5123 4
5124 4
5125 0
5126 0
5127 1
5128 0
5129 1
5130 1
5131 0
5132 3
5133 2
5134 0
5135 1
5136 0
5137 2
5138 0
5139 4
5140 1
5141 1
5142 0
5143 1
5144 2
5145 2
5146 2
5147 2
5148 0
5149 2
5150 5
5151 0
5152 4
5153 1
5154 4
5155 1
5156 1
5157 6
5158 1
5159 2
5160 5
5161 2
5162 0
5163 0
5164 5
5165 0
5166 1
5167 3
5168 0
5169 0
5170 2
5171 0
5172 4
5173 0
5174 0
5175 3
5176 6
5177 2
5178 1
5179 1
5180 2
5181 1
5182 4
5183 1
5184 2
5185 3
5186 1
5187 6
5188 0
5189 2
5190 1
5191 2
5192 1
5193 1
5194 0
5195 0
5196 0
5197 0
5198 2
5199 0
5200 2
5201 0
5202 4
5203 6
5204 1
5205 0
5206 4
5207 0
5208 0
5209 1
5210 2
5211 1
5212 2
5213 1
5214 6
5215 5
5216 0
5217 2
5218 2
5219 0
5220 3
5221 0
5222 0
5223 0
5224 0
5225 1
5226 3
5227 1
5228 3
5229 0
5230 0
5231 0
5232 1
5233 1
5234 0
5235 2
5236 2
5237 1
5238 0
5239 1
5240 5
5241 2
5242 2
5243 0
5244 1
5245 0
5246 1
5247 0
5248 2
5249 3
5250 3
5251 2
5252 1
5253 2
5254 4
5255 0
5256 3
5257 0
5258 4
5259 0
5260 3
5261 1
5262 2
5263 2
5264 0
5265 2
5266 0
5267 0
5268 1
5269 0
5270 0
5271 5
5272 0
5273 4
5274 3
5275 1
5276 0
5277 1
5278 0
5279 2
5280 0
5281 4
5282 0
5283 0
5284 1
5285 2
5286 3
5287 0
5288 3
5289 0
5290 7
5291 0
5292 0
5293 0
5294 3
5295 0
5296 1
5297 1
5298 0
5299 0
5300 3
5301 1
5302 0
5303 5
5304 1
5305 0
5306 4
5307 1
5308 2
5309 2
5310 1
5311 3
5312 1
5313 5
5314 5
5315 4
5316 2
5317 2
5318 0
5319 3
5320 2
5321 5
5322 0
5323 0
5324 2
5325 4
5326 0
5327 4
5328 0
5329 2
5330 0
5331 0
5332 4
5333 1
5334 3
5335 0
5336 3
5337 2
5338 0
5339 3
5340 2
5341 5
5342 2
5343 5
5344 0
5345 1
5346 2
5347 6
5348 7
5349 1
5350 2
5351 1
5352 3
5353 0
5354 1
5355 0
5356 4
5357 6
5358 0
5359 3
5360 1
5361 7
5362 2
5363 3
5364 0
5365 1
5366 0
5367 1
5368 6
5369 0
5370 1
5371 0
5372 2
5373 4
5374 5
5375 0
5376 0
5377 0
5378 3
5379 0
5380 0
5381 0
5382 0
5383 0
5384 3
5385 1
5386 4
5387 3
5388 2
5389 3
5390 6
5391 0
5392 0
5393 3
5394 1
5395 0
5396 0
5397 2
5398 4
5399 1
5400 0
5401 0
5402 2
5403 2
5404 0
5405 4
5406 0
5407 4
5408 0
5409 2
5410 0
5411 0
5412 2
5413 0
5414 0
5415 0
5416 0
5417 0
5418 2
5419 0
5420 0
5421 2
5422 2
5423 5
5424 0
5425 0
5426 2
5427 0
5428 2
5429 0
5430 0
5431 0
5432 0
5433 6
5434 0
5435 0
5436 1
5437 0
5438 0
5439 2
5440 3
5441 0
5442 1
5443 2
5444 0
5445 2
5446 0
5447 0
5448 2
5449 2
5450 2
5451 0
5452 0
5453 0
5454 1
5455 6
5456 5
5457 0
5458 0
5459 0
5460 0
5461 2
5462 2
5463 2
5464 0
5465 0
5466 0
5467 1
5468 0
5469 4
5470 3
5471 1
5472 3
5473 0
5474 0
5475 2
5476 0
5477 2
5478 3
5479 1
5480 2
5481 0
5482 0
5483 2
5484 0
5485 0
5486 0
5487 0
5488 2
5489 4
5490 0
5491 2
5492 0
5493 0
5494 0
5495 4
5496 0
5497 0
5498 0
5499 0
5500 0
5501 2
5502 0
5503 0
5504 0
5505 0
5506 0
5507 0
5508 2
5509 0
5510 0
5511 0
5512 2
5513 0
5514 0
5515 0
5516 0
5517 0
5518 0
5519 0
5520 0
5521 0
5522 0
5523 0
5524 2
5525 0
5526 2
5527 2
5528 2
5529 0
5530 2
5531 0
5532 3
5533 2
5534 1
5535 0
5536 2
5537 0
5538 0
5539 0
5540 0
5541 4
5542 2
5543 2
5544 0
5545 0
5546 0
5547 0
5548 0
5549 2
5550 2
5551 1
5552 0
5553 0
5554 0
5555 0
5556 0
5557 2
5558 0
5559 0
5560 4
5561 8
5562 0
5563 2
5564 2
5565 2
5566 0
5567 0
5568 0
5569 0
5570 0
5571 0
5572 2
5573 0
5574 0
5575 2
5576 0
5577 0
5578 0
5579 2
5580 0
5581 0
5582 0
5583 0
5584 0
5585 0
5586 0
5587 2
5588 2
5589 0
5590 2
5591 0
5592 0
5593 1
5594 0
5595 0
5596 0
5597 2
5598 0
5599 4
5600 4
5601 0
5602 0
5603 2
5604 0
5605 0
5606 0
5607 2
5608 0
5609 0
5610 4
5611 0
5612 2
5613 0
5614 2
5615 0
5616 0
5617 2
5618 2
5619 2
5620 2
5621 2
5622 2
5623 0
5624 2
5625 0
5626 0
5627 2
5628 0
5629 0
5630 0
5631 0
5632 0
5633 0
5634 0
5635 0
5636 0
5637 0
5638 0
5639 2
5640 0
5641 2
5642 0
5643 2
5644 0
5645 0
5646 0
5647 0
5648 2
5649 0
5650 4
5651 0
5652 0
5653 0
5654 0
5655 0
5656 0
5657 0
5658 0
5659 0
5660 0
5661 1
5662 0
5663 0
5664 2
5665 0
5666 0
5667 0
5668 2
5669 0
5670 0
5671 0
5672 0
5673 0
5674 4
5675 0
5676 0
5677 0
5678 2
5679 0
5680 4
5681 2
5682 0
5683 0
5684 0
5685 2
5686 6
5687 0
5688 0
5689 0
5690 2
5691 2
5692 4
5693 2
5694 0
5695 0
5696 0
5697 0
5698 0
5699 2
5700 6
5701 0
5702 2
5703 2
5704 2
5705 0
5706 0
5707 2
5708 1
5709 1
5710 0
5711 1
5712 0
5713 1
5714 0
5715 0
5716 6
5717 4
5718 3
5719 1
5720 2
5721 2
5722 3
5723 0
5724 0
5725 3
5726 0
5727 0
5728 0
5729 2
5730 1
5731 1
5732 1
5733 2
5734 5
5735 1
5736 1
5737 2
5738 2
5739 3
5740 5
5741 4
5742 0
5743 1
5744 5
5745 0
5746 4
5747 0
5748 2
5749 0
5750 0
5751 0
5752 0
5753 0
5754 2
5755 0
5756 0
5757 0
5758 0
5759 2
5760 0
5761 0
5762 2
5763 1
5764 0
5765 2
5766 0
5767 0
5768 0
5769 1
5770 4
5771 4
5772 2
5773 0
5774 1
5775 4
5776 2
5777 3
5778 3
5779 5
5780 0
5781 1
5782 0
5783 3
5784 2
5785 1
5786 0
5787 0
5788 0
5789 0
5790 2
5791 0
5792 0
5793 0
5794 0
5795 0
5796 0
5797 0
5798 0
5799 2
5800 4
5801 0
5802 2
5803 0
5804 2
5805 0
5806 0
5807 0
5808 0
5809 0
5810 0
5811 0
5812 2
5813 0
5814 0
5815 0
5816 2
5817 4
5818 0
5819 0
5820 0
5821 0
5822 0
5823 0
5824 0
5825 0
5826 0
5827 1
5828 0
5829 2
5830 2
5831 2
5832 0
5833 0
5834 1
5835 0
5836 0
5837 0
5838 0
5839 0
5840 0
5841 0
5842 0
5843 2
5844 0
5845 0
5846 2
5847 4
5848 4
5849 4
5850 2
5851 4
5852 0
5853 0
5854 2
5855 2
5856 0
5857 0
5858 0
5859 4
5860 4
5861 2
5862 0
5863 2
5864 5
5865 4
5866 2
5867 2
5868 0
5869 0
5870 0
5871 4
5872 0
5873 0
5874 6
5875 0
5876 0
5877 0
5878 0
5879 0
5880 0
5881 2
5882 2
5883 4
5884 4
5885 0
5886 2
5887 1
5888 4
5889 0
5890 4
5891 2
5892 2
5893 3
5894 0
5895 2
5896 0
5897 4
5898 2
5899 0
5900 0
5901 2
5902 0
5903 0
5904 0
5905 0
5906 0
5907 0
5908 2
5909 4
5910 0
5911 0
5912 2
5913 4
5914 0
5915 2
5916 0
5917 2
5918 6
5919 2
5920 0
5921 0
5922 2
5923 2
5924 9
5925 5
5926 1
5927 0
5928 2
5929 0
5930 8
5931 5
5932 0
5933 1
5934 3
5935 0
5936 3
5937 7
5938 2
5939 0
5940 3
5941 3
5942 2
5943 6
5944 1
5945 4
5946 2
5947 1
5948 0
5949 5
5950 1
5951 0
5952 1
5953 3
5954 2
5955 4
5956 2
5957 1
5958 1
5959 2
5960 0
5961 3
5962 1
5963 4
5964 2
5965 4
5966 3
5967 1
5968 2
5969 6
5970 1
5971 1
5972 2
5973 0
5974 1
5975 4
5976 4
5977 2
5978 4
5979 0
5980 1
5981 1
5982 3
5983 0
5984 0
5985 5
5986 3
5987 2
5988 0
5989 2
5990 0
5991 2
5992 1
5993 0
5994 0
5995 4
5996 1
5997 6
5998 1
5999 2
6000 2
6001 2
6002 0
6003 4
6004 2
6005 2
6006 4
6007 4
6008 2
6009 2
6010 0
6011 0
6012 0
6013 0
6014 2
6015 0
6016 2
6017 2
6018 0
6019 2
6020 2
6021 2
6022 2
6023 2
6024 2
6025 2
6026 2
6027 2
6028 0
6029 0
6030 2
6031 0
6032 0
6033 2
6034 0
6035 0
6036 0
6037 0
6038 0
6039 4
6040 0
6041 0
6042 2
6043 2
6044 0
6045 2
6046 2
6047 2
6048 0
6049 0
6050 4
6051 4
6052 0
6053 2
6054 0
6055 2
6056 2
6057 4
6058 4
6059 0
6060 0
6061 2
6062 2
6063 0
6064 0
6065 5
6066 2
6067 0
6068 2
6069 2
6070 4
6071 2
6072 0
6073 2
6074 0
6075 2
6076 2
6077 3
6078 3
6079 2
6080 2
6081 2
6082 2
6083 2
6084 0
6085 2
6086 0
6087 3
6088 2
6089 4
6090 0
6091 0
6092 0
6093 0
6094 4
6095 2
6096 0
6097 0
6098 2
6099 0
6100 0
6101 0
6102 0
6103 0
6104 2
6105 4
6106 2
6107 4
6108 4
6109 5
6110 5
6111 0
6112 3
6113 1
6114 1
6115 2
6116 0
6117 3
6118 2
6119 2
6120 4
6121 4
6122 2
6123 2
6124 4
6125 1
6126 9
6127 2
6128 1
6129 4
6130 4
6131 1
6132 4
6133 4
6134 6
6135 6
6136 0
6137 0
6138 3
6139 2
6140 2
6141 0
6142 0
6143 0
6144 2
6145 4
6146 3
6147 0
6148 0
6149 4
6150 2
6151 2
6152 0
6153 0
6154 1
6155 1
6156 2
6157 0
6158 2
6159 4
6160 0
6161 2
6162 2
6163 0
6164 0
6165 0
6166 2
6167 0
6168 1
6169 2
6170 6
6171 4
6172 0
6173 0
6174 2
6175 2
6176 2
6177 0
6178 4
6179 4
6180 2
6181 2
6182 0
6183 0
6184 3
6185 0
6186 5
6187 0
6188 2
6189 0
6190 0
6191 2
6192 0
6193 0
6194 2
6195 3
6196 0
6197 1
6198 4
6199 8
6200 4
6201 0
6202 0
6203 0
6204 4
6205 2
6206 8
6207 2
6208 0
6209 2
6210 2
6211 0
6212 0
6213 4
6214 0
6215 0
6216 2
6217 4
6218 3
6219 0
6220 0
6221 0
6222 2
6223 6
6224 4
6225 0
6226 2
6227 2
6228 2
6229 0
6230 0
6231 2
6232 2
6233 5
6234 0
6235 0
6236 2
6237 1
6238 0
6239 2
6240 3
6241 1
6242 1
6243 3
6244 0
6245 1
6246 0
6247 1
6248 1
6249 4
6250 0
6251 0
6252 0
6253 4
6254 1
6255 1
6256 0
6257 2
6258 1
6259 2
6260 0
6261 0
6262 0
6263 0
6264 7
6265 6
6266 0
6267 2
6268 0
6269 0
6270 2
6271 3
6272 3
6273 0
6274 3
6275 3
6276 0
6277 0
6278 2
6279 0
6280 0
6281 1
6282 0
6283 0
6284 0
6285 0
6286 3
6287 1
6288 1
6289 1
6290 0
6291 3
6292 1
6293 1
6294 0
6295 3
6296 3
6297 1
6298 1
6299 0
6300 2
6301 0
6302 3
6303 3
6304 3
6305 0
6306 1
6307 0
6308 2
6309 0
6310 3
6311 1
6312 8
6313 0
6314 5
6315 4
6316 1
6317 5
6318 2
6319 0
6320 0
6321 2
6322 1
6323 1
6324 3
6325 0
6326 0
6327 3
6328 2
6329 3
6330 1
6331 0
6332 0
6333 0
6334 2
6335 0
6336 0
6337 1
6338 0
6339 0
6340 0
6341 2
6342 2
6343 3
6344 0
6345 4
6346 5
6347 0
6348 0
6349 0
6350 0
6351 0
6352 2
6353 2
6354 6
6355 4
6356 0
6357 4
6358 0
6359 2
6360 4
6361 0
6362 0
6363 0
6364 0
6365 2
6366 0
6367 0
6368 1
6369 0
6370 0
6371 6
6372 1
6373 2
6374 0
6375 0
6376 4
6377 0
6378 4
6379 2
6380 1
6381 0
6382 0
6383 0
6384 0
6385 0
6386 0
6387 0
6388 0
6389 1
6390 0
6391 0
6392 2
6393 1
6394 3
6395 1
6396 2
6397 1
6398 0
6399 0
6400 0
6401 5
6402 0
6403 3
6404 2
6405 2
6406 0
6407 0
6408 2
6409 4
6410 3
6411 1
6412 0
6413 1
6414 0
6415 0
6416 0
6417 1
6418 3
6419 1
6420 0
6421 0
6422 4
6423 0
6424 1
6425 1
6426 1
6427 0
6428 0
6429 2
6430 1
6431 0
6432 0
6433 1
6434 0
6435 1
6436 3
6437 3
6438 2
6439 3
6440 1
6441 1
6442 2
6443 1
6444 1
6445 1
6446 0
6447 1
6448 0
6449 0
6450 0
6451 0
6452 1
6453 2
6454 2
6455 0
6456 0
6457 0
6458 0
6459 2
6460 3
6461 2
6462 1
6463 1
6464 3
6465 1
6466 6
6467 4
6468 2
6469 0
6470 1
6471 1
6472 2
6473 0
6474 0
6475 3
6476 0
6477 0
6478 0
6479 1
6480 1
6481 2
6482 2
6483 0
6484 0
6485 0
6486 4
6487 3
6488 1
6489 0
6490 0
6491 3
6492 2
6493 1
6494 0
6495 4
6496 3
6497 3
6498 3
6499 5
6500 1
6501 1
6502 0
6503 0
6504 2
6505 1
6506 2
6507 0
6508 2
6509 0
6510 3
6511 4
6512 2
6513 2
6514 1
6515 0
6516 0
6517 0
6518 0
6519 4
6520 3
6521 3
6522 3
6523 7
6524 1
6525 1
6526 1
6527 5
6528 0
6529 0
6530 1
6531 4
6532 0
6533 0
6534 0
6535 2
6536 2
6537 0
6538 1
6539 0
6540 1
6541 0
6542 2
6543 0
6544 0
6545 0
6546 2
6547 3
6548 4
6549 4
6550 4
6551 3
6552 3
6553 1
6554 2
6555 1
6556 0
6557 1
6558 0
6559 4
6560 1
6561 0
6562 0
6563 1
6564 2
6565 3
6566 0
6567 2
6568 2
6569 5
6570 5
6571 1
6572 1
6573 0
6574 0
6575 2
6576 0
6577 4
6578 2
6579 0
6580 0
6581 1
6582 1
6583 1
6584 1
6585 1
6586 2
6587 0
6588 2
6589 1
6590 2
6591 7
6592 1
6593 0
6594 2
6595 1
6596 1
6597 0
6598 0
6599 0
6600 3
6601 1
6602 1
6603 2
6604 0
6605 1
6606 3
6607 2
6608 0
6609 4
6610 4
6611 3
6612 0
6613 2
6614 0
6615 0
6616 2
6617 0
6618 0
6619 0
6620 4
6621 0
6622 0
6623 0
6624 1
6625 0
6626 0
6627 0
6628 0
6629 2
6630 2
6631 2
6632 8
6633 0
6634 2
6635 0
6636 0
6637 0
6638 0
6639 0
6640 1
6641 0
6642 0
6643 0
6644 0
6645 2
6646 0
6647 2
6648 0
6649 0
6650 0
6651 2
6652 0
6653 1
6654 0
6655 1
6656 2
6657 6
6658 2
6659 0
6660 0
6661 0
6662 0
6663 0
6664 0
6665 0
6666 4
6667 4
6668 0
6669 2
6670 1
6671 2
6672 3
6673 4
6674 2
6675 3
6676 2
6677 0
6678 0
6679 0
6680 0
6681 4
6682 2
6683 0
6684 0
6685 3
6686 0
6687 2
6688 0
6689 0
6690 2
6691 2
6692 0
6693 1
6694 2
6695 0
6696 0
6697 2
6698 2
6699 0
6700 0
6701 6
6702 0
6703 4
6704 6
6705 0
6706 2
6707 4
6708 4
6709 1
6710 2
6711 4
6712 2
6713 0
6714 0
6715 2
6716 3
6717 0
6718 2
6719 2
6720 0
6721 2
6722 0
6723 4
6724 3
6725 5
6726 0
6727 2
6728 0
6729 0
6730 0
6731 0
6732 0
6733 0
6734 0
6735 2
6736 1
6737 1
6738 0
6739 0
6740 3
6741 4
6742 0
6743 2
6744 1
6745 1
6746 1
6747 7
6748 2
6749 3
6750 0
6751 0
6752 0
6753 2
6754 2
6755 2
6756 0
6757 3
6758 0
6759 1
6760 2
6761 1
6762 3
6763 2
6764 1
6765 5
6766 2
6767 6
6768 4
6769 0
6770 1
6771 3
6772 0
6773 4
6774 3
6775 2
6776 0
6777 4
6778 0
6779 0
6780 0
6781 1
6782 0
6783 1
6784 3
6785 0
6786 2
6787 3
6788 2
6789 2
6790 3
6791 0
6792 2
6793 1
6794 4
6795 0
6796 0
6797 2
6798 0
6799 0
6800 2
6801 4
6802 1
6803 0
6804 0
6805 5
6806 0
6807 1
6808 3
6809 3
6810 3
6811 1
6812 2
6813 2
6814 2
6815 2
6816 1
6817 0
6818 1
6819 2
6820 4
6821 0
6822 2
6823 1
6824 1
6825 0
6826 0
6827 3
6828 3
6829 2
6830 0
6831 4
6832 4
6833 0
6834 0
6835 5
6836 2
6837 2
6838 2
6839 0
6840 4
6841 0
6842 4
6843 0
6844 4
6845 0
6846 0
6847 2
6848 1
6849 3
6850 0
6851 4
6852 0
6853 2
6854 1
6855 4
6856 0
6857 0
6858 4
6859 3
6860 0
6861 2
6862 1
6863 0
6864 3
6865 0
6866 3
6867 1
6868 3
6869 0
6870 3
6871 0
6872 2
6873 3
6874 0
6875 0
6876 1
6877 2
6878 6
6879 3
6880 3
6881 0
6882 1
6883 2
6884 1
6885 0
6886 2
6887 0
6888 2
6889 4
6890 4
6891 1
6892 3
6893 3
6894 1
6895 1
6896 1
6897 2
6898 1
6899 6
6900 3
6901 3
6902 0
6903 1
6904 0
6905 1
6906 2
6907 3
6908 4
6909 3
6910 4
6911 0
6912 7
6913 1
6914 1
6915 0
6916 3
6917 1
6918 2
6919 4
6920 3
6921 4
6922 4
6923 0
6924 1
6925 3
6926 1
6927 0
6928 3
6929 1
6930 4
6931 1
6932 6
6933 3
6934 3
6935 7
6936 2
6937 0
6938 1
6939 2
6940 3
6941 0
6942 0
6943 0
6944 0
6945 3
6946 0
6947 1
6948 0
6949 4
6950 1
6951 0
6952 0
6953 1
6954 2
6955 2
6956 0
6957 1
6958 2
6959 0
6960 0
6961 0
6962 2
6963 0
6964 4
6965 2
6966 3
6967 2
6968 1
6969 1
6970 2
6971 1
6972 2
6973 0
6974 1
6975 1
6976 3
6977 0
6978 0
6979 2
6980 0
6981 0
6982 0
6983 0
6984 1
6985 2
6986 6
6987 0
6988 1
6989 0
6990 1
6991 1
6992 0
6993 1
6994 1
6995 2
6996 0
6997 3
6998 2
6999 0
7000 1
7001 0
7002 3
7003 0
7004 0
7005 2
7006 1
7007 1
7008 1
7009 1
7010 1
7011 3
7012 3
7013 1
7014 2
7015 1
7016 2
7017 2
7018 0
7019 1
7020 0
7021 1
7022 2
7023 2
7024 3
7025 1
7026 3
7027 2
7028 5
7029 1
7030 1
7031 4
7032 6
7033 1
7034 1
7035 6
7036 0
7037 2
7038 3
7039 4
7040 2
7041 3
7042 3
7043 2
7044 3
7045 2
7046 2
7047 2
7048 2
7049 1
7050 0
7051 1
7052 1
7053 1
7054 1
7055 0
7056 2
7057 0
7058 1
7059 2
7060 0
7061 1
7062 0
7063 0
7064 2
7065 1
7066 1
7067 1
7068 2
7069 4
7070 4
7071 0
7072 0
7073 0
7074 0
7075 0
7076 3
7077 1
7078 1
7079 0
7080 0
7081 0
7082 2
7083 0
7084 1
7085 1
7086 1
7087 0
7088 0
7089 1
7090 0
7091 1
7092 1
7093 2
7094 3
7095 1
7096 0
7097 0
7098 1
7099 1
7100 0
7101 0
7102 1
7103 1
7104 0
7105 2
7106 1
7107 2
7108 0
7109 1
7110 0
7111 0
7112 0
7113 1
7114 1
7115 2
7116 0
7117 0
7118 3
7119 2
7120 0
7121 0
7122 1
7123 0
7124 1
7125 0
7126 1
7127 0
7128 1
7129 3
7130 3
7131 1
7132 2
7133 4
7134 3
7135 1
7136 1
7137 1
7138 1
7139 1
7140 1
7141 1
7142 3
7143 0
7144 1
7145 0
7146 2
7147 1
7148 1
7149 0
7150 1
7151 1
7152 0
7153 1
7154 0
7155 2
7156 0
7157 3
7158 1
7159 1
7160 0
7161 0
7162 1
7163 0
7164 1
7165 1
7166 0
7167 2
7168 0
7169 1
7170 2
7171 0
7172 1
7173 0
7174 0
7175 0
7176 0
7177 2
7178 0
7179 0
7180 0
7181 1
7182 2
7183 3
7184 1
7185 1
7186 2
7187 1
7188 1
7189 0
7190 0
7191 3
7192 4
7193 2
7194 1
7195 1
7196 4
7197 0
7198 0
7199 3
7200 2
7201 0
7202 1
7203 2
7204 0
7205 1
7206 1
7207 1
7208 0
7209 3
7210 1
7211 0
7212 1
7213 0
7214 2
7215 0
7216 2
7217 1
7218 5
7219 1
7220 1
7221 2
7222 4
7223 1
7224 2
7225 1
7226 1
7227 2
7228 2
7229 2
7230 0
7231 3
7232 0
7233 0
7234 1
7235 0
7236 3
7237 2
7238 2
7239 0
7240 1
7241 2
7242 2
7243 2
7244 2
7245 0
7246 0
7247 1
7248 0
7249 0
7250 2
7251 0
7252 0
7253 0
7254 0
7255 1
7256 2
7257 2
7258 0
7259 3
7260 0
7261 2
7262 3
7263 1
7264 2
7265 4
7266 2
7267 2
7268 0
7269 1
7270 0
7271 2
7272 3
7273 4
7274 2
7275 2
7276 3
7277 2
7278 3
7279 2
7280 3
7281 2
7282 7
7283 3
7284 3
7285 3
7286 0
7287 0
7288 0
7289 0
7290 1
7291 1
7292 2
7293 1
7294 0
7295 1
7296 0
7297 2
7298 1
7299 1
7300 0
7301 0
7302 2
7303 1
7304 1
7305 2
7306 2
7307 1
7308 0
7309 1
7310 2
7311 0
7312 2
7313 2
7314 1
7315 0
7316 1
7317 0
7318 0
7319 0
7320 2
7321 0
7322 0
7323 1
7324 2
7325 2
7326 2
7327 3
7328 1
7329 0
7330 0
7331 2
7332 0
7333 3
7334 1
7335 0
7336 0
7337 0
7338 1
7339 4
7340 0
7341 3
7342 0
7343 0
7344 0
7345 2
7346 0
7347 3
7348 1
7349 0
7350 1
7351 2
7352 1
7353 2
7354 3
7355 0
7356 2
7357 0
7358 2
7359 1
7360 1
7361 0
7362 1
7363 0
7364 2
7365 1
7366 5
7367 1
7368 7
7369 2
7370 2
7371 3
7372 3
7373 6
7374 1
7375 2
7376 1
7377 6
7378 1
7379 2
7380 6
7381 0
7382 0
7383 0
7384 0
7385 1
7386 0
7387 1
7388 0
7389 2
7390 0
7391 1
7392 1
7393 3
7394 0
7395 1
7396 0
7397 2
7398 0
7399 3
7400 1
7401 0
7402 1
7403 4
7404 1
7405 5
7406 2
7407 0
7408 4
7409 0
7410 0
7411 0
7412 2
7413 0
7414 0
7415 0
7416 0
7417 0
7418 0
7419 0
7420 2
7421 0
7422 0
7423 2
7424 0
7425 1
7426 1
7427 0
7428 3
7429 0
7430 2
7431 2
7432 1
7433 1
7434 0
7435 1
7436 1
7437 0
7438 0
7439 0
7440 0
7441 0
7442 0
7443 2
7444 0
7445 3
7446 0
7447 0
7448 4
7449 0
7450 0
7451 0
7452 0
7453 0
7454 2
7455 0
7456 0
7457 0
7458 0
7459 2
7460 0
7461 2
7462 0
7463 0
7464 0
7465 0
7466 0
7467 0
7468 2
7469 1
7470 0
7471 0
7472 1
7473 2
7474 2
7475 0
7476 0
7477 6
7478 1
7479 2
7480 0
7481 0
7482 1
7483 0
7484 1
7485 0
7486 0
7487 2
7488 0
7489 0
7490 2
7491 3
7492 2
7493 2
7494 2
7495 2
7496 0
7497 0
7498 0
7499 0
7500 0
7501 2
7502 0
7503 2
7504 2
7505 0
7506 0
7507 4
7508 2
7509 4
7510 0
7511 2
7512 0
7513 1
7514 0
7515 2
7516 0
7517 0
7518 3
7519 2
7520 1
7521 1
7522 0
7523 0
7524 2
7525 0
7526 0
7527 2
7528 0
7529 0
7530 2
7531 2
7532 2
7533 0
7534 0
7535 0
7536 0
7537 0
7538 1
7539 0
7540 0
7541 2
7542 0
7543 0
7544 0
7545 4
7546 0
7547 0
7548 0
7549 0
7550 1
7551 1
7552 0
7553 0
7554 0
7555 0
7556 0
7557 2
7558 3
7559 2
7560 0
7561 0
7562 2
7563 4
7564 0
7565 0
7566 0
7567 0
7568 4
7569 1
7570 0
7571 0
7572 0
7573 0
7574 0
7575 4
7576 0
7577 0
7578 0
7579 0
7580 4
7581 0
7582 0
7583 5
7584 1
7585 0
7586 1
7587 0
7588 0
7589 1
7590 0
7591 0
7592 1
7593 3
7594 1
7595 1
7596 1
7597 2
7598 0
7599 1
7600 0
7601 0
7602 0
7603 0
7604 0
7605 2
7606 1
7607 0
7608 6
7609 5
7610 2
7611 0
7612 0
7613 1
7614 0
7615 0
7616 0
7617 0
7618 0
7619 0
7620 2
7621 2
7622 0
7623 0
7624 2
7625 2
7626 2
7627 4
7628 0
7629 0
7630 0
7631 0
7632 2
7633 4
7634 4
7635 0
7636 4
7637 1
7638 2
7639 0
7640 1
7641 0
7642 2
7643 0
7644 2
7645 6
7646 1
7647 1
7648 5
7649 0
7650 1
7651 0
7652 2
7653 0
7654 2
7655 3
7656 1
7657 2
7658 2
7659 0
7660 0
7661 1
7662 0
7663 1
7664 3
7665 2
7666 0
7667 0
7668 0
7669 1
7670 2
7671 0
7672 0
7673 0
7674 4
7675 1
7676 2
7677 5
7678 1
7679 0
7680 2
7681 2
7682 3
7683 2
7684 4
7685 1
7686 2
7687 1
7688 0
7689 0
7690 3
7691 1
7692 2
7693 1
7694 4
7695 0
7696 1
7697 1
7698 0
7699 2
7700 0
7701 0
7702 0
7703 2
7704 0
7705 1
7706 0
7707 0
7708 0
7709 2
7710 0
7711 0
7712 2
7713 2
7714 2
7715 3
7716 0
7717 2
7718 3
7719 0
7720 0
7721 4
7722 4
7723 0
7724 2
7725 0
7726 2
7727 0
7728 1
7729 4
7730 5
7731 3
7732 0
7733 0
7734 1
7735 1
7736 2
7737 2
7738 3
7739 1
7740 0
7741 5
7742 1
7743 1
7744 3
7745 1
7746 1
7747 1
7748 3
7749 1
7750 6
7751 3
7752 7
7753 0
7754 1
7755 2
7756 0
7757 0
7758 2
7759 1
7760 1
7761 2
7762 2
7763 4
7764 2
7765 2
7766 1
7767 0
7768 5
7769 0
7770 1
7771 6
7772 1
7773 0
7774 0
7775 2
7776 4
7777 0
7778 2
7779 1
7780 1
7781 4
7782 2
7783 0
7784 2
7785 1
7786 0
7787 1
7788 5
7789 3
7790 3
7791 3
7792 1
7793 9
7794 1
7795 1
7796 0
7797 1
7798 0
7799 1
7800 1
7801 4
7802 2
7803 4
7804 0
7805 1
7806 2
7807 1
7808 1
7809 1
7810 2
7811 1
7812 1
7813 1
7814 0
7815 6
7816 5
7817 1
7818 1
7819 0
7820 2
7821 3
7822 5
7823 0
7824 0
7825 2
7826 3
7827 2
7828 3
7829 0
7830 0
7831 4
7832 4
7833 1
7834 5
7835 1
7836 4
7837 1
7838 1
7839 4
7840 3
7841 1
7842 1
7843 2
7844 1
7845 3
7846 2
7847 1
7848 0
7849 2
7850 1
7851 1
7852 3
7853 2
7854 0
7855 1
7856 3
7857 3
7858 2
7859 2
7860 2
7861 3
7862 1
7863 3
7864 4
7865 3
7866 5
7867 6
7868 5
7869 1
7870 4
7871 2
7872 2
7873 0
7874 3
7875 3
7876 2
7877 4
7878 4
7879 6
7880 2
7881 4
7882 2
7883 2
7884 2
7885 4
7886 3
7887 3
7888 1
7889 1
7890 2
7891 2
7892 1
7893 1
7894 3
7895 1
7896 2
7897 3
7898 4
7899 5
7900 3
7901 1
7902 5
7903 1
7904 1
7905 4
7906 1
7907 2
7908 1
7909 1
7910 1
7911 1
7912 1
7913 8
7914 4
7915 2
7916 3
7917 5
7918 4
7919 1
7920 4
7921 1
7922 3
7923 1
7924 1
7925 0
7926 2
7927 0
7928 3
7929 3
7930 3
7931 0
7932 2
7933 1
7934 1
7935 3
7936 1
7937 3
7938 0
7939 2
7940 1
7941 5
7942 6
7943 1
7944 0
7945 0
7946 0
7947 1
7948 0
7949 4
7950 3
7951 1
7952 2
7953 5
7954 2
7955 1
7956 2
7957 0
7958 2
7959 5
7960 3
7961 2
7962 2
7963 0
7964 4
7965 4
7966 0
7967 2
7968 0
7969 0
7970 1
7971 0
7972 0
7973 1
7974 0
7975 3
7976 1
7977 1
7978 0
7979 2
7980 1
7981 0
7982 0
7983 0
7984 2
7985 3
7986 1
7987 0
7988 2
7989 2
7990 0
7991 2
7992 1
7993 2
7994 0
7995 2
7996 1
7997 0
7998 0
7999 5
8000 1
8001 0
8002 0
8003 5
8004 2
8005 0
8006 0
8007 3
8008 1
8009 0
8010 2
8011 2
8012 4
8013 4
8014 3
8015 0
8016 2
8017 4
8018 1
8019 1
8020 1
8021 0
8022 1
8023 1
8024 0
8025 0
8026 5
8027 0
8028 1
8029 0
8030 7
8031 1
8032 5
8033 1
8034 0
8035 0
8036 0
8037 2
8038 0
8039 0
8040 0
8041 0
8042 1
8043 0
8044 0
8045 1
8046 1
8047 1
8048 1
8049 2
8050 0
8051 2
8052 2
8053 0
8054 3
8055 5
8056 2
8057 0
8058 0
8059 2
8060 0
8061 0
8062 2
8063 1
8064 3
8065 1
8066 1
8067 2
8068 1
8069 1
8070 7
8071 2
8072 0
8073 1
8074 1
8075 1
8076 1
8077 0
8078 1
8079 1
8080 0
8081 1
8082 3
8083 0
8084 5
8085 3
8086 0
8087 0
8088 0
8089 5
8090 0
8091 1
8092 2
8093 2
8094 1
8095 2
8096 2
8097 2
8098 1
8099 0
8100 2
8101 0
8102 1
8103 2
8104 0
8105 1
8106 1
8107 3
8108 0
8109 0
8110 2
8111 2
8112 2
8113 0
8114 0
8115 0
8116 0
8117 2
8118 0
8119 7
8120 0
8121 1
8122 2
8123 0
8124 2
8125 1
8126 2
8127 1
8128 1
8129 0
8130 1
8131 0
8132 4
8133 6
8134 2
8135 3
8136 1
8137 1
8138 0
8139 5
8140 0
8141 1
8142 2
8143 1
8144 2
8145 4
8146 0
8147 1
8148 0
8149 1
8150 1
8151 3
8152 0
8153 0
8154 1
8155 1
8156 1
8157 0
8158 0
8159 1
8160 1
8161 1
8162 3
8163 0
8164 2
8165 1
8166 0
8167 3
8168 1
8169 1
8170 2
8171 2
8172 0
8173 2
8174 0
8175 2
8176 3
8177 5
8178 1
8179 0
8180 0
8181 11
8182 0
8183 1
8184 0
8185 1
8186 3
8187 1
8188 0
8189 0
8190 2
8191 0
8192 2
8193 2
8194 1
8195 2
8196 3
8197 0
8198 5
8199 4
8200 0
8201 0
8202 0
8203 0
8204 0
8205 2
8206 3
8207 4
8208 2
8209 2
8210 1
8211 1
8212 1
8213 2
8214 1
8215 0
8216 2
8217 2
8218 2
8219 1
8220 0
8221 0
8222 2
8223 1
8224 2
8225 0
8226 4
8227 0
8228 1
8229 2
8230 2
8231 3
8232 4
8233 0
8234 1
8235 2
8236 1
8237 1
8238 1
8239 0
8240 2
8241 2
8242 3
8243 3
8244 1
8245 2
8246 5
8247 1
8248 3
8249 1
8250 2
8251 2
8252 0
8253 0
8254 6
8255 1
8256 0
8257 4
8258 5
8259 6
8260 4
8261 1
8262 0
8263 4
8264 1
8265 1
8266 4
8267 2
8268 2
8269 4
8270 1
8271 4
8272 0
8273 4
8274 4
8275 2
8276 3
8277 2
8278 0
8279 5
8280 3
8281 0
8282 6
8283 2
8284 2
8285 2
8286 0
8287 0
8288 0
8289 0
8290 1
8291 0
8292 0
8293 0
8294 2
8295 4
8296 0
8297 0
8298 0
8299 2
8300 2
8301 4
8302 2
8303 0
8304 2
8305 2
8306 4
8307 2
8308 0
8309 0
8310 2
8311 0
8312 0
8313 2
8314 4
8315 0
8316 2
8317 1
8318 2
8319 0
8320 0
8321 2
8322 6
8323 1
8324 3
8325 2
8326 1
8327 2
8328 1
8329 2
8330 2
8331 0
8332 1
8333 0
8334 0
8335 3
8336 0
8337 4
8338 0
8339 0
8340 2
8341 2
8342 4
8343 0
8344 0
8345 2
8346 0
8347 4
8348 0
8349 2
8350 2
8351 8
8352 0
8353 0
8354 0
8355 0
8356 4
8357 6
8358 0
8359 2
8360 0
8361 2
8362 0
8363 0
8364 0
8365 0
8366 6
8367 1
8368 2
8369 2
8370 4
8371 4
8372 6
8373 2
8374 0
8375 0
8376 0
8377 3
8378 1
8379 0
8380 0
8381 2
8382 3
8383 2
8384 1
8385 0
8386 0
8387 2
8388 0
8389 1
8390 2
8391 1
8392 2
8393 0
8394 0
8395 0
8396 2
8397 2
8398 1
8399 0
8400 0
8401 0
8402 0
8403 2
8404 5
8405 0
8406 2
8407 0
8408 0
8409 2
8410 2
8411 0
8412 0
8413 2
8414 0
8415 0
8416 0
8417 0
8418 1
8419 2
8420 0
8421 2
8422 0
8423 0
8424 0
8425 2
8426 2
8427 4
8428 2
8429 0
8430 1
8431 0
8432 0
8433 0
8434 4
8435 0
8436 0
8437 0
8438 2
8439 0
8440 0
8441 0
8442 0
8443 0
8444 0
8445 0
8446 0
8447 0
8448 0
8449 0
8450 1
8451 1
8452 0
8453 2
8454 2
8455 3
8456 0
8457 2
8458 0
8459 3
8460 0
8461 0
8462 0
8463 0
8464 2
8465 0
8466 0
8467 2
8468 2
8469 0
8470 0
8471 4
8472 0
8473 2
8474 1
8475 0
8476 0
8477 0
8478 0
8479 0
8480 0
8481 0
8482 0
8483 1
8484 4
8485 0
8486 0
8487 0
8488 0
8489 0
8490 1
8491 4
8492 2
8493 4
8494 3
8495 0
8496 0
8497 1
8498 2
8499 0
8500 2
8501 0
8502 1
8503 0
8504 2
8505 2
8506 2
8507 0
8508 0
8509 0
8510 2
8511 3
8512 0
8513 0
8514 0
8515 1
8516 1
8517 1
8518 0
8519 0
8520 0
8521 1
8522 0
8523 0
8524 0
8525 0
8526 0
8527 2
8528 2
8529 0
8530 2
8531 4
8532 0
8533 0
8534 1
8535 2
8536 4
8537 0
8538 0
8539 5
8540 2
8541 0
8542 4
8543 0
8544 1
8545 0
8546 0
8547 6
8548 2
8549 0
8550 0
8551 0
8552 0
8553 2
8554 1
8555 2
8556 2
8557 0
8558 0
8559 2
8560 2
8561 5
8562 0
8563 0
8564 0
8565 0
8566 0
8567 0
8568 3
8569 2
8570 0
8571 0
8572 2
8573 0
8574 2
8575 1
8576 0
8577 0
8578 0
8579 4
8580 0
8581 0
8582 6
8583 0
8584 3
8585 1
8586 0
8587 0
8588 2
8589 0
8590 2
8591 3
8592 2
8593 2
8594 2
8595 0
8596 0
8597 2
8598 2
8599 0
8600 0
8601 1
8602 0
8603 3
8604 5
8605 2
8606 0
8607 4
8608 3
8609 0
8610 2
8611 1
8612 0
8613 0
8614 0
8615 1
8616 0
8617 1
8618 0
8619 4
8620 0
8621 0
8622 1
8623 0
8624 0
8625 0
8626 0
8627 0
8628 8
8629 0
8630 2
8631 2
8632 3
8633 0
8634 0
8635 0
8636 4
8637 5
8638 2
8639 0
8640 1
8641 0
8642 1
8643 0
8644 1
8645 0
8646 2
8647 0
8648 0
8649 0
8650 0
8651 4
8652 0
8653 0
8654 0
8655 0
8656 1
8657 0
8658 0
8659 0
8660 0
8661 0
8662 4
8663 0
8664 0
8665 0
8666 0
8667 0
8668 2
8669 1
8670 0
8671 0
8672 2
8673 0
8674 0
8675 0
8676 2
8677 0
8678 2
8679 0
8680 0
8681 2
8682 1
8683 1
8684 0
8685 2
8686 0
8687 0
8688 1
8689 0
8690 0
8691 0
8692 0
8693 0
8694 2
8695 0
8696 4
8697 0
8698 0
8699 0
8700 0
8701 4
8702 2
8703 0
8704 2
8705 0
8706 0
8707 0
8708 0
8709 1
8710 2
8711 0
8712 0
8713 0
8714 0
8715 0
8716 2
8717 4
8718 0
8719 3
8720 0
8721 3
8722 0
8723 0
8724 2
8725 0
8726 0
8727 5
8728 3
8729 0
8730 2
8731 0
8732 2
8733 2
8734 1
8735 2
8736 0
8737 2
8738 2
8739 0
8740 0
8741 2
8742 0
8743 3
8744 0
8745 1
8746 0
8747 0
8748 3
8749 3
8750 0
8751 0
8752 0
8753 4
8754 0
8755 0
8756 1
8757 2
8758 0
8759 6
8760 0
8761 0
8762 4
8763 0
8764 2
8765 0
8766 2
8767 2
8768 0
8769 0
8770 0
8771 0
8772 0
8773 2
8774 0
8775 0
8776 1
8777 0
8778 2
8779 0
8780 0
8781 0
8782 0
8783 0
8784 0
8785 2
8786 0
8787 0
8788 3
8789 2
8790 0
8791 2
8792 0
8793 0
8794 2
8795 4
8796 0
8797 0
8798 2
8799 2
8800 0
8801 2
8802 2
8803 4
8804 2
8805 0
8806 0
8807 0
8808 1
8809 0
8810 0
8811 0
8812 1
8813 1
8814 4
8815 2
8816 2
8817 2
8818 4
8819 2
8820 2
8821 0
8822 2
8823 0
8824 0
8825 0
8826 0
8827 0
8828 0
8829 2
8830 0
8831 0
8832 0
8833 2
8834 4
8835 0
8836 1
8837 2
8838 2
8839 1
8840 0
8841 0
8842 2
8843 1
8844 0
8845 1
8846 3
8847 2
8848 4
8849 1
8850 2
8851 0
8852 0
8853 1
8854 2
8855 2
8856 2
8857 1
8858 0
8859 0
8860 2
8861 0
8862 2
8863 2
8864 6
8865 1
8866 1
8867 0
8868 1
8869 2
8870 0
8871 1
8872 3
8873 1
8874 8
8875 0
8876 0
8877 0
8878 0
8879 0
8880 0
8881 0
8882 1
8883 0
8884 1
8885 1
8886 1
8887 2
8888 0
8889 1
8890 1
8891 1
8892 3
8893 1
8894 2
8895 0
8896 1
8897 3
8898 0
8899 0
8900 6
8901 0
8902 4
8903 0
8904 1
8905 2
8906 1
8907 3
8908 3
8909 3
8910 6
8911 1
8912 1
8913 3
8914 2
8915 1
8916 0
8917 0
8918 0
8919 1
8920 1
8921 2
8922 2
8923 0
8924 0
8925 1
8926 0
8927 1
8928 0
8929 4
8930 4
8931 5
8932 1
8933 4
8934 1
8935 0
8936 2
8937 3
8938 1
8939 1
8940 1
8941 2
8942 0
8943 0
8944 2
8945 1
8946 1
8947 1
8948 3
8949 1
8950 0
8951 1
8952 1
8953 0
8954 2
8955 2
8956 1
8957 2
8958 3
8959 1
8960 0
8961 0
8962 0
8963 0
8964 2
8965 2
8966 2
8967 1
8968 0
8969 0
8970 0
8971 3
8972 0
8973 2
8974 3
8975 0
8976 1
8977 2
8978 0
8979 0
8980 0
8981 0
8982 0
8983 1
8984 0
8985 0
8986 2
8987 0
8988 1
8989 1
8990 2
8991 0
8992 1
8993 0
8994 1
8995 0
8996 1
8997 1
8998 4
8999 0
9000 1
9001 3
9002 0
9003 0
9004 0
9005 3
9006 2
9007 1
9008 1
9009 2
9010 0
9011 3
9012 4
9013 4
9014 2
9015 4
9016 0
9017 0
9018 0
9019 0
9020 0
9021 1
9022 1
9023 3
9024 4
9025 1
9026 0
9027 2
9028 1
9029 1
9030 4
9031 0
9032 0
9033 0
9034 2
9035 0
9036 0
9037 0
9038 0
9039 0
9040 3
9041 3
9042 1
9043 4
9044 2
9045 0
9046 1
9047 1
9048 1
9049 2
9050 2
9051 2
9052 2
9053 2
9054 0
9055 1
9056 5
9057 1
9058 4
9059 6
9060 1
9061 4
9062 4
9063 2
9064 3
9065 1
9066 1
9067 0
9068 2
9069 2
9070 1
9071 0
9072 2
9073 1
9074 0
9075 4
9076 0
9077 6
9078 1
9079 7
9080 2
9081 3
9082 3
9083 0
9084 2
9085 1
9086 2
9087 1
9088 1
9089 3
9090 0
9091 0
9092 3
9093 0
9094 2
9095 7
9096 2
9097 0
9098 4
9099 3
9100 2
9101 0
9102 6
9103 2
9104 0
9105 0
9106 0
9107 2
9108 0
9109 2
9110 3
9111 0
9112 1
9113 2
9114 1
9115 5
9116 7
9117 1
9118 0
9119 0
9120 1
9121 0
9122 0
9123 2
9124 1
9125 2
9126 2
9127 0
9128 2
9129 5
9130 1
9131 0
9132 3
9133 0
9134 1
9135 1
9136 5
9137 0
9138 6
9139 2
9140 2
9141 6
9142 1
9143 0
9144 4
9145 0
9146 2
9147 0
9148 3
9149 5
9150 0
9151 0
9152 0
9153 3
9154 0
9155 0
9156 0
9157 0
9158 2
9159 1
9160 1
9161 1
9162 4
9163 1
9164 0
9165 1
9166 2
9167 0
9168 1
9169 0
9170 2
9171 4
9172 2
9173 1
9174 0
9175 2
9176 0
9177 4
9178 0
9179 0
9180 0
9181 1
9182 0
9183 0
9184 2
9185 0
9186 5
9187 0
9188 0
9189 1
9190 3
9191 1
9192 0
9193 1
9194 0
9195 0
9196 0
9197 0
9198 0
9199 0
9200 0
9201 0
9202 0
9203 0
9204 4
9205 2
9206 0
9207 5
9208 5
9209 2
9210 3
9211 4
9212 1
9213 0
9214 0
9215 0
9216 1
9217 0
9218 3
9219 4
9220 2
9221 0
9222 0
9223 0
9224 4
9225 0
9226 0
9227 0
9228 0
9229 0
9230 0
9231 2
9232 1
9233 2
9234 2
9235 1
9236 0
9237 3
9238 0
9239 3
9240 1
9241 1
9242 1
9243 0
9244 0
9245 0
9246 0
9247 0
9248 0
9249 1
9250 0
9251 0
9252 2
9253 0
9254 1
9255 2
9256 2
9257 2
9258 0
9259 0
9260 2
9261 2
9262 2
9263 3
9264 4
9265 2
9266 0
9267 1
9268 0
9269 1
9270 0
9271 0
9272 0
9273 0
9274 2
9275 0
9276 2
9277 2
9278 2
9279 1
9280 0
9281 0
9282 4
9283 0
9284 2
9285 1
9286 0
9287 0
9288 0
9289 4
9290 0
9291 2
9292 0
9293 2
9294 0
9295 0
9296 0
9297 4
9298 0
9299 1
9300 0
9301 2
9302 0
9303 1
9304 4
9305 0
9306 0
9307 7
9308 0
9309 1
9310 1
9311 0
9312 1
9313 2
9314 0
9315 1
9316 2
9317 2
9318 1
9319 3
9320 1
9321 4
9322 3
9323 0
9324 1
9325 2
9326 0
9327 3
9328 0
9329 1
9330 5
9331 3
9332 0
9333 2
9334 4
9335 0
9336 2
9337 1
9338 0
9339 3
9340 1
9341 2
9342 2
9343 0
9344 2
9345 0
9346 3
9347 0
9348 1
9349 5
9350 0
9351 3
9352 3
9353 1
9354 0
9355 2
9356 0
9357 2
9358 4
9359 1
9360 1
9361 5
9362 1
9363 3
9364 1
9365 1
9366 1
9367 0
9368 1
9369 2
9370 1
9371 4
9372 0
9373 0
9374 5
9375 1
9376 1
9377 2
9378 1
9379 0
9380 1
9381 1
9382 0
9383 3
9384 1
9385 0
9386 1
9387 0
9388 0
9389 0
9390 0
9391 0
9392 1
9393 0
9394 0
9395 1
9396 0
9397 3
9398 0
9399 4
9400 2
9401 0
9402 0
9403 0
9404 0
9405 1
9406 0
9407 5
9408 3
9409 0
9410 3
9411 0
9412 1
9413 0
9414 0
9415 3
9416 0
9417 1
9418 0
9419 5
9420 3
9421 0
9422 1
9423 0
9424 1
9425 0
9426 0
9427 1
9428 0
9429 3
9430 0
9431 0
9432 2
9433 1
9434 1
9435 1
9436 2
9437 2
9438 5
9439 2
9440 3
9441 0
9442 3
9443 1
9444 3
9445 0
9446 0
9447 0
9448 2
9449 0
9450 0
9451 1
9452 2
9453 2
9454 0
9455 0
9456 0
9457 2
9458 3
9459 1
9460 0
9461 0
9462 0
9463 1
9464 1
9465 3
9466 0
9467 2
9468 1
9469 2
9470 0
9471 0
9472 0
9473 0
9474 1
9475 3
9476 0
9477 4
9478 0
9479 2
9480 1
9481 1
9482 1
9483 0
9484 1
9485 2
9486 0
9487 1
9488 4
9489 2
9490 1
9491 1
9492 0
9493 1
9494 1
9495 0
9496 0
9497 1
9498 2
9499 0
9500 3
9501 0
9502 2
9503 0
9504 1
9505 1
9506 1
9507 1
9508 2
9509 0
9510 2
9511 2
9512 5
9513 5
9514 0
9515 0
9516 0
9517 4
9518 0
9519 0
9520 1
9521 0
9522 0
9523 0
9524 3
9525 1
9526 0
9527 0
9528 0
9529 1
9530 1
9531 1
9532 0
9533 2
9534 2
9535 1
9536 3
9537 0
9538 0
9539 3
9540 1
9541 5
9542 1
9543 0
9544 4
9545 0
9546 4
9547 1
9548 4
9549 2
9550 1
9551 2
9552 3
9553 7
9554 1
9555 2
9556 2
9557 3
9558 4
9559 1
9560 2
9561 3
9562 0
9563 1
9564 0
9565 0
9566 0
9567 1
9568 1
9569 1
9570 2
9571 1
9572 0
9573 3
9574 2
9575 4
9576 3
9577 2
9578 5
9579 1
9580 3
9581 3
9582 0
9583 0
9584 1
9585 0
9586 2
9587 2
9588 1
9589 2
9590 6
9591 0
9592 3
9593 0
9594 0
9595 3
9596 2
9597 0
9598 2
9599 2
9600 2
9601 0
9602 0
9603 2
9604 1
9605 4
9606 2
9607 2
9608 2
9609 0
9610 0
9611 0
9612 0
9613 0
9614 4
9615 4
9616 0
9617 4
9618 4
9619 0
9620 1
9621 0
9622 4
9623 0
9624 0
9625 0
9626 4
9627 0
9628 0
9629 3
9630 1
9631 2
9632 3
9633 0
9634 0
9635 4
9636 4
9637 2
9638 2
9639 4
9640 1
9641 3
9642 1
9643 3
9644 0
9645 2
9646 0
9647 3
9648 3
9649 0
9650 1
9651 3
9652 1
9653 2
9654 1
9655 3
9656 3
9657 0
9658 1
9659 3
9660 4
9661 4
9662 4
9663 2
9664 0
9665 1
9666 0
9667 2
9668 1
9669 2
9670 7
9671 0
9672 4
9673 1
9674 3
9675 0
9676 0
9677 2
9678 2
9679 2
9680 2
9681 0
9682 3
9683 0
9684 2
9685 2
9686 0
9687 0
9688 0
9689 3
9690 2
9691 1
9692 0
9693 0
9694 3
9695 1
9696 2
9697 3
9698 3
9699 1
9700 4
9701 0
9702 1
9703 0
9704 1
9705 6
9706 0
9707 0
9708 2
9709 2
9710 1
9711 1
9712 1
9713 1
9714 0
9715 1
9716 0
9717 3
9718 2
9719 0
9720 1
9721 0
9722 5
9723 5
9724 2
9725 2
9726 1
9727 1
9728 0
9729 0
9730 0
9731 0
9732 5
9733 4
9734 1
9735 0
9736 1
9737 2
9738 5
9739 0
9740 2
9741 3
9742 2
9743 2
9744 8
9745 2
9746 2
9747 0
9748 0
9749 4
9750 2
9751 4
9752 4
9753 5
9754 1
9755 3
9756 5
9757 0
9758 0
9759 3
9760 5
9761 1
9762 0
9763 0
9764 0
9765 0
9766 1
9767 1
9768 2
9769 5
9770 1
9771 6
9772 3
9773 5
9774 2
9775 3
9776 0
9777 2
9778 2
9779 1
9780 1
9781 2
9782 0
9783 2
9784 0
9785 1
9786 0
9787 3
9788 0
9789 3
9790 1
9791 3
9792 4
9793 1
9794 0
9795 0
9796 0
9797 0
9798 0
9799 3
9800 3
9801 5
9802 0
9803 2
9804 1
9805 0
9806 4
9807 2
9808 0
9809 0
9810 5
9811 2
9812 1
9813 1
9814 2
9815 0
9816 0
9817 1
9818 3
9819 2
9820 2
9821 1
9822 1
9823 0
9824 3
9825 1
9826 3
9827 2
9828 4
9829 2
9830 3
9831 2
9832 0
9833 3
9834 3
9835 0
9836 2
9837 2
9838 3
9839 5
9840 1
9841 2
9842 0
9843 3
9844 0
9845 1
9846 0
9847 1
9848 1
9849 4
9850 0
9851 2
9852 0
9853 0
9854 0
9855 2
9856 1
9857 0
9858 4
9859 1
9860 1
9861 0
9862 1
9863 1
9864 1
9865 4
9866 1
9867 4
9868 1
9869 1
9870 1
9871 4
9872 2
9873 0
9874 3
9875 0
9876 1
9877 4
9878 0
9879 1
9880 4
9881 1
9882 1
9883 1
9884 0
9885 1
9886 0
9887 2
9888 1
9889 0
9890 1
9891 4
9892 2
9893 1
9894 4
9895 2
9896 1
9897 1
9898 0
9899 0
9900 1
9901 1
9902 2
9903 1
9904 0
9905 0
9906 0
9907 0
9908 0
9909 2
9910 4
9911 3
9912 2
9913 1
9914 1
9915 1
9916 3
9917 0
9918 0
9919 0
9920 1
9921 2
9922 0
9923 4
9924 4
9925 1
9926 0
9927 0
9928 0
9929 1
9930 1
9931 3
9932 4
9933 2
9934 4
9935 1
9936 1
9937 0
9938 1
9939 3
9940 1
9941 1
9942 1
9943 3
9944 1
9945 2
9946 0
9947 1
9948 1
9949 0
9950 4
9951 1
9952 0
9953 4
9954 1
9955 4
9956 4
9957 1
9958 1
9959 1
9960 2
9961 1
9962 1
9963 0
9964 1
9965 0
9966 1
9967 0
9968 1
9969 0
9970 1
9971 2
9972 3
9973 4
9974 2
9975 1
9976 0
9977 5
9978 2
9979 0
9980 0
9981 4
9982 2
9983 3
9984 0
9985 2
9986 1
9987 1
9988 0
9989 1
9990 1
9991 4
9992 1
9993 1
9994 0
9995 1
9996 1
9997 1
9998 3
9999 0
10000 2
10001 2
