0 4
1 7
2 5
3 3
4 4
5 5
6 5
7 4
8 1
9 4
10 3
11 5
12 5
13 3
14 2
15 4
16 3
17 4
18 2
19 3
20 4
21 4
22 4
23 4
24 2
25 6
26 5
27 4
28 3
29 5
30 5
31 4
32 7
33 6
34 3
35 0
36 4
37 4
38 2
39 3
40 5
41 7
42 2
43 3
44 3
45 2
46 4
47 2
48 3
49 2
50 6
51 4
52 4
53 6
54 5
55 7
56 9
57 6
58 2
59 3
60 5
61 3
62 5
63 3
64 6
65 3
66 5
67 3
68 0
69 5
70 3
71 4
72 5
73 5
74 2
75 3
76 2
77 1
78 2
79 3
80 3
81 7
82 5
83 3
84 4
85 6
86 3
87 1
88 1
89 5
90 1
91 4
92 3
93 4
94 2
95 3
96 4
97 4
98 3
99 5
100 6
101 2
102 6
103 2
104 5
105 5
106 2
107 3
108 5
109 2
110 3
111 5
112 9
113 4
114 6
115 7
116 4
117 4
118 2
119 3
120 5
121 4
122 4
123 2
124 4
125 3
126 4
127 4
128 3
129 6
130 2
131 5
132 0
133 4
134 4
135 6
136 3
137 3
138 2
139 4
140 5
141 6
142 2
143 7
144 1
145 2
146 6
147 8
148 5
149 6
150 4
151 3
152 4
153 5
154 6
155 2
156 2
157 3
158 3
159 6
160 2
161 2
162 4
163 5
164 6
165 3
166 4
167 6
168 5
169 9
170 4
171 3
172 5
173 7
174 4
175 5
176 3
177 6
178 4
179 6
180 5
181 5
182 4
183 5
184 8
185 3
186 2
187 4
188 5
189 7
190 5
191 3
192 2
193 2
194 2
195 4
196 4
197 3
198 3
199 4
200 6
201 5
202 3
203 6
204 5
205 3
206 4
207 6
208 5
209 0
210 6
211 4
212 3
213 5
214 3
215 4
216 3
217 6
218 4
219 7
220 2
221 3
222 4
223 5
224 5
225 4
226 5
227 3
228 5
229 4
230 2
231 6
232 4
233 4
234 3
235 5
236 4
237 3
238 2
239 3
240 3
241 2
242 5
243 2
244 6
245 4
246 3
247 5
248 3
249 2
250 2
251 4
252 4
253 4
254 3
255 1
256 2
257 3
258 2
259 4
260 4
261 2
262 4
263 3
264 4
265 2
266 0
267 1
268 4
269 3
270 6
271 4
272 4
273 4
274 7
275 3
276 8
277 3
278 2
279 5
280 4
281 2
282 3
283 4
284 3
285 4
286 4
287 3
288 2
289 5
290 4
291 2
292 4
293 3
294 4
295 3
296 3
297 1
298 2
299 2
300 7
301 6
302 4
303 4
304 3
305 4
306 5
307 4
308 1
309 3
310 5
311 2
312 2
313 2
314 2
315 2
316 0
317 3
318 5
319 4
320 5
321 2
322 6
323 3
324 2
325 4
326 5
327 4
328 3
329 3
330 2
331 2
332 5
333 3
334 5
335 2
336 2
337 1
338 5
339 4
340 5
341 2
342 6
343 4
344 2
345 2
346 7
347 3
348 1
349 5
350 2
351 4
352 2
353 4
354 4
355 7
356 6
357 4
358 6
359 3
360 1
361 5
362 5
363 3
364 5
365 4
366 2
367 4
368 4
369 2
370 5
371 3
372 3
373 1
374 3
375 0
376 4
377 6
378 3
379 4
380 4
381 6
382 4
383 5
384 4
385 3
386 3
387 4
388 7
389 7
390 5
391 5
392 3
393 4
394 3
395 2
396 6
397 2
398 4
399 5
400 3
401 4
402 4
403 5
404 2
405 1
406 4
407 1
408 3
409 1
410 2
411 4
412 3
413 3
414 3
415 4
416 5
417 2
418 3
419 2
420 3
421 3
422 3
423 2
424 6
425 5
426 6
427 1
428 4
429 3
430 4
431 2
432 2
433 1
434 1
435 3
436 2
437 3
438 4
439 2
440 3
441 1
442 3
443 4
444 4
445 3
446 2
447 3
448 2
449 3
450 0
451 3
452 2
453 1
454 3
455 2
456 1
457 1
458 3
459 4
460 2
461 3
462 1
463 4
464 1
465 6
466 3
467 3
468 5
469 3
470 2
471 4
472 2
473 5
474 2
475 6
476 2
477 3
478 4
479 3
480 0
481 2
482 4
483 1
484 4
485 1
486 4
487 3
488 1
489 2
490 6
491 4
492 4
493 2
494 4
495 3
496 6
497 2
498 4
499 2
500 3
501 3
502 4
503 3
504 3
505 2
506 3
507 3
508 3
509 2
510 7
511 4
512 3
513 5
514 1
515 5
516 6
517 5
518 2
519 2
520 3
521 4
522 2
523 4
524 2
525 0
526 3
527 5
528 1
529 5
530 5
531 4
532 3
533 3
534 2
535 2
536 2
537 3
538 3
539 6
540 1
541 1
542 2
543 5
544 4
545 1
546 6
547 3
548 2
549 6
550 2
551 6
552 3
553 3
554 2
555 3
556 2
557 5
558 2
559 2
560 4
561 3
562 2
563 3
564 4
565 2
566 3
567 2
568 3
569 1
570 1
571 2
572 4
573 3
574 3
575 3
576 3
577 4
578 3
579 3
580 4
581 3
582 2
583 3
584 4
585 3
586 4
587 0
588 1
589 3
590 1
591 1
592 4
593 4
594 2
595 2
596 3
597 3
598 2
599 2
600 2
601 6
602 3
603 3
604 5
605 0
606 4
607 4
608 3
609 3
610 1
611 4
612 2
613 5
614 4
615 4
616 1
617 4
618 6
619 5
620 4
621 5
622 3
623 6
624 4
625 2
626 7
627 5
628 2
629 3
630 3
631 6
632 4
633 3
634 4
635 5
636 3
637 4
638 2
639 2
640 4
641 1
642 1
643 3
644 0
645 1
646 3
647 3
648 4
649 4
650 2
651 4
652 4
653 2
654 6
655 2
656 3
657 5
658 1
659 4
660 5
661 5
662 6
663 2
664 3
665 6
666 3
667 7
668 5
669 5
670 5
671 3
672 3
673 2
674 2
675 6
676 4
677 5
678 3
679 0
680 5
681 1
682 3
683 8
684 3
685 3
686 5
687 3
688 6
689 6
690 4
691 3
692 5
693 3
694 2
695 6
696 4
697 5
698 5
699 1
700 5
701 3
702 7
703 5
704 6
705 2
706 6
707 1
708 5
709 4
710 4
711 4
712 3
713 3
714 2
715 3
716 5
717 5
718 3
719 3
720 5
721 3
722 2
723 4
724 3
725 3
726 7
727 6
728 4
729 5
730 3
731 3
732 6
733 5
734 3
735 2
736 4
737 5
738 4
739 5
740 2
741 3
742 4
743 4
744 3
745 4
746 2
747 4
748 4
749 3
750 6
751 5
752 6
753 0
754 2
755 4
756 4
757 5
758 2
759 6
760 5
761 5
762 4
763 0
764 4
765 0
766 3
767 6
768 3
769 3
770 5
771 2
772 6
773 3
774 1
775 3
776 6
777 4
778 5
779 3
780 4
781 8
782 4
783 5
784 5
785 5
786 5
787 4
788 6
789 6
790 2
791 2
792 3
793 3
794 1
795 6
796 2
797 3
798 6
799 5
800 3
801 4
802 3
803 5
804 5
805 3
806 4
807 4
808 5
809 4
810 5
811 4
812 2
813 4
814 3
815 3
816 6
817 7
818 3
819 7
820 3
821 4
822 3
823 4
824 4
825 3
826 2
827 1
828 4
829 4
830 5
831 8
832 5
833 2
834 3
835 2
836 3
837 6
838 6
839 4
840 3
841 5
842 5
843 4
844 6
845 4
846 3
847 4
848 5
849 5
850 5
851 6
852 4
853 4
854 6
855 6
856 4
857 4
858 2
859 3
860 4
861 4
862 5
863 6
864 4
865 7
866 4
867 7
868 2
869 6
870 2
871 2
872 7
873 4
874 3
875 3
876 1
877 5
878 6
879 3
880 4
881 4
882 5
883 4
884 4
885 5
886 6
887 3
888 5
889 5
890 5
891 4
892 8
893 6
894 5
895 3
896 3
897 7
898 6
899 5
900 5
901 5
902 7
903 2
904 1
905 3
906 4
907 6
908 5
909 1
910 6
911 5
912 4
913 5
914 3
915 4
916 3
917 8
918 4
919 4
920 10
921 5
922 5
923 7
924 6
925 3
926 7
927 8
928 3
929 4
930 7
931 7
932 1
933 5
934 5
935 4
936 3
937 6
938 2
939 1
940 4
941 5
942 5
943 3
944 4
945 4
946 5
947 3
948 7
949 6
950 1
951 3
952 2
953 6
954 1
955 1
956 1
957 7
958 7
959 3
960 4
961 4
962 5
963 6
964 3
965 4
966 5
967 3
968 6
969 4
970 5
971 3
972 3
973 5
974 4
975 6
976 5
977 4
978 6
979 6
980 4
981 4
982 4
983 1
984 5
985 5
986 6
987 6
988 6
989 3
990 4
991 8
992 5
993 5
994 6
995 5
996 1
997 5
998 4
999 1
1000 5
1001 7
1002 2
1003 6
1004 9
1005 5
1006 2
1007 6
1008 3
1009 2
1010 3
1011 1
1012 3
1013 3
1014 6
1015 3
1016 5
1017 5
1018 3
1019 4
1020 5
1021 4
1022 3
1023 5
1024 5
1025 6
1026 3
1027 2
1028 3
1029 5
1030 6
1031 3
1032 2
1033 7
1034 5
1035 2
1036 4
1037 5
1038 3
1039 5
1040 4
1041 3
1042 4
1043 3
1044 1
1045 3
1046 3
1047 3
1048 7
1049 6
1050 3
1051 3
1052 4
1053 3
1054 2
1055 2
1056 4
1057 2
1058 4
1059 5
1060 7
1061 0
1062 5
1063 7
1064 5
1065 6
1066 4
1067 6
1068 9
1069 3
1070 5
1071 4
1072 1
1073 3
1074 2
1075 3
1076 3
1077 4
1078 3
1079 3
1080 6
1081 1
1082 5
1083 5
1084 3
1085 3
1086 7
1087 3
1088 2
1089 6
1090 3
1091 3
1092 4
1093 6
1094 3
1095 2
1096 4
1097 5
1098 4
1099 3
1100 5
1101 4
1102 5
1103 4
1104 2
1105 3
1106 5
1107 0
1108 4
1109 4
1110 4
1111 5
1112 8
1113 3
1114 6
1115 6
1116 5
1117 4
1118 2
1119 8
1120 4
1121 7
1122 5
1123 4
1124 3
1125 4
1126 4
1127 2
1128 6
1129 3
1130 4
1131 4
1132 6
1133 1
1134 5
1135 3
1136 3
1137 4
1138 4
1139 6
1140 2
1141 7
1142 7
1143 7
1144 4
1145 5
1146 6
1147 1
1148 8
1149 3
1150 2
1151 6
1152 3
1153 5
1154 5
1155 4
1156 5
1157 4
1158 3
1159 7
1160 5
1161 4
1162 3
1163 2
1164 5
1165 2
1166 1
1167 3
1168 2
1169 3
1170 4
1171 5
1172 4
1173 5
1174 5
1175 4
1176 8
1177 4
1178 5
1179 6
1180 7
1181 4
1182 6
1183 6
1184 2
1185 6
1186 2
1187 6
1188 6
1189 7
1190 3
1191 3
1192 3
1193 3
1194 5
1195 2
1196 6
1197 2
1198 5
1199 3
1200 4
1201 3
1202 4
1203 3
1204 1
1205 3
1206 6
1207 6
1208 4
1209 6
1210 7
1211 3
1212 1
1213 4
1214 4
1215 3
1216 1
1217 5
1218 3
1219 5
1220 4
1221 4
1222 4
1223 7
1224 7
1225 5
1226 5
1227 7
1228 6
1229 7
1230 6
1231 4
1232 3
1233 5
1234 3
1235 4
1236 3
1237 5
1238 3
1239 4
1240 5
1241 7
1242 4
1243 4
1244 4
1245 3
1246 4
1247 7
1248 7
1249 5
1250 6
1251 9
1252 5
1253 5
1254 6
1255 4
1256 3
1257 6
1258 5
1259 5
1260 1
1261 8
1262 6
1263 5
1264 6
1265 4
1266 6
1267 4
1268 4
1269 0
1270 6
1271 2
1272 7
1273 6
1274 3
1275 6
1276 3
1277 4
1278 3
1279 3
1280 5
1281 5
1282 5
1283 7
1284 1
1285 4
1286 6
1287 7
1288 3
1289 6
1290 1
1291 7
1292 2
1293 6
1294 6
1295 4
1296 7
1297 5
1298 6
1299 4
1300 4
1301 8
1302 6
1303 6
1304 9
1305 10
1306 5
1307 7
1308 4
1309 7
1310 4
1311 6
1312 5
1313 6
1314 5
1315 4
1316 7
1317 3
1318 4
1319 3
1320 2
1321 3
1322 6
1323 1
1324 3
1325 5
1326 4
1327 4
1328 5
1329 7
1330 6
1331 5
1332 4
1333 4
1334 6
1335 6
1336 1
1337 4
1338 5
1339 6
1340 2
1341 4
1342 2
1343 3
1344 5
1345 7
1346 6
1347 6
1348 3
1349 5
1350 5
1351 3
1352 3
1353 2
1354 4
1355 2
1356 2
1357 2
1358 3
1359 4
1360 3
1361 6
1362 7
1363 7
1364 5
1365 3
1366 6
1367 5
1368 6
1369 7
1370 4
1371 8
1372 1
1373 5
1374 7
1375 5
1376 6
1377 5
1378 6
1379 4
1380 10
1381 3
1382 2
1383 5
1384 3
1385 3
1386 5
1387 2
1388 2
1389 5
1390 5
1391 3
1392 2
1393 3
1394 3
1395 5
1396 2
1397 4
1398 4
1399 5
1400 4
1401 2
1402 4
1403 4
1404 5
1405 6
1406 6
1407 4
1408 4
1409 5
1410 6
1411 2
1412 1
1413 2
1414 3
1415 5
1416 7
1417 8
1418 7
1419 7
1420 5
1421 5
1422 7
1423 6
1424 2
1425 6
1426 6
1427 6
1428 3
1429 4
1430 8
1431 3
1432 3
1433 4
1434 4
1435 6
1436 4
1437 2
1438 3
1439 3
1440 6
1441 4
1442 5
1443 4
1444 5
1445 5
1446 6
1447 5
1448 5
1449 5
1450 3
1451 6
1452 6
1453 2
1454 2
1455 5
1456 5
1457 6
1458 5
1459 3
1460 5
1461 4
1462 5
1463 4
1464 5
1465 7
1466 2
1467 4
1468 7
1469 1
1470 4
1471 4
1472 4
1473 6
1474 4
1475 5
1476 6
1477 8
1478 7
1479 7
1480 5
1481 1
1482 6
1483 2
1484 2
1485 3
1486 5
1487 4
1488 6
1489 3
1490 4
1491 3
1492 5
1493 3
1494 3
1495 6
1496 4
1497 2
1498 6
1499 3
1500 1
1501 6
1502 6
1503 2
1504 2
1505 1
1506 4
1507 4
1508 5
1509 6
1510 6
1511 4
1512 2
1513 3
1514 2
1515 5
1516 4
1517 5
1518 6
1519 4
1520 3
1521 2
1522 6
1523 6
1524 1
1525 7
1526 5
1527 7
1528 5
1529 4
1530 5
1531 3
1532 5
1533 8
1534 4
1535 5
1536 5
1537 6
1538 5
1539 7
1540 2
1541 2
1542 4
1543 5
1544 1
1545 4
1546 5
1547 5
1548 6
1549 7
1550 5
1551 6
1552 3
1553 4
1554 5
1555 5
1556 6
1557 3
1558 4
1559 5
1560 3
1561 6
1562 4
1563 5
1564 1
1565 6
1566 5
1567 4
1568 3
1569 2
1570 1
1571 5
1572 3
1573 5
1574 3
1575 3
1576 8
1577 7
1578 6
1579 5
1580 7
1581 5
1582 6
1583 5
1584 3
1585 4
1586 3
1587 5
1588 5
1589 4
1590 3
1591 3
1592 3
1593 3
1594 4
1595 3
1596 5
1597 4
1598 4
1599 7
1600 2
1601 4
1602 3
1603 3
1604 4
1605 4
1606 1
1607 0
1608 3
1609 1
1610 2
1611 4
1612 3
1613 5
1614 4
1615 6
1616 5
1617 7
1618 3
1619 2
1620 4
1621 3
1622 3
1623 8
1624 3
1625 4
1626 4
1627 3
1628 7
1629 2
1630 6
1631 2
1632 5
1633 5
1634 1
1635 0
1636 3
1637 2
1638 2
1639 2
1640 3
1641 4
1642 4
1643 3
1644 4
1645 3
1646 5
1647 4
1648 2
1649 3
1650 2
1651 3
1652 4
1653 5
1654 6
1655 0
1656 1
1657 3
1658 7
1659 6
1660 3
1661 3
1662 3
1663 2
1664 2
1665 5
1666 3
1667 3
1668 4
1669 5
1670 3
1671 3
1672 3
1673 4
1674 2
1675 2
1676 6
1677 5
1678 3
1679 4
1680 4
1681 4
1682 3
1683 2
1684 4
1685 4
1686 2
1687 1
1688 4
1689 3
1690 1
1691 6
1692 1
1693 3
1694 1
1695 3
1696 0
1697 2
1698 3
1699 3
1700 5
1701 2
1702 2
1703 1
1704 3
1705 2
1706 3
1707 1
1708 3
1709 1
1710 2
1711 1
1712 2
1713 4
1714 6
1715 4
1716 6
1717 3
1718 4
1719 4
1720 3
1721 2
1722 4
1723 5
1724 1
1725 3
1726 5
1727 3
1728 5
1729 5
1730 6
1731 7
1732 4
1733 7
1734 4
1735 3
1736 4
1737 3
1738 4
1739 1
1740 5
1741 6
1742 7
1743 2
1744 4
1745 2
1746 1
1747 3
1748 0
1749 3
1750 8
1751 5
1752 5
1753 5
1754 3
1755 3
1756 6
1757 6
1758 3
1759 4
1760 3
1761 4
1762 4
1763 6
1764 2
1765 6
1766 3
1767 2
1768 4
1769 4
1770 4
1771 3
1772 3
1773 4
1774 5
1775 3
1776 4
1777 5
1778 3
1779 5
1780 2
1781 5
1782 4
1783 0
1784 3
1785 4
1786 5
1787 2
1788 7
1789 1
1790 7
1791 5
1792 3
1793 8
1794 3
1795 4
1796 2
1797 5
1798 6
1799 2
1800 5
1801 4
1802 6
1803 5
1804 3
1805 6
1806 1
1807 4
1808 4
1809 1
1810 4
1811 3
1812 4
1813 4
1814 3
1815 3
1816 2
1817 3
1818 1
1819 3
1820 5
1821 4
1822 3
1823 5
1824 5
1825 4
1826 5
1827 5
1828 7
1829 1
1830 3
1831 3
1832 1
1833 4
1834 3
1835 3
1836 7
1837 5
1838 5
1839 3
1840 5
1841 4
1842 5
1843 1
1844 3
1845 3
1846 3
1847 2
1848 6
1849 3
1850 7
1851 8
1852 1
1853 8
1854 3
1855 5
1856 5
1857 7
1858 7
1859 5
1860 7
1861 6
1862 6
1863 3
1864 6
1865 5
1866 5
1867 6
1868 5
1869 1
1870 5
1871 4
1872 2
1873 4
1874 1
1875 7
1876 5
1877 2
1878 3
1879 1
1880 5
1881 6
1882 4
1883 5
1884 6
1885 5
1886 2
1887 4
1888 3
1889 6
1890 5
1891 8
1892 7
1893 3
1894 5
1895 5
1896 5
1897 2
1898 5
1899 6
1900 5
1901 2
1902 2
1903 5
1904 2
1905 2
1906 2
1907 3
1908 7
1909 2
1910 4
1911 1
1912 1
1913 4
1914 4
1915 3
1916 2
1917 4
1918 4
1919 3
1920 3
1921 2
1922 5
1923 3
1924 7
1925 2
1926 6
1927 6
1928 2
1929 4
1930 3
1931 5
1932 3
1933 3
1934 5
1935 5
1936 5
1937 1
1938 3
1939 2
1940 1
1941 4
1942 5
1943 5
1944 3
1945 2
1946 5
1947 6
1948 1
1949 1
1950 3
1951 2
1952 6
1953 4
1954 3
1955 4
1956 2
1957 2
1958 4
1959 3
1960 6
1961 3
1962 5
1963 1
1964 4
1965 4
1966 1
1967 4
1968 2
1969 6
1970 1
1971 4
1972 5
1973 3
1974 3
1975 4
1976 3
1977 5
1978 2
1979 5
1980 5
1981 1
1982 3
1983 3
1984 3
1985 2
1986 3
1987 4
1988 5
1989 4
1990 5
1991 2
1992 3
1993 1
1994 3
1995 2
1996 3
1997 6
1998 5
1999 4
2000 6
2001 2
2002 5
2003 2
2004 5
2005 7
2006 3
2007 4
2008 4
2009 6
2010 7
2011 3
2012 3
2013 5
2014 0
2015 3
2016 3
2017 5
2018 7
2019 6
2020 4
2021 2
2022 5
2023 4
2024 7
2025 2
2026 5
2027 6
2028 6
2029 4
2030 4
2031 4
2032 4
2033 3
2034 8
2035 7
2036 4
2037 3
2038 6
2039 1
2040 3
2041 4
2042 5
2043 5
2044 6
2045 5
2046 6
2047 6
2048 6
2049 3
2050 0
2051 3
2052 4
2053 4
2054 1
2055 3
2056 2
2057 6
2058 6
2059 3
2060 1
2061 5
2062 3
2063 5
2064 6
2065 7
2066 2
2067 1
2068 5
2069 4
2070 0
2071 4
2072 1
2073 4
2074 7
2075 4
2076 4
2077 3
2078 5
2079 4
2080 2
2081 5
2082 4
2083 1
2084 2
2085 4
2086 3
2087 7
2088 6
2089 2
2090 4
2091 5
2092 5
2093 4
2094 4
2095 3
2096 2
2097 5
2098 3
2099 4
2100 0
2101 5
2102 5
2103 4
2104 2
2105 3
2106 3
2107 5
2108 4
2109 7
2110 1
2111 6
2112 3
2113 6
2114 3
2115 3
2116 2
2117 3
2118 8
2119 7
2120 1
2121 4
2122 5
2123 4
2124 6
2125 4
2126 3
2127 3
2128 3
2129 5
2130 3
2131 5
2132 4
2133 7
2134 4
2135 5
2136 2
2137 3
2138 5
2139 4
2140 3
2141 8
2142 2
2143 0
2144 3
2145 6
2146 2
2147 4
2148 3
2149 3
2150 6
2151 4
2152 6
2153 4
2154 4
2155 6
2156 5
2157 2
2158 1
2159 4
2160 3
2161 5
2162 3
2163 4
2164 6
2165 7
2166 4
2167 4
2168 3
2169 3
2170 5
2171 3
2172 6
2173 4
2174 2
2175 3
2176 5
2177 6
2178 4
2179 9
2180 6
2181 7
2182 3
2183 5
2184 4
2185 6
2186 2
2187 7
2188 4
2189 1
2190 3
2191 4
2192 2
2193 4
2194 3
2195 3
2196 3
2197 3
2198 4
2199 7
2200 6
2201 5
2202 6
2203 9
2204 5
2205 2
2206 5
2207 5
2208 4
2209 4
2210 5
2211 4
2212 5
2213 7
2214 4
2215 6
2216 6
2217 4
2218 7
2219 4
2220 4
2221 7
2222 6
2223 4
2224 3
2225 4
2226 4
2227 3
2228 6
2229 2
2230 2
2231 4
2232 1
2233 4
2234 4
2235 6
2236 5
2237 4
2238 7
2239 4
2240 4
2241 5
2242 5
2243 3
2244 4
2245 6
2246 6
2247 3
2248 7
2249 6
2250 7
2251 6
2252 4
2253 4
2254 6
2255 5
2256 6
2257 7
2258 5
2259 5
2260 5
2261 3
2262 4
2263 7
2264 5
2265 3
2266 8
2267 5
2268 6
2269 5
2270 6
2271 9
2272 7
2273 6
2274 3
2275 3
2276 5
2277 5
2278 6
2279 5
2280 4
2281 7
2282 8
2283 6
2284 5
2285 5
2286 1
2287 8
2288 3
2289 4
2290 4
2291 6
2292 3
2293 6
2294 4
2295 3
2296 5
2297 6
2298 7
2299 5
2300 2
2301 1
2302 5
2303 6
2304 6
2305 7
2306 2
2307 4
2308 4
2309 5
2310 6
2311 4
2312 5
2313 5
2314 7
2315 3
2316 6
2317 4
2318 5
2319 6
2320 1
2321 1
2322 6
2323 5
2324 5
2325 6
2326 2
2327 3
2328 5
2329 6
2330 1
2331 6
2332 7
2333 4
2334 2
2335 4
2336 4
2337 5
2338 5
2339 6
2340 4
2341 6
2342 1
2343 4
2344 4
2345 6
2346 5
2347 5
2348 3
2349 4
2350 6
2351 4
2352 4
2353 1
2354 5
2355 8
2356 4
2357 3
2358 6
2359 6
2360 6
2361 5
2362 6
2363 8
2364 7
2365 4
2366 0
2367 3
2368 3
2369 3
2370 4
2371 3
2372 3
2373 2
2374 5
2375 1
2376 3
2377 7
2378 8
2379 5
2380 7
2381 4
2382 4
2383 8
2384 4
2385 5
2386 6
2387 4
2388 4
2389 3
2390 1
2391 2
2392 3
2393 4
2394 2
2395 4
2396 4
2397 6
2398 5
2399 8
2400 3
2401 5
2402 2
2403 3
2404 5
2405 3
2406 4
2407 6
2408 4
2409 2
2410 4
2411 5
2412 6
2413 5
2414 4
2415 6
2416 5
2417 6
2418 5
2419 3
2420 0
2421 2
2422 6
2423 4
2424 6
2425 8
2426 4
2427 1
2428 5
2429 5
2430 4
2431 3
2432 4
2433 1
2434 3
2435 5
2436 3
2437 6
2438 6
2439 7
2440 3
2441 3
2442 5
2443 3
2444 5
2445 2
2446 3
2447 3
2448 2
2449 3
2450 4
2451 5
2452 6
2453 4
2454 0
2455 2
2456 2
2457 3
2458 1
2459 4
2460 4
2461 2
2462 4
2463 4
2464 2
2465 5
2466 2
2467 2
2468 7
2469 6
2470 5
2471 3
2472 3
2473 2
2474 8
2475 2
2476 7
2477 1
2478 3
2479 3
2480 4
2481 6
2482 3
2483 5
2484 5
2485 6
2486 7
2487 6
2488 3
2489 2
2490 2
2491 5
2492 1
2493 2
2494 5
2495 2
2496 2
2497 5
2498 2
2499 9
2500 4
2501 6
2502 5
2503 3
2504 2
2505 7
2506 3
2507 5
2508 5
2509 4
2510 3
2511 5
2512 6
2513 3
2514 6
2515 4
2516 3
2517 7
2518 3
2519 4
2520 5
2521 4
2522 4
2523 7
2524 7
2525 6
2526 5
2527 3
2528 7
2529 4
2530 4
2531 2
2532 5
2533 4
2534 3
2535 4
2536 3
2537 2
2538 4
2539 3
2540 4
2541 5
2542 3
2543 4
2544 2
2545 5
2546 4
2547 4
2548 3
2549 5
2550 4
2551 6
2552 4
2553 5
2554 6
2555 7
2556 5
2557 7
2558 5
2559 5
2560 5
2561 3
2562 5
2563 5
2564 5
2565 5
2566 7
2567 2
2568 5
2569 4
2570 4
2571 3
2572 5
2573 3
2574 5
2575 6
2576 4
2577 2
2578 5
2579 3
2580 4
2581 3
2582 7
2583 3
2584 3
2585 3
2586 4
2587 3
2588 4
2589 5
2590 5
2591 5
2592 3
2593 7
2594 3
2595 6
2596 5
2597 4
2598 4
2599 2
2600 3
2601 2
2602 5
2603 6
2604 4
2605 5
2606 3
2607 4
2608 3
2609 3
2610 2
2611 7
2612 1
2613 6
2614 6
2615 6
2616 3
2617 3
2618 3
2619 3
2620 2
2621 3
2622 4
2623 3
2624 5
2625 6
2626 4
2627 3
2628 6
2629 4
2630 3
2631 3
2632 3
2633 4
2634 4
2635 2
2636 7
2637 6
2638 5
2639 6
2640 3
2641 3
2642 6
2643 5
2644 5
2645 3
2646 1
2647 4
2648 9
2649 8
2650 8
2651 7
2652 8
2653 4
2654 7
2655 5
2656 4
2657 6
2658 4
2659 3
2660 6
2661 2
2662 5
2663 8
2664 3
2665 6
2666 4
2667 6
2668 8
2669 5
2670 6
2671 3
2672 6
2673 7
2674 3
2675 5
2676 4
2677 3
2678 4
2679 6
2680 1
2681 5
2682 6
2683 7
2684 5
2685 6
2686 3
2687 4
2688 7
2689 6
2690 7
2691 6
2692 6
2693 4
2694 6
2695 7
2696 6
2697 5
2698 7
2699 6
2700 5
2701 2
2702 2
2703 7
2704 5
2705 3
2706 4
2707 5
2708 4
2709 6
2710 4
2711 2
2712 4
2713 4
2714 3
2715 6
2716 6
2717 4
2718 6
2719 5
2720 7
2721 6
2722 4
2723 5
2724 6
2725 4
2726 3
2727 4
2728 7
2729 7
2730 5
2731 6
2732 5
2733 3
2734 2
2735 3
2736 7
2737 6
2738 3
2739 3
2740 5
2741 8
2742 6
2743 4
2744 4
2745 8
2746 7
2747 6
2748 2
2749 3
2750 5
2751 5
2752 4
2753 1
2754 4
2755 6
2756 5
2757 7
2758 5
2759 4
2760 6
2761 2
2762 6
2763 2
2764 4
2765 4
2766 3
2767 5
2768 6
2769 3
2770 1
2771 5
2772 4
2773 4
2774 3
2775 7
2776 7
2777 5
2778 6
2779 6
2780 3
2781 3
2782 6
2783 2
2784 4
2785 10
2786 4
2787 4
2788 2
2789 6
2790 5
2791 4
2792 4
2793 5
2794 4
2795 6
2796 3
2797 4
2798 8
2799 3
2800 6
2801 5
2802 4
2803 3
2804 7
2805 6
2806 3
2807 4
2808 7
2809 5
2810 3
2811 1
2812 5
2813 6
2814 3
2815 3
2816 7
2817 4
2818 6
2819 6
2820 6
2821 3
2822 7
2823 7
2824 3
2825 6
2826 4
2827 3
2828 6
2829 4
2830 7
2831 3
2832 6
2833 7
2834 4
2835 5
2836 6
2837 6
2838 2
2839 2
2840 4
2841 7
2842 8
2843 10
2844 3
2845 4
2846 5
2847 5
2848 5
2849 4
2850 8
2851 5
2852 6
2853 5
2854 6
2855 3
2856 7
2857 4
2858 4
2859 3
2860 5
2861 3
2862 6
2863 8
2864 5
2865 2
2866 1
2867 7
2868 2
2869 5
2870 4
2871 3
2872 6
2873 9
2874 4
2875 2
2876 2
2877 6
2878 6
2879 6
2880 3
2881 8
2882 6
2883 7
2884 7
2885 3
2886 5
2887 6
2888 5
2889 5
2890 4
2891 5
2892 7
2893 5
2894 6
2895 1
2896 4
2897 5
2898 6
2899 4
2900 4
2901 6
2902 5
2903 5
2904 6
2905 7
2906 7
2907 2
2908 6
2909 3
2910 6
2911 6
2912 4
2913 3
2914 4
2915 6
2916 6
2917 5
2918 5
2919 7
2920 6
2921 6
2922 6
2923 3
2924 6
2925 3
2926 0
2927 2
2928 1
2929 7
2930 4
2931 7
2932 5
2933 4
2934 4
2935 5
2936 2
2937 4
2938 5
2939 7
2940 6
2941 7
2942 6
2943 5
2944 7
2945 2
2946 2
2947 4
2948 4
2949 6
2950 3
2951 2
2952 5
2953 4
2954 3
2955 3
2956 5
2957 3
2958 5
2959 3
2960 6
2961 6
2962 5
2963 6
2964 4
2965 6
2966 7
2967 6
2968 3
2969 5
2970 5
2971 5
2972 4
2973 7
2974 5
2975 3
2976 5
2977 3
2978 7
2979 6
2980 4
2981 5
2982 4
2983 6
2984 3
2985 7
2986 6
2987 6
2988 8
2989 6
2990 8
2991 5
2992 4
2993 3
2994 5
2995 6
2996 2
2997 3
2998 2
2999 5
3000 4
3001 5
3002 7
3003 3
3004 5
3005 4
3006 3
3007 7
3008 5
3009 5
3010 7
3011 4
3012 6
3013 3
3014 3
3015 6
3016 7
3017 5
3018 6
3019 7
3020 3
3021 4
3022 5
3023 3
3024 6
3025 2
3026 4
3027 0
3028 5
3029 7
3030 6
3031 6
3032 5
3033 7
3034 3
3035 4
3036 6
3037 5
3038 4
3039 3
3040 5
3041 4
3042 5
3043 3
3044 5
3045 4
3046 7
3047 6
3048 6
3049 7
3050 7
3051 2
3052 8
3053 5
3054 6
3055 5
3056 4
3057 4
3058 7
3059 4
3060 0
3061 6
3062 4
3063 4
3064 5
3065 5
3066 3
3067 7
3068 4
3069 10
3070 3
3071 7
3072 4
3073 3
3074 6
3075 2
3076 3
3077 6
3078 7
3079 5
3080 3
3081 6
3082 3
3083 8
3084 5
3085 4
3086 4
3087 4
3088 6
3089 4
3090 3
3091 4
3092 5
3093 6
3094 4
3095 5
3096 3
3097 9
3098 3
3099 2
3100 2
3101 3
3102 2
3103 3
3104 7
3105 3
3106 6
3107 5
3108 7
3109 3
3110 5
3111 3
3112 8
3113 4
3114 6
3115 6
3116 4
3117 2
3118 6
3119 3
3120 3
3121 4
3122 4
3123 3
3124 3
3125 3
3126 6
3127 9
3128 7
3129 3
3130 4
3131 5
3132 5
3133 5
3134 5
3135 6
3136 6
3137 10
3138 6
3139 2
3140 3
3141 5
3142 8
3143 7
3144 2
3145 6
3146 4
3147 3
3148 6
3149 7
3150 4
3151 2
3152 7
3153 2
3154 4
3155 8
3156 4
3157 3
3158 5
3159 3
3160 7
3161 3
3162 4
3163 8
3164 4
3165 5
3166 6
3167 4
3168 5
3169 6
3170 4
3171 5
3172 3
3173 6
3174 2
3175 5
3176 5
3177 5
3178 5
3179 3
3180 4
3181 7
3182 4
3183 5
3184 4
3185 4
3186 5
3187 2
3188 4
3189 5
3190 7
3191 7
3192 4
3193 7
3194 6
3195 5
3196 1
3197 4
3198 6
3199 4
3200 5
3201 7
3202 6
3203 1
3204 4
3205 3
3206 6
3207 2
3208 4
3209 4
3210 3
3211 4
3212 5
3213 3
3214 3
3215 6
3216 6
3217 5
3218 9
3219 1
3220 5
3221 7
3222 4
3223 3
3224 4
3225 2
3226 6
3227 6
3228 5
3229 3
3230 5
3231 2
3232 2
3233 3
3234 5
3235 4
3236 4
3237 3
3238 4
3239 4
3240 5
3241 5
3242 7
3243 4
3244 6
3245 4
3246 2
3247 10
3248 6
3249 4
3250 5
3251 7
3252 4
3253 4
3254 5
3255 3
3256 8
3257 5
3258 5
3259 3
3260 2
3261 4
3262 1
3263 6
3264 4
3265 2
3266 4
3267 5
3268 5
3269 5
3270 5
3271 7
3272 5
3273 3
3274 4
3275 3
3276 6
3277 6
3278 0
3279 4
3280 3
3281 8
3282 2
3283 2
3284 5
3285 6
3286 2
3287 3
3288 2
3289 1
3290 3
3291 5
3292 6
3293 3
3294 4
3295 5
3296 3
3297 6
3298 3
3299 3
3300 2
3301 3
3302 6
3303 5
3304 4
3305 1
3306 5
3307 4
3308 5
3309 6
3310 6
3311 6
3312 5
3313 5
3314 7
3315 6
3316 6
3317 6
3318 4
3319 3
3320 3
3321 4
3322 4
3323 5
3324 3
3325 5
3326 1
3327 5
3328 6
3329 8
3330 4
3331 3
3332 5
3333 4
3334 6
3335 5
3336 3
3337 5
3338 5
3339 4
3340 5
3341 8
3342 5
3343 8
3344 5
3345 5
3346 3
3347 5
3348 2
3349 6
3350 1
3351 5
3352 6
3353 3
3354 3
3355 5
3356 5
3357 5
3358 2
3359 6
3360 5
3361 5
3362 4
3363 4
3364 4
3365 6
3366 3
3367 5
3368 4
3369 3
3370 4
3371 2
3372 3
3373 4
3374 7
3375 3
3376 4
3377 3
3378 2
3379 5
3380 7
3381 4
3382 3
3383 4
3384 4
3385 8
3386 3
3387 5
3388 3
3389 5
3390 4
3391 3
3392 5
3393 2
3394 4
3395 6
3396 6
3397 3
3398 7
3399 3
3400 7
3401 5
3402 4
3403 1
3404 5
3405 4
3406 4
3407 3
3408 7
3409 7
3410 4
3411 4
3412 4
3413 3
3414 4
3415 3
3416 7
3417 3
3418 3
3419 5
3420 3
3421 6
3422 3
3423 4
3424 2
3425 5
3426 5
3427 4
3428 3
3429 6
3430 3
3431 4
3432 7
3433 8
3434 7
3435 5
3436 4
3437 7
3438 8
3439 6
3440 4
3441 1
3442 5
3443 6
3444 4
3445 7
3446 8
3447 6
3448 5
3449 6
3450 7
3451 3
3452 6
3453 4
3454 7
3455 2
3456 6
3457 5
3458 5
3459 1
3460 6
3461 7
3462 4
3463 4
3464 3
3465 6
3466 2
3467 4
3468 6
3469 3
3470 3
3471 5
3472 7
3473 6
3474 2
3475 2
3476 1
3477 4
3478 4
3479 5
3480 7
3481 4
3482 4
3483 6
3484 4
3485 5
3486 5
3487 4
3488 5
3489 3
3490 4
3491 6
3492 5
3493 3
3494 5
3495 6
3496 5
3497 5
3498 3
3499 6
3500 6
3501 3
3502 4
3503 4
3504 6
3505 4
3506 5
3507 4
3508 3
3509 2
3510 3
3511 6
3512 4
3513 5
3514 4
3515 7
3516 4
3517 4
3518 4
3519 4
3520 5
3521 3
3522 3
3523 3
3524 4
3525 2
3526 3
3527 2
3528 5
3529 4
3530 5
3531 7
3532 5
3533 7
3534 3
3535 2
3536 4
3537 3
3538 5
3539 6
3540 4
3541 4
3542 5
3543 4
3544 4
3545 4
3546 6
3547 6
3548 5
3549 6
3550 6
3551 3
3552 4
3553 7
3554 3
3555 3
3556 3
3557 1
3558 2
3559 4
3560 3
3561 7
3562 4
3563 6
3564 3
3565 3
3566 3
3567 3
3568 7
3569 5
3570 8
3571 4
3572 4
3573 3
3574 5
3575 3
3576 5
3577 2
3578 3
3579 7
3580 7
3581 5
3582 4
3583 5
3584 4
3585 4
3586 6
3587 6
3588 4
3589 4
3590 4
3591 6
3592 5
3593 4
3594 3
3595 3
3596 3
3597 9
3598 4
3599 1
3600 3
3601 6
3602 5
3603 6
3604 7
3605 5
3606 3
3607 7
3608 4
3609 3
3610 3
3611 2
3612 1
3613 2
3614 3
3615 2
3616 2
3617 5
3618 3
3619 2
3620 3
3621 3
3622 2
3623 1
3624 4
3625 5
3626 4
3627 5
3628 5
3629 3
3630 4
3631 5
3632 5
3633 3
3634 5
3635 4
3636 3
3637 2
3638 2
3639 1
3640 2
3641 4
3642 5
3643 4
3644 2
3645 4
3646 3
3647 3
3648 4
3649 7
3650 3
3651 3
3652 3
3653 2
3654 2
3655 1
3656 1
3657 1
3658 3
3659 2
3660 2
3661 3
3662 7
3663 1
3664 4
3665 2
3666 2
3667 5
3668 4
3669 1
3670 0
3671 2
3672 2
3673 4
3674 6
3675 5
3676 2
3677 3
3678 4
3679 1
3680 6
3681 3
3682 5
3683 1
3684 3
3685 5
3686 4
3687 7
3688 5
3689 4
3690 3
3691 1
3692 2
3693 3
3694 8
3695 3
3696 3
3697 6
3698 3
3699 4
3700 3
3701 5
3702 4
3703 2
3704 3
3705 2
3706 4
3707 2
3708 5
3709 5
3710 6
3711 4
3712 6
3713 4
3714 6
3715 3
3716 5
3717 4
3718 7
3719 4
3720 2
3721 0
3722 4
3723 1
3724 6
3725 3
3726 2
3727 4
3728 3
3729 2
3730 4
3731 1
3732 2
3733 5
3734 1
3735 5
3736 2
3737 3
3738 4
3739 3
3740 6
3741 4
3742 6
3743 3
3744 7
3745 5
3746 4
3747 3
3748 3
3749 5
3750 5
3751 3
3752 3
3753 3
3754 3
3755 3
3756 3
3757 0
3758 9
3759 7
3760 5
3761 5
3762 5
3763 4
3764 5
3765 0
3766 0
3767 5
3768 3
3769 3
3770 3
3771 1
3772 3
3773 3
3774 5
3775 5
3776 7
3777 6
3778 1
3779 7
3780 4
3781 6
3782 4
3783 8
3784 6
3785 4
3786 3
3787 3
3788 3
3789 4
3790 4
3791 3
3792 2
3793 3
3794 2
3795 0
3796 1
3797 3
3798 2
3799 3
3800 4
3801 5
3802 4
3803 3
3804 5
3805 3
3806 1
3807 3
3808 8
3809 1
3810 3
3811 3
3812 3
3813 5
3814 4
3815 6
3816 2
3817 5
3818 1
3819 4
3820 4
3821 2
3822 5
3823 1
3824 2
3825 2
3826 3
3827 5
3828 4
3829 6
3830 0
3831 5
3832 1
3833 2
3834 0
3835 3
3836 5
3837 4
3838 3
3839 3
3840 1
3841 2
3842 3
3843 4
3844 4
3845 7
3846 3
3847 3
3848 4
3849 0
3850 2
3851 6
3852 6
3853 2
3854 5
3855 5
3856 3
3857 4
3858 3
3859 4
3860 2
3861 3
3862 4
3863 2
3864 3
3865 6
3866 1
3867 4
3868 3
3869 2
3870 1
3871 2
3872 3
3873 1
3874 3
3875 4
3876 6
3877 4
3878 5
3879 7
3880 3
3881 3
3882 3
3883 4
3884 4
3885 3
3886 2
3887 7
3888 3
3889 3
3890 4
3891 1
3892 3
3893 4
3894 3
3895 1
3896 3
3897 1
3898 7
3899 7
3900 4
3901 3
3902 4
3903 6
3904 4
3905 6
3906 1
3907 1
3908 5
3909 5
3910 6
3911 1
3912 3
3913 5
3914 4
3915 3
3916 6
3917 4
3918 3
3919 2
3920 4
3921 2
3922 7
3923 1
3924 0
3925 7
3926 4
3927 0
3928 5
3929 6
3930 4
3931 6
3932 5
3933 3
3934 4
3935 3
3936 1
3937 2
3938 2
3939 6
3940 7
3941 6
3942 3
3943 4
3944 1
3945 3
3946 2
3947 5
3948 4
3949 5
3950 2
3951 4
3952 4
3953 5
3954 4
3955 1
3956 5
3957 8
3958 3
3959 3
3960 1
3961 2
3962 4
3963 6
3964 4
3965 2
3966 4
3967 1
3968 2
3969 2
3970 5
3971 5
3972 4
3973 5
3974 6
3975 6
3976 3
3977 5
3978 2
3979 5
3980 4
3981 5
3982 6
3983 4
3984 5
3985 5
3986 6
3987 8
3988 5
3989 2
3990 7
3991 4
3992 4
3993 2
3994 5
3995 3
3996 5
3997 4
3998 2
3999 3
4000 4
4001 3
4002 7
4003 5
4004 4
4005 6
4006 7
4007 4
4008 0
4009 2
4010 2
4011 2
4012 4
4013 4
4014 4
4015 5
4016 4
4017 5
4018 5
4019 2
4020 4
4021 2
4022 6
4023 7
4024 5
4025 5
4026 6
4027 4
4028 1
4029 1
4030 3
4031 4
4032 2
4033 3
4034 3
4035 6
4036 7
4037 7
4038 7
4039 6
4040 3
4041 3
4042 3
4043 1
4044 1
4045 3
4046 3
4047 2
4048 1
4049 1
4050 3
4051 4
4052 3
4053 2
4054 4
4055 5
4056 7
4057 5
4058 3
4059 3
4060 5
4061 1
4062 3
4063 6
4064 5
4065 3
4066 3
4067 1
4068 3
4069 4
4070 4
4071 3
4072 1
4073 2
4074 1
4075 3
4076 6
4077 3
4078 2
4079 4
4080 5
4081 4
4082 4
4083 4
4084 2
4085 5
4086 3
4087 6
4088 3
4089 4
4090 3
4091 5
4092 2
4093 2
4094 2
4095 4
4096 6
4097 7
4098 3
4099 5
4100 8
4101 5
4102 4
4103 7
4104 3
4105 8
4106 7
4107 6
4108 3
4109 8
4110 7
4111 7
4112 7
4113 6
4114 6
4115 6
4116 5
4117 6
4118 7
4119 4
4120 6
4121 6
4122 6
4123 5
4124 5
4125 2
4126 4
4127 5
4128 4
4129 3
4130 4
4131 2
4132 4
4133 5
4134 5
4135 4
4136 2
4137 5
4138 6
4139 3
4140 1
4141 5
4142 7
4143 4
4144 3
4145 1
4146 3
4147 2
4148 5
4149 2
4150 3
4151 3
4152 4
4153 5
4154 6
4155 5
4156 2
4157 7
4158 7
4159 7
4160 3
4161 4
4162 2
4163 3
4164 4
4165 6
4166 7
4167 8
4168 4
4169 1
4170 6
4171 8
4172 7
4173 6
4174 5
4175 3
4176 4
4177 1
4178 2
4179 3
4180 3
4181 3
4182 4
4183 6
4184 3
4185 4
4186 6
4187 7
4188 2
4189 4
4190 3
4191 8
4192 3
4193 9
4194 7
4195 6
4196 6
4197 5
4198 5
4199 2
4200 4
4201 2
4202 3
4203 5
4204 5
4205 6
4206 2
4207 5
4208 5
4209 4
4210 2
4211 5
4212 5
4213 4
4214 4
4215 1
4216 4
4217 4
4218 2
4219 2
4220 3
4221 3
4222 3
4223 3
4224 3
4225 2
4226 4
4227 2
4228 2
4229 9
4230 5
4231 3
4232 10
4233 6
4234 6
4235 9
4236 4
4237 3
4238 8
4239 5
4240 5
4241 5
4242 4
4243 2
4244 4
4245 4
4246 7
4247 3
4248 3
4249 6
4250 4
4251 4
4252 6
4253 5
4254 5
4255 4
4256 3
4257 2
4258 6
4259 2
4260 7
4261 5
4262 2
4263 1
4264 1
4265 4
4266 5
4267 5
4268 2
4269 3
4270 5
4271 4
4272 6
4273 3
4274 3
4275 5
4276 3
4277 5
4278 6
4279 6
4280 3
4281 4
4282 6
4283 0
4284 3
4285 6
4286 5
4287 4
4288 3
4289 3
4290 5
4291 4
4292 5
4293 4
4294 4
4295 3
4296 4
4297 3
4298 4
4299 2
4300 3
4301 4
4302 2
4303 8
4304 2
4305 3
4306 4
4307 1
4308 5
4309 2
4310 2
4311 5
4312 3
4313 5
4314 3
4315 2
4316 7
4317 3
4318 3
4319 3
4320 6
4321 5
4322 3
4323 0
4324 4
4325 4
4326 3
4327 3
4328 8
4329 5
4330 6
4331 3
4332 5
4333 5
4334 7
4335 3
4336 6
4337 5
4338 5
4339 4
4340 5
4341 7
4342 3
4343 6
4344 4
4345 3
4346 7
4347 5
4348 4
4349 1
4350 0
4351 3
4352 4
4353 7
4354 3
4355 3
4356 9
4357 7
4358 6
4359 5
4360 4
4361 7
4362 1
4363 3
4364 2
4365 5
4366 3
4367 4
4368 5
4369 8
4370 4
4371 3
4372 3
4373 2
4374 5
4375 7
4376 2
4377 5
4378 4
4379 4
4380 6
4381 7
4382 4
4383 1
4384 6
4385 1
4386 2
4387 1
4388 4
4389 2
4390 8
4391 5
4392 4
4393 5
4394 3
4395 5
4396 2
4397 2
4398 4
4399 4
4400 3
4401 4
4402 0
4403 2
4404 1
4405 1
4406 3
4407 3
4408 7
4409 5
4410 2
4411 5
4412 7
4413 3
4414 1
4415 7
4416 6
4417 3
4418 6
4419 6
4420 2
4421 5
4422 5
4423 4
4424 4
4425 6
4426 2
4427 3
4428 5
4429 3
4430 4
4431 5
4432 3
4433 4
4434 5
4435 3
4436 3
4437 1
4438 5
4439 7
4440 2
4441 8
4442 4
4443 2
4444 0
4445 7
4446 4
4447 7
4448 5
4449 8
4450 6
4451 5
4452 2
4453 4
4454 2
4455 4
4456 3
4457 3
4458 2
4459 3
4460 4
4461 4
4462 4
4463 1
4464 4
4465 3
4466 3
4467 7
4468 2
4469 2
4470 3
4471 4
4472 4
4473 3
4474 4
4475 6
4476 5
4477 5
4478 3
4479 5
4480 5
4481 2
4482 5
4483 5
4484 3
4485 2
4486 5
4487 4
4488 4
4489 5
4490 4
4491 3
4492 3
4493 4
4494 5
4495 3
4496 7
4497 3
4498 3
4499 5
4500 4
4501 6
4502 6
4503 3
4504 3
4505 5
4506 4
4507 5
4508 3
4509 4
4510 2
4511 4
4512 2
4513 4
4514 3
4515 1
4516 3
4517 5
4518 4
4519 2
4520 3
4521 1
4522 5
4523 3
4524 3
4525 6
4526 5
4527 6
4528 6
4529 5
4530 5
4531 4
4532 8
4533 4
4534 3
4535 4
4536 6
4537 5
4538 5
4539 3
4540 2
4541 3
4542 3
4543 5
4544 7
4545 5
4546 0
4547 4
4548 4
4549 4
4550 6
4551 6
4552 7
4553 5
4554 3
4555 5
4556 0
4557 4
4558 8
4559 5
4560 5
4561 5
4562 3
4563 5
4564 3
4565 4
4566 3
4567 5
4568 1
4569 4
4570 2
4571 3
4572 6
4573 5
4574 3
4575 5
4576 5
4577 3
4578 5
4579 4
4580 4
4581 2
4582 3
4583 5
4584 3
4585 2
4586 3
4587 4
4588 2
4589 7
4590 5
4591 5
4592 5
4593 4
4594 4
4595 5
4596 4
4597 2
4598 5
4599 4
4600 4
4601 3
4602 5
4603 5
4604 7
4605 6
4606 1
4607 2
4608 3
4609 5
4610 5
4611 2
4612 5
4613 3
4614 2
4615 1
4616 4
4617 6
4618 8
4619 4
4620 1
4621 2
4622 2
4623 3
4624 1
4625 4
4626 5
4627 5
4628 2
4629 4
4630 4
4631 5
4632 6
4633 4
4634 2
4635 5
4636 5
4637 6
4638 1
4639 5
4640 6
4641 4
4642 6
4643 5
4644 4
4645 8
4646 5
4647 4
4648 6
4649 3
4650 6
4651 4
4652 3
4653 4
4654 4
4655 3
4656 2
4657 4
4658 4
4659 3
4660 4
4661 5
4662 2
4663 4
4664 4
4665 5
4666 4
4667 3
4668 2
4669 4
4670 2
4671 4
4672 5
4673 6
4674 0
4675 5
4676 2
4677 4
4678 2
4679 4
4680 5
4681 5
4682 4
4683 6
4684 4
4685 6
4686 6
4687 4
4688 5
4689 6
4690 3
4691 5
4692 4
4693 6
4694 6
4695 3
4696 4
4697 3
4698 5
4699 2
4700 6
4701 5
4702 5
4703 6
4704 4
4705 2
4706 6
4707 1
4708 6
4709 7
4710 7
4711 7
4712 5
4713 3
4714 4
4715 5
4716 3
4717 2
4718 3
4719 3
4720 2
4721 2
4722 5
4723 4
4724 5
4725 2
4726 3
4727 3
4728 3
4729 5
4730 2
4731 3
4732 5
4733 4
4734 2
4735 3
4736 5
4737 6
4738 3
4739 5
4740 2
4741 0
4742 2
4743 3
4744 5
4745 9
4746 5
4747 2
4748 2
4749 5
4750 4
4751 4
4752 3
4753 7
4754 6
4755 7
4756 6
4757 5
4758 5
4759 4
4760 5
4761 6
4762 2
4763 4
4764 5
4765 4
4766 4
4767 3
4768 2
4769 3
4770 3
4771 5
4772 1
4773 5
4774 6
4775 2
4776 3
4777 5
4778 5
4779 4
4780 7
4781 4
4782 6
4783 4
4784 3
4785 4
4786 2
4787 5
4788 4
4789 4
4790 4
4791 5
4792 7
4793 5
4794 6
4795 4
4796 3
4797 3
4798 2
4799 8
4800 5
4801 4
4802 2
4803 4
4804 4
4805 2
4806 5
4807 5
4808 6
4809 3
4810 3
4811 4
4812 5
4813 3
4814 3
4815 3
4816 3
4817 8
4818 4
4819 5
4820 5
4821 3
4822 6
4823 4
4824 7
4825 2
4826 5
4827 5
4828 3
4829 6
4830 7
4831 1
4832 6
4833 6
4834 2
4835 1
4836 4
4837 4
4838 6
4839 1
4840 3
4841 5
4842 3
4843 5
4844 6
4845 2
4846 3
4847 6
4848 5
4849 3
4850 3
4851 5
4852 2
4853 7
4854 5
4855 3
4856 7
4857 5
4858 5
4859 7
4860 5
4861 6
4862 4
4863 0
4864 4
4865 6
4866 3
4867 5
4868 5
4869 6
4870 2
4871 2
4872 3
4873 3
4874 4
4875 1
4876 4
4877 4
4878 3
4879 3
4880 5
4881 3
4882 3
4883 8
4884 5
4885 3
4886 3
4887 5
4888 3
4889 5
4890 3
4891 5
4892 5
4893 3
4894 5
4895 3
4896 2
4897 2
4898 3
4899 3
4900 3
4901 3
4902 4
4903 6
4904 7
4905 5
4906 2
4907 6
4908 3
4909 2
4910 3
4911 5
4912 7
4913 3
4914 5
4915 5
4916 6
4917 3
4918 2
4919 5
4920 5
4921 3
4922 2
4923 1
4924 4
4925 0
4926 4
4927 4
4928 4
4929 5
4930 8
4931 5
4932 6
4933 5
4934 5
4935 4
4936 4
4937 5
4938 6
4939 4
4940 3
4941 4
4942 6
4943 6
4944 4
4945 3
4946 1
4947 6
4948 6
4949 4
4950 5
4951 5
4952 7
4953 2
4954 5
4955 4
4956 4
4957 7
4958 5
4959 5
4960 7
4961 3
4962 3
4963 6
4964 2
4965 4
4966 5
4967 3
4968 7
4969 9
4970 6
4971 9
4972 6
4973 3
4974 2
4975 6
4976 2
4977 1
4978 5
4979 2
4980 2
4981 3
4982 3
4983 1
4984 2
4985 2
4986 2
4987 3
4988 4
4989 7
4990 6
4991 3
4992 5
4993 2
4994 7
4995 3
4996 4
4997 6
4998 7
4999 5
5000 5
5001 4
5002 5
5003 4
5004 10
5005 5
5006 4
5007 4
5008 5
5009 9
5010 7
5011 6
5012 6
5013 6
5014 4
5015 3
5016 3
5017 1
5018 6
5019 6
5020 3
5021 4
5022 7
5023 2
5024 6
5025 4
5026 4
5027 3
5028 4
5029 6
5030 6
5031 6
5032 3
5033 7
5034 8
5035 4
5036 4
5037 6
5038 9
5039 4
5040 3
5041 5
5042 6
5043 3
5044 5
5045 7
5046 7
5047 5
5048 6
5049 4
5050 3
5051 6
5052 5
5053 7
5054 4
5055 4
5056 3
5057 4
5058 6
5059 4
5060 9
5061 6
5062 5
5063 4
5064 7
5065 2
5066 7
5067 6
5068 5
5069 6
5070 6
5071 2
5072 4
5073 4
5074 3
5075 5
5076 1
5077 3
5078 2
5079 2
5080 5
5081 6
5082 3
5083 5
5084 4
5085 4
5086 6
5087 4
5088 7
5089 3
5090 6
5091 8
5092 2
5093 4
5094 2
5095 7
5096 4
5097 3
5098 5
5099 2
5100 4
5101 7
5102 5
5103 5
5104 5
5105 4
5106 2
5107 6
5108 3
5109 5
5110 4
5111 3
5112 0
5113 5
5114 4
5115 5
5116 5
5117 7
5118 2
5119 2
5120 5
5121 2
5122 2
5123 3
5124 6
5125 5
5126 3
5127 1
5128 6
5129 5
5130 3
5131 3
5132 5
5133 8
5134 3
5135 5
5136 2
5137 5
5138 3
5139 3
5140 3
5141 4
5142 5
5143 3
5144 3
5145 3
5146 6
5147 5
5148 5
5149 1
5150 2
5151 1
5152 3
5153 0
5154 5
5155 3
5156 3
5157 1
5158 3
5159 3
5160 3
5161 7
5162 6
5163 5
5164 5
5165 6
5166 3
5167 6
5168 4
5169 6
5170 5
5171 5
5172 3
5173 7
5174 5
5175 3
5176 7
5177 6
5178 5
5179 3
5180 2
5181 2
5182 2
5183 2
5184 6
5185 2
5186 3
5187 3
5188 5
5189 5
5190 3
5191 3
5192 4
5193 5
5194 4
5195 1
5196 3
5197 4
5198 3
5199 1
5200 1
5201 3
5202 5
5203 5
5204 4
5205 4
5206 5
5207 5
5208 2
5209 3
5210 4
5211 3
5212 2
5213 3
5214 0
5215 5
5216 5
5217 1
5218 3
5219 5
5220 4
5221 4
5222 5
5223 5
5224 3
5225 6
5226 5
5227 2
5228 5
5229 5
5230 4
5231 0
5232 4
5233 6
5234 3
5235 6
5236 3
5237 8
5238 7
5239 5
5240 4
5241 7
5242 7
5243 5
5244 7
5245 5
5246 4
5247 5
5248 7
5249 4
5250 3
5251 4
5252 2
5253 5
5254 3
5255 4
5256 5
5257 4
5258 5
5259 3
5260 5
5261 6
5262 7
5263 4
5264 4
5265 6
5266 1
5267 0
5268 4
5269 5
5270 4
5271 4
5272 5
5273 5
5274 3
5275 2
5276 5
5277 6
5278 5
5279 3
5280 6
5281 3
5282 3
5283 1
5284 4
5285 2
5286 2
5287 3
5288 2
5289 1
5290 3
5291 4
5292 2
5293 4
5294 4
5295 3
5296 2
5297 1
5298 4
5299 3
5300 4
5301 3
5302 1
5303 0
5304 3
5305 2
5306 3
5307 1
5308 3
5309 1
5310 3
5311 3
5312 3
5313 3
5314 1
5315 4
5316 6
5317 1
5318 2
5319 2
5320 4
5321 5
5322 3
5323 5
5324 3
5325 3
5326 3
5327 3
5328 3
5329 2
5330 3
5331 5
5332 3
5333 6
5334 4
5335 6
5336 3
5337 5
5338 5
5339 6
5340 2
5341 2
5342 4
5343 2
5344 6
5345 5
5346 2
5347 3
5348 4
5349 1
5350 6
5351 6
5352 4
5353 4
5354 3
5355 4
5356 5
5357 4
5358 3
5359 5
5360 5
5361 6
5362 3
5363 4
5364 1
5365 3
5366 4
5367 3
5368 5
5369 3
5370 4
5371 4
5372 5
5373 3
5374 3
5375 1
5376 4
5377 5
5378 2
5379 3
5380 6
5381 4
5382 3
5383 4
5384 7
5385 4
5386 3
5387 7
5388 3
5389 5
5390 1
5391 5
5392 6
5393 2
5394 6
5395 4
5396 2
5397 2
5398 2
5399 4
5400 4
5401 1
5402 6
5403 3
5404 2
5405 5
5406 3
5407 2
5408 2
5409 1
5410 4
5411 3
5412 4
5413 3
5414 3
5415 0
5416 2
5417 0
5418 1
5419 1
5420 1
5421 2
5422 1
5423 3
5424 2
5425 2
5426 2
5427 2
5428 1
5429 1
5430 3
5431 3
5432 4
5433 2
5434 0
5435 2
5436 6
5437 1
5438 5
5439 2
5440 3
5441 3
5442 3
5443 2
5444 2
5445 4
5446 2
5447 3
5448 5
5449 3
5450 1
5451 1
5452 3
5453 4
5454 2
5455 2
5456 2
5457 0
5458 4
5459 7
5460 2
5461 2
5462 1
5463 5
5464 4
5465 4
5466 3
5467 2
5468 4
5469 6
5470 5
5471 4
5472 7
5473 5
5474 7
5475 4
5476 4
5477 7
5478 5
5479 4
5480 5
5481 5
5482 4
5483 5
5484 6
5485 5
5486 2
5487 3
5488 5
5489 5
5490 2
5491 3
5492 2
5493 1
5494 1
5495 4
5496 4
5497 3
5498 4
5499 2
5500 4
5501 7
5502 7
5503 2
5504 4
5505 5
5506 4
5507 6
5508 5
5509 4
5510 5
5511 3
5512 5
5513 3
5514 3
5515 6
5516 5
5517 6
5518 5
5519 5
5520 4
5521 7
5522 1
5523 4
5524 4
5525 5
5526 5
5527 3
5528 3
5529 3
5530 5
5531 2
5532 5
5533 5
5534 5
5535 5
5536 0
5537 6
5538 5
5539 5
5540 5
5541 4
5542 3
5543 4
5544 3
5545 3
5546 4
5547 6
5548 5
5549 6
5550 4
5551 5
5552 3
5553 2
5554 5
5555 3
5556 2
5557 2
5558 3
5559 6
5560 4
5561 3
5562 2
5563 3
5564 5
5565 4
5566 2
5567 4
5568 4
5569 1
5570 5
5571 3
5572 6
5573 3
5574 2
5575 6
5576 6
5577 5
5578 4
5579 4
5580 1
5581 1
5582 4
5583 5
5584 4
5585 4
5586 3
5587 4
5588 5
5589 5
5590 2
5591 3
5592 4
5593 3
5594 4
5595 2
5596 6
5597 4
5598 3
5599 3
5600 6
5601 2
5602 7
5603 5
5604 2
5605 4
5606 4
5607 6
5608 5
5609 6
5610 3
5611 4
5612 2
5613 3
5614 4
5615 4
5616 4
5617 4
5618 4
5619 2
5620 5
5621 7
5622 3
5623 2
5624 4
5625 1
5626 5
5627 4
5628 2
5629 3
5630 4
5631 4
5632 5
5633 3
5634 4
5635 3
5636 2
5637 3
5638 5
5639 0
5640 2
5641 4
5642 4
5643 5
5644 4
5645 4
5646 5
5647 7
5648 8
5649 3
5650 2
5651 5
5652 3
5653 3
5654 4
5655 3
5656 2
5657 5
5658 1
5659 6
5660 2
5661 4
5662 2
5663 1
5664 2
5665 4
5666 6
5667 2
5668 2
5669 2
5670 4
5671 4
5672 0
5673 6
5674 2
5675 5
5676 1
5677 6
5678 3
5679 2
5680 3
5681 2
5682 5
5683 3
5684 3
5685 2
5686 2
5687 3
5688 4
5689 4
5690 1
5691 3
5692 3
5693 4
5694 4
5695 2
5696 5
5697 6
5698 4
5699 4
5700 5
5701 3
5702 4
5703 4
5704 3
5705 4
5706 2
5707 3
5708 6
5709 6
5710 5
5711 4
5712 6
5713 3
5714 5
5715 3
5716 4
5717 6
5718 3
5719 4
5720 4
5721 4
5722 4
5723 3
5724 5
5725 4
5726 3
5727 4
5728 4
5729 6
5730 4
5731 2
5732 6
5733 7
5734 3
5735 5
5736 7
5737 4
5738 3
5739 6
5740 5
5741 5
5742 4
5743 5
5744 5
5745 6
5746 4
5747 4
5748 5
5749 6
5750 8
5751 7
5752 3
5753 5
5754 2
5755 4
5756 3
5757 4
5758 4
5759 4
5760 1
5761 2
5762 1
5763 3
5764 4
5765 5
5766 6
5767 3
5768 2
5769 5
5770 4
5771 6
5772 3
5773 4
5774 2
5775 3
5776 2
5777 5
5778 5
5779 1
5780 6
5781 7
5782 5
5783 3
5784 5
5785 4
5786 4
5787 4
5788 5
5789 4
5790 2
5791 3
5792 2
5793 4
5794 6
5795 5
5796 2
5797 7
5798 4
5799 6
5800 3
5801 0
5802 1
5803 5
5804 5
5805 5
5806 3
5807 3
5808 2
5809 6
5810 5
5811 3
5812 8
5813 4
5814 5
5815 4
5816 1
5817 2
5818 3
5819 0
5820 4
5821 4
5822 3
5823 3
5824 4
5825 7
5826 0
5827 2
5828 2
5829 5
5830 3
5831 4
5832 6
5833 3
5834 4
5835 4
5836 2
5837 4
5838 5
5839 3
5840 1
5841 3
5842 5
5843 2
5844 4
5845 4
5846 3
5847 4
5848 4
5849 3
5850 3
5851 3
5852 5
5853 1
5854 4
5855 2
5856 4
5857 3
5858 4
5859 3
5860 2
5861 4
5862 2
5863 3
5864 3
5865 3
5866 2
5867 4
5868 3
5869 1
5870 4
5871 1
5872 2
5873 3
5874 4
5875 4
5876 3
5877 2
5878 3
5879 4
5880 6
5881 5
5882 5
5883 3
5884 2
5885 5
5886 3
5887 6
5888 3
5889 4
5890 4
5891 3
5892 4
5893 3
5894 3
5895 7
5896 4
5897 3
5898 2
5899 2
5900 6
5901 4
5902 3
5903 3
5904 4
5905 2
5906 2
5907 4
5908 3
5909 4
5910 1
5911 4
5912 1
5913 4
5914 3
5915 5
5916 4
5917 5
5918 4
5919 5
5920 3
5921 4
5922 4
5923 3
5924 0
5925 3
5926 4
5927 3
5928 4
5929 4
5930 5
5931 3
5932 2
5933 2
5934 1
5935 1
5936 1
5937 5
5938 2
5939 4
5940 2
5941 2
5942 1
5943 5
5944 4
5945 2
5946 2
5947 4
5948 4
5949 4
5950 0
5951 3
5952 2
5953 3
5954 1
5955 4
5956 3
5957 3
5958 4
5959 1
5960 2
5961 1
5962 1
5963 2
5964 4
5965 3
5966 3
5967 4
5968 5
5969 4
5970 3
5971 2
5972 3
5973 4
5974 2
5975 1
5976 3
5977 5
5978 4
5979 3
5980 4
5981 1
5982 3
5983 4
5984 2
5985 5
5986 3
5987 1
5988 1
5989 4
5990 1
5991 4
5992 2
5993 1
5994 6
5995 1
5996 4
5997 2
5998 3
5999 2
6000 5
6001 6
6002 3
6003 4
6004 5
6005 2
6006 1
6007 5
6008 5
6009 2
6010 3
6011 2
6012 4
6013 1
6014 1
6015 3
6016 4
6017 3
6018 3
6019 1
6020 2
6021 3
6022 3
6023 1
6024 4
6025 1
6026 3
6027 2
6028 2
6029 1
6030 3
6031 1
6032 2
6033 3
6034 5
6035 6
6036 5
6037 4
6038 5
6039 5
6040 2
6041 3
6042 3
6043 3
6044 4
6045 7
6046 6
6047 6
6048 6
6049 5
6050 5
6051 3
6052 3
6053 7
6054 4
6055 5
6056 5
6057 5
6058 3
6059 7
6060 2
6061 5
6062 5
6063 4
6064 4
6065 3
6066 4
6067 3
6068 4
6069 4
6070 4
6071 5
6072 5
6073 5
6074 7
6075 7
6076 3
6077 3
6078 2
6079 3
6080 3
6081 4
6082 4
6083 5
6084 6
6085 2
6086 4
6087 4
6088 2
6089 2
6090 3
6091 4
6092 3
6093 7
6094 4
6095 5
6096 4
6097 2
6098 3
6099 6
6100 7
6101 5
6102 5
6103 3
6104 6
6105 8
6106 4
6107 4
6108 6
6109 5
6110 2
6111 5
6112 5
6113 4
6114 5
6115 1
6116 1
6117 4
6118 2
6119 1
6120 4
6121 1
6122 3
6123 5
6124 6
6125 6
6126 6
6127 4
6128 3
6129 5
6130 5
6131 5
6132 6
6133 5
6134 5
6135 5
6136 4
6137 4
6138 9
6139 5
6140 6
6141 3
6142 3
6143 3
6144 4
6145 2
6146 5
6147 5
6148 5
6149 6
6150 5
6151 2
6152 1
6153 3
6154 1
6155 5
6156 2
6157 4
6158 3
6159 3
6160 4
6161 5
6162 2
6163 3
6164 2
6165 4
6166 2
6167 4
6168 2
6169 6
6170 4
6171 3
6172 5
6173 1
6174 2
6175 3
6176 6
6177 1
6178 5
6179 1
6180 2
6181 3
6182 3
6183 3
6184 4
6185 3
6186 3
6187 3
6188 6
6189 3
6190 3
6191 5
6192 3
6193 3
6194 5
6195 1
6196 1
6197 2
6198 6
6199 4
6200 3
6201 5
6202 2
6203 2
6204 1
6205 4
6206 3
6207 5
6208 5
6209 3
6210 5
6211 2
6212 3
6213 4
6214 4
6215 2
6216 3
6217 2
6218 2
6219 3
6220 3
6221 4
6222 4
6223 2
6224 1
6225 4
6226 5
6227 2
6228 0
6229 0
6230 1
6231 4
6232 3
6233 6
6234 4
6235 3
6236 5
6237 3
6238 5
6239 5
6240 3
6241 5
6242 3
6243 3
6244 5
6245 3
6246 3
6247 3
6248 3
6249 5
6250 4
6251 3
6252 3
6253 3
6254 3
6255 3
6256 2
6257 3
6258 5
6259 5
6260 2
6261 3
6262 4
6263 4
6264 3
6265 4
6266 4
6267 5
6268 3
6269 3
6270 2
6271 4
6272 1
6273 3
6274 4
6275 3
6276 4
6277 2
6278 4
6279 2
6280 3
6281 2
6282 2
6283 2
6284 4
6285 5
6286 4
6287 3
6288 4
6289 4
6290 3
6291 3
6292 4
6293 2
6294 3
6295 2
6296 4
6297 6
6298 4
6299 6
6300 2
6301 2
6302 9
6303 5
6304 3
6305 2
6306 5
6307 2
6308 5
6309 2
6310 5
6311 5
6312 4
6313 2
6314 3
6315 3
6316 4
6317 4
6318 3
6319 3
6320 1
6321 3
6322 2
6323 3
6324 3
6325 4
6326 3
6327 5
6328 3
6329 3
6330 3
6331 4
6332 6
6333 4
6334 5
6335 3
6336 3
6337 3
6338 4
6339 5
6340 6
6341 5
6342 5
6343 2
6344 4
6345 2
6346 3
6347 2
6348 3
6349 2
6350 3
6351 6
6352 7
6353 3
6354 4
6355 6
6356 1
6357 1
6358 2
6359 1
6360 2
6361 3
6362 5
6363 4
6364 4
6365 5
6366 4
6367 4
6368 3
6369 2
6370 3
6371 6
6372 0
6373 1
6374 4
6375 5
6376 3
6377 4
6378 3
6379 1
6380 4
6381 3
6382 3
6383 6
6384 4
6385 5
6386 5
6387 3
6388 3
6389 4
6390 2
6391 3
6392 4
6393 3
6394 3
6395 2
6396 1
6397 0
6398 4
6399 1
6400 2
6401 3
6402 3
6403 1
6404 0
6405 3
6406 4
6407 6
6408 2
6409 1
6410 3
6411 2
6412 4
6413 3
6414 2
6415 6
6416 3
6417 3
6418 2
6419 4
6420 2
6421 4
6422 6
6423 5
6424 7
6425 6
6426 4
6427 5
6428 1
6429 3
6430 2
6431 4
6432 3
6433 2
6434 1
6435 2
6436 2
6437 5
6438 2
6439 2
6440 3
6441 3
6442 0
6443 3
6444 1
6445 6
6446 3
6447 7
6448 5
6449 5
6450 2
6451 6
6452 5
6453 3
6454 2
6455 2
6456 3
6457 3
6458 1
6459 2
6460 5
6461 4
6462 1
6463 3
6464 3
6465 0
6466 5
6467 1
6468 3
6469 3
6470 2
6471 2
6472 1
6473 3
6474 3
6475 2
6476 4
6477 4
6478 6
6479 3
6480 8
6481 6
6482 6
6483 3
6484 3
6485 1
6486 0
6487 1
6488 3
6489 2
6490 2
6491 3
6492 2
6493 0
6494 2
6495 1
6496 3
6497 4
6498 3
6499 1
6500 4
6501 4
6502 2
6503 5
6504 4
6505 3
6506 1
6507 4
6508 2
6509 2
6510 3
6511 5
6512 5
6513 5
6514 3
6515 3
6516 1
6517 2
6518 5
6519 3
6520 1
6521 3
6522 3
6523 3
6524 3
6525 3
6526 3
6527 2
6528 2
6529 4
6530 5
6531 2
6532 2
6533 4
6534 4
6535 5
6536 5
6537 2
6538 2
6539 0
6540 2
6541 5
6542 1
6543 5
6544 3
6545 4
6546 2
6547 5
6548 4
6549 2
6550 4
6551 2
6552 6
6553 3
6554 2
6555 2
6556 3
6557 3
6558 5
6559 3
6560 5
6561 2
6562 3
6563 5
6564 3
6565 6
6566 3
6567 4
6568 7
6569 3
6570 1
6571 3
6572 7
6573 4
6574 2
6575 4
6576 3
6577 6
6578 3
6579 3
6580 4
6581 4
6582 1
6583 6
6584 6
6585 6
6586 5
6587 8
6588 4
6589 2
6590 3
6591 3
6592 3
6593 5
6594 4
6595 6
6596 2
6597 5
6598 4
6599 4
6600 2
6601 2
6602 5
6603 1
6604 4
6605 4
6606 1
6607 2
6608 2
6609 4
6610 4
6611 4
6612 3
6613 3
6614 4
6615 4
6616 2
6617 3
6618 5
6619 4
6620 4
6621 2
6622 5
6623 5
6624 2
6625 3
6626 2
6627 7
6628 3
6629 0
6630 5
6631 4
6632 2
6633 2
6634 1
6635 5
6636 3
6637 6
6638 2
6639 4
6640 7
6641 3
6642 3
6643 0
6644 4
6645 3
6646 3
6647 2
6648 2
6649 3
6650 6
6651 4
6652 4
6653 4
6654 3
6655 3
6656 4
6657 5
6658 7
6659 3
6660 3
6661 6
6662 0
6663 5
6664 5
6665 3
6666 1
6667 7
6668 4
6669 4
6670 5
6671 2
6672 8
6673 3
6674 4
6675 2
6676 4
6677 4
6678 2
6679 5
6680 4
6681 3
6682 2
6683 2
6684 4
6685 5
6686 3
6687 4
6688 6
6689 4
6690 5
6691 2
6692 2
6693 5
6694 2
6695 3
6696 5
6697 4
6698 5
6699 3
6700 5
6701 3
6702 5
6703 4
6704 5
6705 5
6706 5
6707 3
6708 3
6709 4
6710 4
6711 1
6712 4
6713 1
6714 4
6715 5
6716 6
6717 6
6718 6
6719 6
6720 4
6721 4
6722 6
6723 3
6724 4
6725 5
6726 2
6727 5
6728 3
6729 3
6730 7
6731 2
6732 5
6733 5
6734 3
6735 3
6736 1
6737 2
6738 3
6739 5
6740 5
6741 3
6742 6
6743 7
6744 3
6745 2
6746 4
6747 2
6748 3
6749 2
6750 4
6751 5
6752 4
6753 3
6754 4
6755 3
6756 5
6757 7
6758 7
6759 3
6760 5
6761 7
6762 7
6763 3
6764 2
6765 8
6766 3
6767 5
6768 6
6769 4
6770 4
6771 5
6772 3
6773 4
6774 3
6775 3
6776 3
6777 5
6778 4
6779 5
6780 4
6781 8
6782 3
6783 5
6784 0
6785 5
6786 3
6787 5
6788 2
6789 3
6790 6
6791 4
6792 3
6793 2
6794 4
6795 5
6796 2
6797 6
6798 2
6799 3
6800 2
6801 5
6802 3
6803 6
6804 2
6805 6
6806 3
6807 4
6808 6
6809 1
6810 3
6811 7
6812 4
6813 5
6814 2
6815 3
6816 3
6817 7
6818 6
6819 3
6820 4
6821 5
6822 3
6823 8
6824 4
6825 3
6826 6
6827 2
6828 3
6829 7
6830 3
6831 2
6832 5
6833 8
6834 2
6835 4
6836 2
6837 5
6838 3
6839 3
6840 6
6841 5
6842 7
6843 2
6844 5
6845 3
6846 7
6847 5
6848 1
6849 4
6850 4
6851 3
6852 4
6853 5
6854 7
6855 5
6856 6
6857 5
6858 3
6859 1
6860 3
6861 2
6862 3
6863 1
6864 9
6865 1
6866 4
6867 3
6868 3
6869 6
6870 4
6871 7
6872 4
6873 4
6874 3
6875 5
6876 1
6877 2
6878 4
6879 5
6880 4
6881 5
6882 4
6883 4
6884 4
6885 6
6886 6
6887 4
6888 5
6889 2
6890 2
6891 5
6892 4
6893 6
6894 4
6895 4
6896 4
6897 3
6898 3
6899 5
6900 5
6901 4
6902 5
6903 6
6904 6
6905 3
6906 5
6907 2
6908 5
6909 2
6910 4
6911 4
6912 2
6913 4
6914 2
6915 3
6916 6
6917 5
6918 2
6919 3
6920 5
6921 2
6922 7
6923 5
6924 6
6925 8
6926 6
6927 5
6928 6
6929 4
6930 3
6931 4
6932 5
6933 5
6934 4
6935 3
6936 5
6937 4
6938 3
6939 6
6940 5
6941 6
6942 4
6943 2
6944 5
6945 4
6946 6
6947 6
6948 3
6949 4
6950 3
6951 3
6952 9
6953 9
6954 4
6955 4
6956 4
6957 4
6958 4
6959 6
6960 7
6961 5
6962 4
6963 4
6964 4
6965 3
6966 6
6967 6
6968 6
6969 4
6970 3
6971 6
6972 4
6973 4
6974 4
6975 3
6976 6
6977 2
6978 2
6979 4
6980 3
6981 5
6982 3
6983 3
6984 4
6985 3
6986 6
6987 5
6988 3
6989 7
6990 8
6991 5
6992 6
6993 3
6994 8
6995 2
6996 3
6997 6
6998 4
6999 6
7000 5
7001 5
7002 5
7003 3
7004 5
7005 3
7006 6
7007 4
7008 4
7009 7
7010 5
7011 6
7012 5
7013 1
7014 5
7015 6
7016 4
7017 5
7018 4
7019 0
7020 5
7021 5
7022 1
7023 3
7024 4
7025 5
7026 7
7027 5
7028 7
7029 3
7030 5
7031 3
7032 4
7033 1
7034 1
7035 4
7036 1
7037 4
7038 4
7039 5
7040 3
7041 3
7042 3
7043 4
7044 3
7045 6
7046 2
7047 8
7048 6
7049 5
7050 6
7051 4
7052 4
7053 4
7054 1
7055 6
7056 5
7057 5
7058 3
7059 6
7060 7
7061 6
7062 7
7063 4
7064 5
7065 6
7066 3
7067 3
7068 2
7069 5
7070 4
7071 6
7072 3
7073 5
7074 4
7075 6
7076 5
7077 4
7078 6
7079 4
7080 8
7081 2
7082 3
7083 2
7084 2
7085 4
7086 7
7087 6
7088 4
7089 5
7090 6
7091 3
7092 6
7093 4
7094 4
7095 7
7096 5
7097 5
7098 4
7099 4
7100 5
7101 2
7102 6
7103 6
7104 2
7105 4
7106 1
7107 3
7108 5
7109 4
7110 3
7111 4
7112 5
7113 4
7114 7
7115 9
7116 4
7117 7
7118 0
7119 6
7120 5
7121 9
7122 3
7123 2
7124 4
7125 3
7126 3
7127 7
7128 5
7129 5
7130 5
7131 5
7132 3
7133 5
7134 4
7135 4
7136 3
7137 4
7138 4
7139 5
7140 4
7141 5
7142 2
7143 5
7144 3
7145 6
7146 8
7147 5
7148 6
7149 3
7150 4
7151 2
7152 5
7153 5
7154 8
7155 6
7156 3
7157 5
7158 5
7159 4
7160 4
7161 4
7162 6
7163 8
7164 6
7165 5
7166 7
7167 7
7168 4
7169 3
7170 5
7171 6
7172 4
7173 4
7174 4
7175 6
7176 4
7177 3
7178 3
7179 5
7180 3
7181 6
7182 4
7183 4
7184 2
7185 7
7186 5
7187 6
7188 7
7189 6
7190 4
7191 7
7192 2
7193 6
7194 4
7195 4
7196 4
7197 4
7198 3
7199 3
7200 4
7201 4
7202 9
7203 5
7204 5
7205 5
7206 6
7207 2
7208 8
7209 6
7210 6
7211 5
7212 4
7213 5
7214 3
7215 5
7216 3
7217 4
7218 4
7219 2
7220 4
7221 5
7222 6
7223 5
7224 9
7225 4
7226 4
7227 6
7228 4
7229 5
7230 7
7231 8
7232 4
7233 3
7234 5
7235 5
7236 6
7237 4
7238 2
7239 5
7240 8
7241 6
7242 4
7243 7
7244 4
7245 2
7246 3
7247 2
7248 4
7249 3
7250 4
7251 7
7252 8
7253 6
7254 6
7255 5
7256 5
7257 5
7258 5
7259 3
7260 2
7261 3
7262 4
7263 4
7264 4
7265 1
7266 5
7267 5
7268 4
7269 8
7270 6
7271 3
7272 7
7273 9
7274 4
7275 4
7276 6
7277 3
7278 4
7279 4
7280 3
7281 2
7282 3
7283 3
7284 3
7285 5
7286 3
7287 6
7288 2
7289 8
7290 3
7291 6
7292 2
7293 5
7294 3
7295 4
7296 10
7297 5
7298 4
7299 2
7300 4
7301 2
7302 4
7303 5
7304 8
7305 3
7306 4
7307 6
7308 4
7309 8
7310 2
7311 4
7312 8
7313 4
7314 7
7315 4
7316 7
7317 4
7318 3
7319 4
7320 3
7321 5
7322 9
7323 3
7324 1
7325 5
7326 5
7327 4
7328 4
7329 3
7330 6
7331 4
7332 8
7333 6
7334 4
7335 4
7336 5
7337 7
7338 7
7339 4
7340 6
7341 7
7342 4
7343 6
7344 11
7345 8
7346 4
7347 5
7348 6
7349 3
7350 5
7351 3
7352 4
7353 4
7354 5
7355 2
7356 3
7357 1
7358 5
7359 1
7360 8
7361 6
7362 4
7363 2
7364 2
7365 1
7366 5
7367 6
7368 5
7369 8
7370 5
7371 6
7372 3
7373 5
7374 2
7375 3
7376 5
7377 7
7378 6
7379 9
7380 5
7381 3
7382 3
7383 4
7384 6
7385 3
7386 4
7387 4
7388 5
7389 4
7390 6
7391 7
7392 4
7393 4
7394 1
7395 5
7396 5
7397 6
7398 6
7399 4
7400 8
7401 7
7402 3
7403 3
7404 3
7405 6
7406 7
7407 5
7408 4
7409 5
7410 6
7411 4
7412 5
7413 7
7414 5
7415 7
7416 6
7417 2
7418 7
7419 5
7420 4
7421 7
7422 6
7423 8
7424 3
7425 1
7426 4
7427 2
7428 2
7429 2
7430 9
7431 5
7432 5
7433 7
7434 4
7435 4
7436 7
7437 6
7438 4
7439 6
7440 6
7441 2
7442 7
7443 7
7444 7
7445 5
7446 7
7447 9
7448 7
7449 2
7450 6
7451 3
7452 6
7453 6
7454 4
7455 7
7456 3
7457 4
7458 4
7459 4
7460 6
7461 4
7462 9
7463 2
7464 4
7465 7
7466 7
7467 6
7468 6
7469 6
7470 5
7471 8
7472 5
7473 4
7474 6
7475 4
7476 6
7477 3
7478 6
7479 6
7480 3
7481 4
7482 7
7483 6
7484 8
7485 4
7486 8
7487 5
7488 2
7489 4
7490 5
7491 3
7492 4
7493 6
7494 4
7495 4
7496 6
7497 6
7498 4
7499 2
7500 4
7501 3
7502 6
7503 5
7504 4
7505 3
7506 5
7507 3
7508 4
7509 6
7510 6
7511 4
7512 7
7513 6
7514 3
7515 2
7516 5
7517 3
7518 5
7519 4
7520 5
7521 4
7522 4
7523 4
7524 3
7525 7
7526 3
7527 3
7528 1
7529 5
7530 3
7531 3
7532 3
7533 3
7534 3
7535 2
7536 1
7537 3
7538 3
7539 5
7540 4
7541 4
7542 1
7543 3
7544 4
7545 2
7546 4
7547 5
7548 3
7549 3
7550 2
7551 8
7552 1
7553 4
7554 5
7555 6
7556 2
7557 2
7558 7
7559 5
7560 2
7561 4
7562 3
7563 1
7564 5
7565 1
7566 1
7567 5
7568 4
7569 5
7570 1
7571 3
7572 2
7573 2
7574 1
7575 3
7576 6
7577 5
7578 2
7579 1
7580 1
7581 4
7582 4
7583 3
7584 4
7585 4
7586 4
7587 1
7588 2
7589 3
7590 5
7591 2
7592 3
7593 5
7594 3
7595 1
7596 4
7597 5
7598 7
7599 3
7600 4
7601 3
7602 4
7603 4
7604 3
7605 3
7606 0
7607 5
7608 8
7609 2
7610 4
7611 6
7612 5
7613 3
7614 6
7615 1
7616 5
7617 5
7618 5
7619 5
7620 5
7621 4
7622 2
7623 6
7624 6
7625 2
7626 7
7627 3
7628 2
7629 5
7630 3
7631 1
7632 0
7633 3
7634 1
7635 2
7636 7
7637 7
7638 4
7639 5
7640 6
7641 4
7642 6
7643 2
7644 7
7645 7
7646 1
7647 4
7648 3
7649 1
7650 6
7651 3
7652 3
7653 0
7654 4
7655 5
7656 4
7657 6
7658 4
7659 3
7660 7
7661 4
7662 3
7663 4
7664 2
7665 3
7666 5
7667 4
7668 6
7669 3
7670 2
7671 3
7672 6
7673 4
7674 3
7675 3
7676 4
7677 4
7678 2
7679 4
7680 6
7681 2
7682 6
7683 4
7684 3
7685 4
7686 6
7687 6
7688 7
7689 3
7690 3
7691 2
7692 3
7693 5
7694 2
7695 3
7696 2
7697 5
7698 2
7699 2
7700 1
7701 3
7702 2
7703 7
7704 6
7705 3
7706 3
7707 5
7708 4
7709 4
7710 7
7711 7
7712 4
7713 5
7714 3
7715 3
7716 7
7717 5
7718 5
7719 9
7720 8
7721 4
7722 7
7723 6
7724 4
7725 2
7726 2
7727 2
7728 2
7729 3
7730 8
7731 7
7732 4
7733 2
7734 3
7735 2
7736 3
7737 5
7738 3
7739 5
7740 7
7741 1
7742 3
7743 3
7744 2
7745 5
7746 4
7747 5
7748 4
7749 3
7750 5
7751 3
7752 6
7753 6
7754 5
7755 6
7756 5
7757 3
7758 2
7759 4
7760 4
7761 4
7762 4
7763 1
7764 3
7765 6
7766 4
7767 5
7768 8
7769 2
7770 4
7771 2
7772 3
7773 5
7774 4
7775 6
7776 4
7777 6
7778 3
7779 8
7780 8
7781 3
7782 5
7783 4
7784 2
7785 7
7786 6
7787 6
7788 5
7789 5
7790 1
7791 5
7792 4
7793 5
7794 4
7795 2
7796 3
7797 5
7798 3
7799 2
7800 8
7801 5
7802 4
7803 7
7804 5
7805 4
7806 7
7807 6
7808 2
7809 5
7810 5
7811 7
7812 5
7813 4
7814 4
7815 3
7816 4
7817 2
7818 5
7819 4
7820 0
7821 2
7822 3
7823 4
7824 2
7825 5
7826 5
7827 6
7828 5
7829 4
7830 6
7831 4
7832 7
7833 8
7834 7
7835 1
7836 6
7837 6
7838 5
7839 6
7840 3
7841 3
7842 4
7843 6
7844 5
7845 3
7846 6
7847 6
7848 5
7849 5
7850 5
7851 6
7852 3
7853 5
7854 8
7855 6
7856 3
7857 4
7858 3
7859 2
7860 4
7861 5
7862 5
7863 11
7864 4
7865 5
7866 4
7867 6
7868 4
7869 4
7870 4
7871 3
7872 3
7873 2
7874 5
7875 5
7876 9
7877 6
7878 3
7879 8
7880 5
7881 6
7882 5
7883 5
7884 5
7885 6
7886 5
7887 8
7888 7
7889 5
7890 5
7891 8
7892 5
7893 4
7894 5
7895 2
7896 5
7897 6
7898 4
7899 4
7900 2
7901 7
7902 5
7903 5
7904 7
7905 4
7906 6
7907 4
7908 5
7909 5
7910 6
7911 6
7912 3
7913 5
7914 4
7915 4
7916 4
7917 5
7918 5
7919 3
7920 5
7921 2
7922 2
7923 5
7924 5
7925 6
7926 5
7927 4
7928 3
7929 4
7930 3
7931 3
7932 4
7933 2
7934 4
7935 2
7936 3
7937 5
7938 7
7939 3
7940 3
7941 7
7942 0
7943 3
7944 4
7945 6
7946 7
7947 5
7948 3
7949 3
7950 5
7951 2
7952 6
7953 3
7954 0
7955 3
7956 4
7957 7
7958 4
7959 7
7960 4
7961 4
7962 6
7963 6
7964 4
7965 4
7966 5
7967 5
7968 6
7969 7
7970 5
7971 3
7972 5
7973 6
7974 5
7975 6
7976 9
7977 5
7978 6
7979 4
7980 8
7981 4
7982 4
7983 6
7984 5
7985 2
7986 4
7987 3
7988 2
7989 3
7990 5
7991 2
7992 4
7993 1
7994 6
7995 8
7996 7
7997 6
7998 5
7999 5
8000 3
8001 7
8002 1
8003 6
8004 4
8005 3
8006 3
8007 6
8008 1
8009 2
8010 4
8011 5
8012 4
8013 6
8014 4
8015 8
8016 6
8017 2
8018 4
8019 5
8020 3
8021 5
8022 5
8023 5
8024 5
8025 3
8026 3
8027 3
8028 4
8029 3
8030 4
8031 2
8032 5
8033 2
8034 5
8035 7
8036 6
8037 4
8038 4
8039 8
8040 6
8041 3
8042 5
8043 3
8044 5
8045 6
8046 5
8047 4
8048 5
8049 4
8050 6
8051 5
8052 4
8053 4
8054 5
8055 6
8056 5
8057 2
8058 4
8059 1
8060 4
8061 5
8062 3
8063 5
8064 3
8065 4
8066 6
8067 7
8068 3
8069 6
8070 5
8071 6
8072 6
8073 6
8074 5
8075 6
8076 4
8077 2
8078 5
8079 3
8080 3
8081 4
8082 3
8083 4
8084 4
8085 4
8086 6
8087 4
8088 6
8089 9
8090 8
8091 5
8092 4
8093 3
8094 3
8095 5
8096 3
8097 5
8098 4
8099 5
8100 4
8101 3
8102 5
8103 6
8104 3
8105 7
8106 2
8107 7
8108 3
8109 10
8110 3
8111 2
8112 4
8113 5
8114 4
8115 3
8116 5
8117 3
8118 7
8119 2
8120 6
8121 6
8122 5
8123 4
8124 5
8125 5
8126 5
8127 7
8128 4
8129 5
8130 6
8131 5
8132 6
8133 5
8134 3
8135 5
8136 6
8137 6
8138 5
8139 7
8140 3
8141 4
8142 2
8143 6
8144 5
8145 2
8146 7
8147 3
8148 3
8149 6
8150 3
8151 2
8152 4
8153 6
8154 5
8155 6
8156 0
8157 5
8158 5
8159 6
8160 4
8161 3
8162 3
8163 4
8164 5
8165 4
8166 6
8167 1
8168 8
8169 6
8170 4
8171 1
8172 6
8173 4
8174 6
8175 5
8176 5
8177 6
8178 5
8179 4
8180 5
8181 5
8182 4
8183 4
8184 4
8185 2
8186 6
8187 6
8188 4
8189 6
8190 6
8191 5
8192 4
8193 5
8194 3
8195 6
8196 3
8197 6
8198 6
8199 3
8200 5
8201 7
8202 5
8203 4
8204 4
8205 4
8206 5
8207 5
8208 5
8209 7
8210 4
8211 4
8212 4
8213 5
8214 6
8215 2
8216 3
8217 4
8218 8
8219 4
8220 6
8221 5
8222 2
8223 3
8224 3
8225 3
8226 4
8227 3
8228 3
8229 3
8230 6
8231 4
8232 5
8233 3
8234 7
8235 6
8236 6
8237 8
8238 3
8239 4
8240 5
8241 2
8242 4
8243 5
8244 5
8245 5
8246 4
8247 7
8248 6
8249 4
8250 3
8251 1
8252 4
8253 4
8254 4
8255 5
8256 1
8257 4
8258 8
8259 1
8260 5
8261 2
8262 3
8263 5
8264 4
8265 5
8266 3
8267 5
8268 3
8269 6
8270 4
8271 2
8272 6
8273 6
8274 6
8275 5
8276 4
8277 4
8278 1
8279 5
8280 3
8281 5
8282 3
8283 5
8284 4
8285 5
8286 5
8287 6
8288 7
8289 7
8290 6
8291 4
8292 6
8293 1
8294 3
8295 3
8296 3
8297 5
8298 8
8299 3
8300 5
8301 6
8302 5
8303 5
8304 5
8305 6
8306 7
8307 4
8308 5
8309 4
8310 6
8311 7
8312 3
8313 4
8314 4
8315 5
8316 3
8317 3
8318 2
8319 9
8320 3
8321 2
8322 8
8323 3
8324 2
8325 3
8326 3
8327 7
8328 4
8329 5
8330 3
8331 4
8332 3
8333 2
8334 3
8335 4
8336 5
8337 3
8338 0
8339 2
8340 7
8341 4
8342 5
8343 4
8344 4
8345 5
8346 7
8347 4
8348 5
8349 5
8350 3
8351 4
8352 7
8353 6
8354 6
8355 6
8356 5
8357 4
8358 8
8359 6
8360 4
8361 4
8362 3
8363 3
8364 5
8365 8
8366 4
8367 2
8368 3
8369 7
8370 6
8371 4
8372 7
8373 3
8374 6
8375 4
8376 5
8377 3
8378 7
8379 4
8380 2
8381 2
8382 5
8383 4
8384 4
8385 3
8386 3
8387 6
8388 7
8389 2
8390 4
8391 7
8392 2
8393 1
8394 1
8395 4
8396 3
8397 4
8398 2
8399 4
8400 4
8401 5
8402 6
8403 5
8404 3
8405 4
8406 3
8407 3
8408 6
8409 5
8410 1
8411 5
8412 5
8413 3
8414 7
8415 7
8416 3
8417 6
8418 6
8419 6
8420 6
8421 5
8422 3
8423 7
8424 3
8425 3
8426 3
8427 2
8428 5
8429 2
8430 2
8431 4
8432 5
8433 5
8434 5
8435 3
8436 5
8437 4
8438 7
8439 6
8440 7
8441 6
8442 2
8443 7
8444 6
8445 6
8446 2
8447 2
8448 2
8449 5
8450 3
8451 4
8452 5
8453 2
8454 7
8455 3
8456 3
8457 4
8458 6
8459 4
8460 4
8461 6
8462 6
8463 3
8464 2
8465 4
8466 5
8467 4
8468 1
8469 5
8470 2
8471 2
8472 5
8473 2
8474 4
8475 2
8476 6
8477 4
8478 4
8479 4
8480 4
8481 4
8482 5
8483 2
8484 1
8485 2
8486 1
8487 4
8488 3
8489 0
8490 2
8491 5
8492 6
8493 4
8494 3
8495 5
8496 4
8497 2
8498 3
8499 3
8500 2
8501 4
8502 4
8503 3
8504 5
8505 3
8506 3
8507 5
8508 2
8509 4
8510 3
8511 4
8512 2
8513 2
8514 3
8515 4
8516 2
8517 4
8518 2
8519 5
8520 5
8521 3
8522 4
8523 3
8524 2
8525 3
8526 2
8527 2
8528 4
8529 3
8530 3
8531 2
8532 4
8533 4
8534 5
8535 4
8536 6
8537 5
8538 4
8539 4
8540 4
8541 6
8542 3
8543 3
8544 3
8545 5
8546 2
8547 2
8548 3
8549 5
8550 6
8551 4
8552 4
8553 4
8554 4
8555 5
8556 3
8557 5
8558 6
8559 3
8560 3
8561 4
8562 6
8563 4
8564 2
8565 6
8566 4
8567 4
8568 4
8569 3
8570 6
8571 0
8572 3
8573 4
8574 3
8575 4
8576 4
8577 4
8578 4
8579 5
8580 2
8581 6
8582 5
8583 5
8584 4
8585 3
8586 6
8587 4
8588 4
8589 4
8590 5
8591 5
8592 2
8593 3
8594 3
8595 4
8596 2
8597 5
8598 3
8599 8
8600 8
8601 7
8602 7
8603 6
8604 7
8605 4
8606 4
8607 4
8608 5
8609 4
8610 2
8611 5
8612 6
8613 3
8614 2
8615 3
8616 6
8617 2
8618 3
8619 2
8620 2
8621 2
8622 4
8623 5
8624 5
8625 3
8626 2
8627 2
8628 6
8629 0
8630 2
8631 5
8632 3
8633 2
8634 4
8635 6
8636 2
8637 4
8638 2
8639 1
8640 5
8641 2
8642 3
8643 4
8644 3
8645 5
8646 4
8647 5
8648 1
8649 4
8650 7
8651 9
8652 9
8653 6
8654 5
8655 5
8656 2
8657 6
8658 2
8659 6
8660 4
8661 2
8662 5
8663 5
8664 4
8665 2
8666 4
8667 6
8668 5
8669 6
8670 2
8671 4
8672 4
8673 3
8674 8
8675 3
8676 4
8677 4
8678 4
8679 6
8680 6
8681 2
8682 7
8683 5
8684 1
8685 6
8686 6
8687 5
8688 2
8689 4
8690 1
8691 5
8692 5
8693 5
8694 4
8695 1
8696 4
8697 2
8698 5
8699 4
8700 3
8701 4
8702 3
8703 1
8704 4
8705 3
8706 3
8707 4
8708 5
8709 6
8710 2
8711 5
8712 5
8713 5
8714 5
8715 6
8716 3
8717 3
8718 5
8719 6
8720 5
8721 6
8722 3
8723 2
8724 7
8725 5
8726 5
8727 4
8728 5
8729 5
8730 4
8731 4
8732 4
8733 5
8734 2
8735 5
8736 4
8737 5
8738 3
8739 0
8740 3
8741 2
8742 5
8743 2
8744 3
8745 7
8746 2
8747 4
8748 2
8749 2
8750 5
8751 1
8752 4
8753 3
8754 2
8755 3
8756 1
8757 3
8758 3
8759 7
8760 3
8761 3
8762 6
8763 1
8764 0
8765 5
8766 8
8767 4
8768 3
8769 3
8770 5
8771 4
8772 1
8773 5
8774 2
8775 3
8776 2
8777 2
8778 4
8779 5
8780 4
8781 2
8782 4
8783 4
8784 5
8785 3
8786 2
8787 3
8788 3
8789 3
8790 4
8791 6
8792 4
8793 5
8794 4
8795 8
8796 2
8797 4
8798 3
8799 3
8800 5
8801 4
8802 6
8803 2
8804 2
8805 4
8806 5
8807 4
8808 3
8809 4
8810 4
8811 6
8812 4
8813 1
8814 5
8815 6
8816 4
8817 5
8818 3
8819 4
8820 2
8821 1
8822 1
8823 6
8824 3
8825 3
8826 6
8827 6
8828 3
8829 4
8830 3
8831 0
8832 4
8833 3
8834 3
8835 5
8836 0
8837 4
8838 3
8839 4
8840 4
8841 1
8842 3
8843 4
8844 2
8845 1
8846 3
8847 3
8848 5
8849 4
8850 2
8851 2
8852 5
8853 1
8854 3
8855 1
8856 2
8857 1
8858 4
8859 3
8860 10
8861 4
8862 4
8863 7
8864 6
8865 2
8866 4
8867 4
8868 4
8869 2
8870 6
8871 3
8872 3
8873 3
8874 3
8875 4
8876 4
8877 2
8878 4
8879 2
8880 5
8881 4
8882 2
8883 3
8884 7
8885 6
8886 1
8887 5
8888 4
8889 1
8890 5
8891 8
8892 5
8893 6
8894 3
8895 3
8896 4
8897 4
8898 3
8899 3
8900 3
8901 5
8902 3
8903 3
8904 2
8905 2
8906 2
8907 3
8908 4
8909 2
8910 4
8911 1
8912 2
8913 2
8914 5
8915 2
8916 3
8917 5
8918 5
8919 2
8920 3
8921 4
8922 6
8923 5
8924 4
8925 5
8926 6
8927 3
8928 2
8929 4
8930 4
8931 3
8932 3
8933 4
8934 5
8935 4
8936 6
8937 5
8938 7
8939 4
8940 4
8941 8
8942 3
8943 5
8944 5
8945 5
8946 8
8947 3
8948 4
8949 6
8950 2
8951 2
8952 5
8953 5
8954 4
8955 3
8956 8
8957 5
8958 6
8959 4
8960 4
8961 4
8962 1
8963 2
8964 3
8965 7
8966 3
8967 1
8968 5
8969 3
8970 4
8971 2
8972 4
8973 2
8974 3
8975 4
8976 4
8977 3
8978 4
8979 4
8980 3
8981 4
8982 3
8983 3
8984 4
8985 6
8986 2
8987 4
8988 3
8989 4
8990 7
8991 7
8992 2
8993 2
8994 3
8995 1
8996 7
8997 4
8998 5
8999 8
9000 2
9001 6
9002 1
9003 3
9004 5
9005 1
9006 4
9007 4
9008 5
9009 5
9010 7
9011 2
9012 4
9013 2
9014 3
9015 0
9016 3
9017 5
9018 6
9019 2
9020 5
9021 2
9022 4
9023 4
9024 4
9025 7
9026 3
9027 3
9028 5
9029 4
9030 5
9031 7
9032 4
9033 5
9034 4
9035 0
9036 5
9037 5
9038 4
9039 8
9040 3
9041 2
9042 4
9043 5
9044 3
9045 4
9046 2
9047 3
9048 0
9049 5
9050 4
9051 4
9052 4
9053 1
9054 4
9055 4
9056 5
9057 2
9058 7
9059 9
9060 3
9061 3
9062 2
9063 3
9064 3
9065 6
9066 5
9067 5
9068 4
9069 3
9070 4
9071 5
9072 5
9073 3
9074 2
9075 2
9076 1
9077 8
9078 5
9079 4
9080 6
9081 5
9082 5
9083 3
9084 6
9085 6
9086 2
9087 4
9088 2
9089 3
9090 3
9091 3
9092 4
9093 2
9094 5
9095 6
9096 7
9097 5
9098 6
9099 3
9100 5
9101 4
9102 6
9103 5
9104 5
9105 6
9106 8
9107 6
9108 5
9109 3
9110 4
9111 3
9112 6
9113 5
9114 4
9115 5
9116 5
9117 4
9118 6
9119 2
9120 6
9121 5
9122 2
9123 3
9124 5
9125 6
9126 3
9127 3
9128 5
9129 5
9130 1
9131 2
9132 2
9133 0
9134 4
9135 3
9136 3
9137 7
9138 4
9139 8
9140 4
9141 4
9142 4
9143 4
9144 7
9145 5
9146 1
9147 4
9148 4
9149 7
9150 3
9151 5
9152 3
9153 5
9154 2
9155 5
9156 6
9157 6
9158 6
9159 6
9160 3
9161 3
9162 6
9163 6
9164 5
9165 5
9166 5
9167 5
9168 4
9169 2
9170 5
9171 5
9172 5
9173 5
9174 3
9175 5
9176 5
9177 5
9178 1
9179 5
9180 3
9181 6
9182 2
9183 4
9184 6
9185 3
9186 3
9187 3
9188 3
9189 4
9190 8
9191 5
9192 4
9193 4
9194 4
9195 5
9196 5
9197 5
9198 3
9199 1
9200 5
9201 4
9202 6
9203 4
9204 6
9205 8
9206 6
9207 1
9208 5
9209 5
9210 5
9211 8
9212 7
9213 1
9214 8
9215 5
9216 7
9217 4
9218 6
9219 6
9220 5
9221 5
9222 9
9223 4
9224 6
9225 5
9226 5
9227 6
9228 6
9229 4
9230 2
9231 3
9232 8
9233 8
9234 8
9235 4
9236 6
9237 5
9238 2
9239 5
9240 8
9241 3
9242 5
9243 6
9244 5
9245 5
9246 1
9247 4
9248 2
9249 1
9250 2
9251 5
9252 2
9253 5
9254 4
9255 5
9256 0
9257 5
9258 6
9259 1
9260 4
9261 5
9262 4
9263 4
9264 4
9265 5
9266 3
9267 6
9268 3
9269 2
9270 3
9271 4
9272 4
9273 5
9274 4
9275 3
9276 3
9277 3
9278 6
9279 4
9280 3
9281 3
9282 4
9283 4
9284 4
9285 5
9286 10
9287 3
9288 6
9289 7
9290 4
9291 4
9292 3
9293 4
9294 7
9295 3
9296 5
9297 4
9298 6
9299 5
9300 4
9301 3
9302 6
9303 5
9304 3
9305 6
9306 6
9307 6
9308 5
9309 5
9310 4
9311 5
9312 5
9313 4
9314 4
9315 6
9316 4
9317 3
9318 5
9319 8
9320 6
9321 2
9322 1
9323 7
9324 2
9325 4
9326 3
9327 3
9328 4
9329 6
9330 3
9331 7
9332 4
9333 4
9334 4
9335 7
9336 6
9337 4
9338 2
9339 3
9340 4
9341 4
9342 3
9343 5
9344 5
9345 6
9346 2
9347 3
9348 1
9349 6
9350 5
9351 7
9352 2
9353 4
9354 5
9355 5
9356 6
9357 4
9358 3
9359 3
9360 8
9361 5
9362 3
9363 6
9364 2
9365 4
9366 4
9367 5
9368 4
9369 3
9370 4
9371 4
9372 7
9373 4
9374 4
9375 5
9376 5
9377 5
9378 2
9379 5
9380 1
9381 4
9382 6
9383 2
9384 3
9385 6
9386 3
9387 4
9388 2
9389 2
9390 7
9391 3
9392 3
9393 3
9394 2
9395 2
9396 2
9397 1
9398 4
9399 4
9400 5
9401 6
9402 2
9403 5
9404 4
9405 6
9406 3
9407 6
9408 5
9409 4
9410 6
9411 5
9412 4
9413 5
9414 6
9415 4
9416 3
9417 3
9418 6
9419 3
9420 4
9421 5
9422 4
9423 4
9424 3
9425 8
9426 6
9427 6
9428 4
9429 3
9430 5
9431 6
9432 3
9433 3
9434 3
9435 4
9436 8
9437 2
9438 5
9439 4
9440 5
9441 5
9442 1
9443 3
9444 2
9445 3
9446 1
9447 2
9448 3
9449 2
9450 1
9451 3
9452 4
9453 5
9454 5
9455 1
9456 1
9457 6
9458 5
9459 3
9460 3
9461 4
9462 3
9463 3
9464 4
9465 3
9466 2
9467 1
9468 3
9469 5
9470 4
9471 3
9472 2
9473 4
9474 3
9475 3
9476 2
9477 1
9478 4
9479 1
9480 1
9481 2
9482 2
9483 1
9484 4
9485 4
9486 5
9487 5
9488 3
9489 4
9490 4
9491 5
9492 2
9493 4
9494 5
9495 5
9496 5
9497 5
9498 2
9499 0
9500 4
9501 3
9502 1
9503 5
9504 5
9505 2
9506 5
9507 2
9508 6
9509 1
9510 3
9511 3
9512 7
9513 5
9514 3
9515 4
9516 4
9517 2
9518 5
9519 2
9520 5
9521 1
9522 7
9523 5
9524 7
9525 5
9526 5
9527 6
9528 7
9529 4
9530 4
9531 1
9532 3
9533 5
9534 4
9535 2
9536 3
9537 5
9538 2
9539 4
9540 4
9541 2
9542 5
9543 2
9544 5
9545 3
9546 4
9547 6
9548 7
9549 4
9550 5
9551 8
9552 4
9553 5
9554 6
9555 6
9556 5
9557 1
9558 5
9559 3
9560 2
9561 2
9562 2
9563 0
9564 1
9565 2
9566 3
9567 7
9568 2
9569 4
9570 8
9571 3
9572 4
9573 5
9574 7
9575 2
9576 4
9577 6
9578 7
9579 4
9580 1
9581 6
9582 4
9583 4
9584 3
9585 1
9586 3
9587 1
9588 7
9589 8
9590 7
9591 5
9592 4
9593 6
9594 6
9595 7
9596 5
9597 5
9598 5
9599 5
9600 5
9601 10
9602 7
9603 8
9604 7
9605 6
9606 7
9607 3
9608 7
9609 4
9610 2
9611 3
9612 5
9613 8
9614 8
9615 4
9616 6
9617 6
9618 4
9619 3
9620 4
9621 4
9622 7
9623 4
9624 4
9625 6
9626 4
9627 4
9628 8
9629 3
9630 2
9631 8
9632 6
9633 8
9634 9
9635 6
9636 3
9637 5
9638 4
9639 5
9640 2
9641 6
9642 5
9643 4
9644 1
9645 1
9646 3
9647 4
9648 4
9649 9
9650 5
9651 5
9652 2
9653 2
9654 5
9655 4
9656 2
9657 4
9658 4
9659 8
9660 5
9661 5
9662 7
9663 3
9664 7
9665 4
9666 1
9667 5
9668 5
9669 3
9670 1
9671 7
9672 2
9673 2
9674 5
9675 2
9676 1
9677 1
9678 3
9679 4
9680 5
9681 2
9682 6
9683 1
9684 3
9685 3
9686 5
9687 4
9688 3
9689 1
9690 2
9691 8
9692 3
9693 2
9694 3
9695 5
9696 3
9697 2
9698 4
9699 5
9700 6
9701 3
9702 2
9703 2
9704 4
9705 4
9706 5
9707 1
9708 3
9709 2
9710 3
9711 2
9712 3
9713 5
9714 5
9715 2
9716 5
9717 6
9718 4
9719 3
9720 5
9721 4
9722 4
9723 3
9724 4
9725 4
9726 3
9727 4
9728 4
9729 3
9730 4
9731 5
9732 6
9733 7
9734 3
9735 5
9736 5
9737 4
9738 7
9739 4
9740 3
9741 6
9742 4
9743 5
9744 6
9745 4
9746 6
9747 4
9748 3
9749 4
9750 4
9751 6
9752 5
9753 6
9754 6
9755 5
9756 4
9757 2
9758 6
9759 2
9760 6
9761 5
9762 4
9763 3
9764 2
9765 4
9766 6
9767 4
9768 6
9769 1
9770 6
9771 6
9772 5
9773 2
9774 6
9775 1
9776 4
9777 6
9778 3
9779 6
9780 4
9781 4
9782 3
9783 3
9784 3
9785 4
9786 1
9787 4
9788 2
9789 1
9790 3
9791 3
9792 6
9793 3
9794 7
9795 6
9796 4
9797 3
9798 2
9799 4
9800 6
9801 4
9802 5
9803 5
9804 2
9805 4
9806 2
9807 1
9808 1
9809 3
9810 5
9811 1
9812 4
9813 3
9814 3
9815 5
9816 4
9817 4
9818 3
9819 2
9820 3
9821 2
9822 1
9823 3
9824 1
9825 7
9826 2
9827 6
9828 5
9829 4
9830 3
9831 3
9832 4
9833 2
9834 4
9835 5
9836 3
9837 3
9838 2
9839 5
9840 5
9841 3
9842 6
9843 6
9844 5
9845 6
9846 4
9847 4
9848 4
9849 4
9850 3
9851 4
9852 3
9853 2
9854 1
9855 4
9856 4
9857 4
9858 2
9859 3
9860 3
9861 2
9862 3
9863 4
9864 3
9865 4
9866 4
9867 3
9868 5
9869 6
9870 4
9871 4
9872 4
9873 4
9874 4
9875 2
9876 4
9877 5
9878 3
9879 3
9880 5
9881 8
9882 5
9883 4
9884 0
9885 3
9886 4
9887 5
9888 5
9889 5
9890 5
9891 4
9892 2
9893 5
9894 4
9895 2
9896 5
9897 8
9898 2
9899 3
9900 2
9901 4
9902 7
9903 5
9904 4
9905 2
9906 3
9907 5
9908 1
9909 3
9910 5
9911 1
9912 6
9913 1
9914 3
9915 2
9916 1
9917 4
9918 4
9919 5
9920 1
9921 3
9922 3
9923 3
9924 5
9925 11
9926 4
9927 6
9928 3
9929 7
9930 4
9931 3
9932 3
9933 4
9934 4
9935 6
9936 5
9937 4
9938 3
9939 7
9940 6
9941 6
9942 5
9943 2
9944 2
9945 3
9946 5
9947 5
9948 4
9949 2
9950 7
9951 4
9952 6
9953 5
9954 3
9955 6
9956 5
9957 5
9958 6
9959 4
9960 2
9961 5
9962 5
9963 3
9964 4
9965 5
9966 6
9967 4
9968 6
9969 3
9970 5
9971 3
9972 3
9973 4
9974 4
9975 3
9976 6
9977 4
9978 7
9979 4
9980 3
9981 1
9982 6
9983 3
9984 5
9985 3
9986 3
9987 5
9988 3
9989 4
9990 3
9991 4
9992 6
9993 4
9994 7
9995 6
9996 5
9997 3
9998 7
9999 8
10000 3
10001 4
