0 4
1 7
2 3
3 5
4 2
5 1
6 3
7 3
8 1
9 4
10 2
11 4
12 4
13 5
14 2
15 3
16 2
17 1
18 2
19 4
20 1
21 4
22 3
23 3
24 3
25 2
26 2
27 3
28 4
29 4
30 3
31 1
32 2
33 2
34 4
35 4
36 2
37 3
38 4
39 2
40 2
41 3
42 3
43 6
44 5
45 3
46 4
47 3
48 3
49 4
50 4
51 4
52 4
53 3
54 2
55 3
56 2
57 1
58 3
59 2
60 2
61 1
62 3
63 1
64 4
65 3
66 3
67 3
68 0
69 4
70 2
71 1
72 3
73 1
74 4
75 1
76 1
77 3
78 1
79 4
80 4
81 3
82 2
83 1
84 2
85 0
86 2
87 3
88 1
89 3
90 2
91 1
92 0
93 1
94 1
95 3
96 2
97 2
98 3
99 0
100 1
101 2
102 1
103 1
104 3
105 2
106 2
107 0
108 1
109 3
110 1
111 3
112 7
113 3
114 3
115 3
116 1
117 1
118 1
119 1
120 1
121 1
122 2
123 0
124 0
125 1
126 1
127 5
128 1
129 3
130 0
131 3
132 3
133 3
134 1
135 2
136 3
137 2
138 2
139 2
140 4
141 2
142 4
143 0
144 4
145 3
146 1
147 1
148 2
149 2
150 1
151 0
152 4
153 1
154 1
155 1
156 1
157 2
158 1
159 0
160 1
161 2
162 4
163 1
164 2
165 2
166 3
167 2
168 1
169 3
170 3
171 2
172 1
173 3
174 0
175 5
176 2
177 1
178 0
179 3
180 3
181 1
182 0
183 2
184 4
185 1
186 3
187 4
188 1
189 1
190 3
191 2
192 4
193 1
194 1
195 4
196 1
197 1
198 2
199 4
200 3
201 3
202 0
203 1
204 3
205 3
206 3
207 3
208 2
209 3
210 4
211 3
212 1
213 0
214 2
215 2
216 1
217 1
218 1
219 0
220 3
221 1
222 0
223 0
224 2
225 0
226 0
227 5
228 3
229 0
230 1
231 1
232 2
233 1
234 3
235 2
236 0
237 1
238 2
239 1
240 2
241 1
242 2
243 2
244 0
245 1
246 2
247 2
248 2
249 0
250 3
251 1
252 0
253 2
254 1
255 1
256 3
257 0
258 2
259 2
260 1
261 0
262 1
263 0
264 2
265 1
266 1
267 2
268 4
269 1
270 4
271 2
272 5
273 3
274 2
275 3
276 3
277 2
278 1
279 3
280 2
281 2
282 3
283 3
284 2
285 1
286 3
287 2
288 2
289 1
290 0
291 1
292 2
293 4
294 2
295 0
296 2
297 2
298 4
299 2
300 4
301 3
302 4
303 3
304 0
305 2
306 2
307 1
308 3
309 4
310 4
311 2
312 3
313 3
314 3
315 7
316 3
317 2
318 3
319 4
320 2
321 2
322 4
323 6
324 4
325 2
326 1
327 2
328 4
329 5
330 4
331 3
332 4
333 3
334 3
335 4
336 2
337 4
338 4
339 3
340 3
341 7
342 4
343 4
344 7
345 3
346 3
347 3
348 7
349 5
350 4
351 5
352 0
353 3
354 1
355 4
356 6
357 4
358 3
359 6
360 5
361 6
362 3
363 6
364 3
365 3
366 6
367 6
368 3
369 3
370 3
371 3
372 4
373 2
374 4
375 4
376 3
377 6
378 3
379 3
380 3
381 2
382 3
383 3
384 4
385 5
386 2
387 3
388 7
389 2
390 6
391 2
392 4
393 4
394 4
395 3
396 4
397 3
398 4
399 4
400 5
401 3
402 3
403 2
404 4
405 2
406 3
407 3
408 3
409 1
410 4
411 1
412 3
413 4
414 3
415 4
416 5
417 4
418 4
419 4
420 5
421 3
422 3
423 5
424 5
425 3
426 2
427 4
428 3
429 3
430 1
431 0
432 3
433 1
434 3
435 4
436 2
437 2
438 2
439 4
440 4
441 2
442 1
443 6
444 2
445 6
446 1
447 1
448 3
449 1
450 3
451 4
452 4
453 5
454 5
455 4
456 6
457 3
458 1
459 4
460 4
461 5
462 4
463 4
464 4
465 2
466 2
467 5
468 4
469 3
470 4
471 3
472 1
473 4
474 3
475 3
476 3
477 3
478 3
479 5
480 4
481 4
482 4
483 6
484 3
485 7
486 5
487 4
488 2
489 0
490 4
491 0
492 5
493 2
494 3
495 4
496 2
497 6
498 4
499 3
500 3
501 1
502 0
503 3
504 3
505 5
506 4
507 3
508 4
509 4
510 4
511 4
512 7
513 2
514 5
515 3
516 4
517 4
518 3
519 5
520 1
521 5
522 0
523 6
524 3
525 5
526 1
527 4
528 3
529 4
530 3
531 3
532 4
533 6
534 3
535 2
536 1
537 6
538 4
539 5
540 3
541 3
542 4
543 4
544 2
545 2
546 3
547 6
548 4
549 3
550 3
551 1
552 4
553 2
554 2
555 1
556 1
557 4
558 3
559 1
560 4
561 2
562 1
563 3
564 3
565 5
566 3
567 5
568 4
569 6
570 4
571 7
572 3
573 1
574 6
575 2
576 5
577 2
578 3
579 4
580 2
581 6
582 1
583 2
584 3
585 2
586 1
587 6
588 4
589 1
590 1
591 0
592 4
593 2
594 3
595 2
596 3
597 6
598 1
599 5
600 4
601 4
602 6
603 2
604 2
605 3
606 6
607 4
608 5
609 3
610 4
611 3
612 2
613 4
614 3
615 5
616 4
617 4
618 3
619 4
620 2
621 5
622 3
623 4
624 4
625 2
626 1
627 3
628 4
629 2
630 4
631 4
632 3
633 0
634 2
635 4
636 4
637 4
638 4
639 2
640 2
641 6
642 4
643 1
644 7
645 3
646 2
647 5
648 1
649 3
650 3
651 3
652 2
653 4
654 4
655 2
656 5
657 3
658 2
659 2
660 7
661 2
662 3
663 4
664 1
665 2
666 2
667 3
668 4
669 5
670 2
671 0
672 3
673 2
674 4
675 2
676 3
677 0
678 4
679 1
680 1
681 2
682 2
683 3
684 0
685 1
686 4
687 2
688 3
689 2
690 3
691 5
692 1
693 4
694 1
695 4
696 5
697 6
698 3
699 3
700 3
701 3
702 4
703 4
704 0
705 0
706 3
707 3
708 3
709 3
710 3
711 1
712 6
713 3
714 4
715 6
716 4
717 4
718 0
719 3
720 5
721 1
722 5
723 1
724 5
725 3
726 4
727 4
728 2
729 2
730 4
731 6
732 2
733 3
734 2
735 0
736 3
737 1
738 2
739 2
740 4
741 7
742 2
743 4
744 2
745 4
746 3
747 2
748 2
749 2
750 3
751 3
752 2
753 0
754 1
755 2
756 3
757 4
758 2
759 1
760 3
761 0
762 1
763 3
764 1
765 3
766 1
767 4
768 2
769 4
770 4
771 3
772 4
773 5
774 5
775 4
776 1
777 2
778 5
779 5
780 4
781 2
782 6
783 4
784 3
785 1
786 1
787 3
788 3
789 3
790 1
791 1
792 1
793 1
794 3
795 5
796 5
797 2
798 2
799 4
800 4
801 2
802 5
803 2
804 5
805 4
806 3
807 4
808 3
809 4
810 3
811 5
812 1
813 1
814 4
815 1
816 5
817 4
818 1
819 5
820 2
821 4
822 7
823 3
824 4
825 3
826 4
827 1
828 2
829 3
830 3
831 5
832 6
833 0
834 2
835 2
836 4
837 4
838 2
839 2
840 1
841 2
842 4
843 2
844 5
845 6
846 5
847 1
848 5
849 3
850 4
851 2
852 2
853 3
854 2
855 4
856 5
857 5
858 2
859 2
860 2
861 3
862 4
863 4
864 1
865 4
866 2
867 4
868 3
869 0
870 4
871 4
872 1
873 4
874 3
875 3
876 2
877 2
878 2
879 4
880 4
881 5
882 3
883 2
884 3
885 2
886 2
887 2
888 1
889 4
890 0
891 4
892 3
893 4
894 7
895 2
896 3
897 2
898 3
899 2
900 2
901 4
902 4
903 4
904 2
905 1
906 5
907 1
908 5
909 4
910 4
911 3
912 2
913 1
914 5
915 3
916 4
917 2
918 2
919 5
920 3
921 3
922 3
923 5
924 3
925 2
926 2
927 4
928 2
929 2
930 4
931 3
932 4
933 1
934 1
935 3
936 2
937 3
938 5
939 4
940 4
941 5
942 3
943 1
944 4
945 2
946 3
947 2
948 5
949 7
950 2
951 5
952 5
953 3
954 4
955 3
956 2
957 4
958 3
959 4
960 4
961 3
962 2
963 1
964 1
965 4
966 4
967 3
968 4
969 2
970 2
971 2
972 0
973 2
974 4
975 4
976 4
977 3
978 2
979 2
980 4
981 2
982 3
983 4
984 2
985 3
986 3
987 4
988 2
989 2
990 2
991 2
992 2
993 4
994 1
995 3
996 1
997 0
998 3
999 0
1000 2
1001 3
1002 3
1003 3
1004 1
1005 4
1006 1
1007 0
1008 1
1009 2
1010 4
1011 5
1012 4
1013 3
1014 7
1015 1
1016 3
1017 2
1018 4
1019 4
1020 3
1021 4
1022 2
1023 3
1024 5
1025 2
1026 1
1027 3
1028 3
1029 4
1030 4
1031 2
1032 4
1033 1
1034 3
1035 3
1036 4
1037 2
1038 1
1039 2
1040 2
1041 3
1042 3
1043 4
1044 5
1045 3
1046 1
1047 1
1048 2
1049 3
1050 1
1051 3
1052 0
1053 2
1054 3
1055 4
1056 7
1057 1
1058 4
1059 2
1060 3
1061 4
1062 5
1063 7
1064 2
1065 3
1066 4
1067 4
1068 5
1069 1
1070 3
1071 6
1072 3
1073 3
1074 3
1075 3
1076 1
1077 1
1078 1
1079 1
1080 3
1081 4
1082 2
1083 3
1084 2
1085 3
1086 3
1087 3
1088 4
1089 3
1090 3
1091 3
1092 1
1093 6
1094 2
1095 2
1096 3
1097 1
1098 3
1099 4
1100 1
1101 3
1102 4
1103 4
1104 2
1105 3
1106 3
1107 6
1108 4
1109 4
1110 3
1111 4
1112 4
1113 3
1114 7
1115 5
1116 8
1117 1
1118 3
1119 4
1120 3
1121 5
1122 3
1123 4
1124 0
1125 5
1126 3
1127 6
1128 8
1129 4
1130 5
1131 3
1132 1
1133 4
1134 2
1135 6
1136 3
1137 6
1138 6
1139 4
1140 4
1141 1
1142 2
1143 5
1144 3
1145 2
1146 1
1147 1
1148 2
1149 2
1150 1
1151 4
1152 5
1153 3
1154 4
1155 7
1156 5
1157 4
1158 2
1159 1
1160 2
1161 2
1162 1
1163 3
1164 1
1165 4
1166 1
1167 0
1168 1
1169 4
1170 1
1171 2
1172 5
1173 5
1174 8
1175 6
1176 3
1177 4
1178 0
1179 1
1180 2
1181 3
1182 5
1183 6
1184 3
1185 4
1186 3
1187 3
1188 1
1189 6
1190 4
1191 0
1192 3
1193 4
1194 5
1195 4
1196 3
1197 5
1198 5
1199 4
1200 3
1201 5
1202 2
1203 1
1204 4
1205 2
1206 5
1207 4
1208 3
1209 1
1210 3
1211 3
1212 4
1213 3
1214 2
1215 1
1216 0
1217 5
1218 4
1219 4
1220 4
1221 3
1222 5
1223 6
1224 5
1225 7
1226 1
1227 3
1228 3
1229 0
1230 5
1231 5
1232 3
1233 3
1234 4
1235 2
1236 3
1237 3
1238 1
1239 6
1240 2
1241 4
1242 3
1243 1
1244 1
1245 6
1246 5
1247 3
1248 5
1249 6
1250 0
1251 4
1252 4
1253 3
1254 6
1255 4
1256 1
1257 3
1258 7
1259 5
1260 2
1261 3
1262 4
1263 3
1264 7
1265 3
1266 5
1267 2
1268 5
1269 2
1270 3
1271 2
1272 2
1273 4
1274 3
1275 1
1276 6
1277 1
1278 6
1279 2
1280 2
1281 5
1282 3
1283 3
1284 2
1285 2
1286 1
1287 3
1288 2
1289 2
1290 4
1291 3
1292 4
1293 5
1294 3
1295 0
1296 3
1297 2
1298 4
1299 3
1300 1
1301 6
1302 1
1303 2
1304 5
1305 3
1306 2
1307 5
1308 2
1309 7
1310 4
1311 1
1312 6
1313 2
1314 4
1315 4
1316 4
1317 4
1318 3
1319 6
1320 7
1321 3
1322 4
1323 4
1324 6
1325 2
1326 7
1327 5
1328 5
1329 3
1330 4
1331 8
1332 4
1333 4
1334 7
1335 6
1336 5
1337 4
1338 3
1339 1
1340 5
1341 5
1342 6
1343 4
1344 4
1345 6
1346 2
1347 3
1348 1
1349 3
1350 3
1351 4
1352 4
1353 4
1354 3
1355 7
1356 1
1357 6
1358 4
1359 5
1360 6
1361 4
1362 6
1363 5
1364 5
1365 4
1366 1
1367 3
1368 2
1369 1
1370 4
1371 4
1372 2
1373 6
1374 4
1375 5
1376 5
1377 3
1378 6
1379 3
1380 1
1381 4
1382 2
1383 4
1384 2
1385 4
1386 3
1387 4
1388 2
1389 4
1390 4
1391 0
1392 4
1393 2
1394 6
1395 6
1396 4
1397 2
1398 1
1399 4
1400 4
1401 7
1402 6
1403 4
1404 5
1405 5
1406 6
1407 4
1408 5
1409 6
1410 4
1411 7
1412 5
1413 4
1414 3
1415 5
1416 7
1417 3
1418 3
1419 3
1420 4
1421 3
1422 5
1423 3
1424 3
1425 1
1426 2
1427 5
1428 4
1429 3
1430 4
1431 3
1432 5
1433 5
1434 6
1435 3
1436 6
1437 3
1438 4
1439 5
1440 4
1441 2
1442 4
1443 3
1444 3
1445 2
1446 3
1447 3
1448 3
1449 6
1450 2
1451 3
1452 3
1453 5
1454 2
1455 4
1456 1
1457 6
1458 2
1459 2
1460 4
1461 4
1462 5
1463 1
1464 4
1465 5
1466 8
1467 6
1468 2
1469 1
1470 3
1471 0
1472 3
1473 7
1474 5
1475 3
1476 5
1477 4
1478 3
1479 2
1480 4
1481 3
1482 4
1483 6
1484 4
1485 3
1486 5
1487 4
1488 2
1489 2
1490 3
1491 3
1492 2
1493 8
1494 2
1495 3
1496 6
1497 6
1498 3
1499 2
1500 3
1501 1
1502 2
1503 4
1504 5
1505 3
1506 8
1507 4
1508 4
1509 4
1510 3
1511 3
1512 3
1513 5
1514 2
1515 3
1516 2
1517 4
1518 5
1519 6
1520 4
1521 3
1522 3
1523 5
1524 1
1525 4
1526 3
1527 5
1528 1
1529 3
1530 2
1531 6
1532 5
1533 5
1534 2
1535 2
1536 3
1537 2
1538 4
1539 3
1540 3
1541 4
1542 2
1543 3
1544 3
1545 2
1546 1
1547 4
1548 5
1549 4
1550 2
1551 4
1552 5
1553 5
1554 2
1555 2
1556 2
1557 4
1558 4
1559 4
1560 2
1561 1
1562 4
1563 4
1564 1
1565 2
1566 2
1567 3
1568 4
1569 3
1570 2
1571 3
1572 3
1573 3
1574 6
1575 6
1576 4
1577 6
1578 2
1579 2
1580 3
1581 4
1582 3
1583 2
1584 2
1585 5
1586 2
1587 3
1588 2
1589 3
1590 4
1591 1
1592 5
1593 4
1594 6
1595 4
1596 1
1597 4
1598 2
1599 5
1600 4
1601 4
1602 2
1603 1
1604 1
1605 4
1606 5
1607 2
1608 3
1609 2
1610 4
1611 4
1612 5
1613 4
1614 0
1615 4
1616 3
1617 1
1618 1
1619 5
1620 5
1621 4
1622 8
1623 1
1624 1
1625 5
1626 2
1627 0
1628 4
1629 3
1630 3
1631 7
1632 2
1633 3
1634 2
1635 2
1636 2
1637 1
1638 1
1639 1
1640 1
1641 3
1642 2
1643 3
1644 3
1645 1
1646 5
1647 1
1648 3
1649 1
1650 0
1651 2
1652 2
1653 4
1654 2
1655 3
1656 2
1657 1
1658 3
1659 3
1660 1
1661 3
1662 4
1663 1
1664 3
1665 6
1666 3
1667 2
1668 2
1669 3
1670 2
1671 2
1672 5
1673 3
1674 4
1675 1
1676 4
1677 5
1678 5
1679 1
1680 2
1681 1
1682 1
1683 3
1684 4
1685 3
1686 5
1687 1
1688 3
1689 5
1690 2
1691 0
1692 2
1693 3
1694 2
1695 1
1696 5
1697 4
1698 3
1699 3
1700 4
1701 5
1702 5
1703 4
1704 2
1705 2
1706 4
1707 0
1708 0
1709 3
1710 3
1711 2
1712 1
1713 3
1714 5
1715 0
1716 6
1717 1
1718 4
1719 2
1720 4
1721 3
1722 1
1723 1
1724 1
1725 3
1726 5
1727 3
1728 2
1729 2
1730 5
1731 5
1732 2
1733 4
1734 3
1735 3
1736 3
1737 5
1738 7
1739 2
1740 2
1741 1
1742 1
1743 2
1744 1
1745 2
1746 3
1747 1
1748 3
1749 2
1750 2
1751 6
1752 1
1753 4
1754 2
1755 5
1756 5
1757 2
1758 5
1759 4
1760 3
1761 4
1762 5
1763 5
1764 1
1765 6
1766 2
1767 2
1768 4
1769 3
1770 2
1771 1
1772 4
1773 2
1774 4
1775 5
1776 3
1777 8
1778 2
1779 4
1780 3
1781 4
1782 4
1783 4
1784 4
1785 4
1786 3
1787 4
1788 3
1789 9
1790 2
1791 4
1792 4
1793 2
1794 6
1795 7
1796 2
1797 2
1798 2
1799 1
1800 2
1801 1
1802 1
1803 5
1804 5
1805 5
1806 4
1807 6
1808 1
1809 1
1810 0
1811 2
1812 1
1813 3
1814 4
1815 1
1816 4
1817 5
1818 4
1819 4
1820 3
1821 2
1822 3
1823 3
1824 3
1825 3
1826 4
1827 4
1828 2
1829 2
1830 1
1831 2
1832 4
1833 3
1834 4
1835 3
1836 3
1837 1
1838 6
1839 2
1840 1
1841 2
1842 4
1843 2
1844 4
1845 4
1846 6
1847 4
1848 5
1849 1
1850 4
1851 3
1852 5
1853 2
1854 3
1855 4
1856 3
1857 3
1858 4
1859 2
1860 6
1861 3
1862 3
1863 3
1864 3
1865 6
1866 4
1867 7
1868 2
1869 2
1870 4
1871 4
1872 3
1873 5
1874 2
1875 1
1876 5
1877 2
1878 2
1879 3
1880 2
1881 4
1882 5
1883 5
1884 2
1885 4
1886 4
1887 4
1888 1
1889 1
1890 5
1891 2
1892 1
1893 5
1894 3
1895 5
1896 2
1897 7
1898 2
1899 4
1900 4
1901 4
1902 3
1903 6
1904 2
1905 1
1906 0
1907 4
1908 5
1909 3
1910 3
1911 5
1912 4
1913 1
1914 3
1915 2
1916 4
1917 5
1918 3
1919 3
1920 3
1921 2
1922 3
1923 1
1924 0
1925 1
1926 2
1927 6
1928 2
1929 2
1930 4
1931 2
1932 4
1933 2
1934 2
1935 3
1936 3
1937 1
1938 4
1939 5
1940 3
1941 2
1942 2
1943 3
1944 1
1945 2
1946 1
1947 2
1948 6
1949 0
1950 2
1951 2
1952 0
1953 5
1954 5
1955 4
1956 2
1957 3
1958 7
1959 2
1960 3
1961 4
1962 2
1963 2
1964 4
1965 1
1966 5
1967 2
1968 4
1969 6
1970 0
1971 1
1972 2
1973 1
1974 3
1975 3
1976 2
1977 0
1978 3
1979 1
1980 3
1981 4
1982 4
1983 3
1984 4
1985 6
1986 2
1987 2
1988 4
1989 1
1990 2
1991 2
1992 4
1993 0
1994 2
1995 2
1996 2
1997 2
1998 3
1999 3
2000 2
2001 2
2002 3
2003 2
2004 4
2005 5
2006 4
2007 3
2008 1
2009 3
2010 3
2011 4
2012 3
2013 4
2014 1
2015 5
2016 2
2017 4
2018 3
2019 4
2020 4
2021 3
2022 1
2023 4
2024 3
2025 3
2026 0
2027 0
2028 3
2029 1
2030 2
2031 2
2032 4
2033 5
2034 3
2035 3
2036 5
2037 0
2038 2
2039 2
2040 2
2041 2
2042 3
2043 1
2044 4
2045 4
2046 1
2047 4
2048 1
2049 3
2050 1
2051 4
2052 3
2053 2
2054 3
2055 3
2056 4
2057 3
2058 4
2059 4
2060 3
2061 1
2062 5
2063 2
2064 1
2065 4
2066 3
2067 2
2068 3
2069 4
2070 3
2071 2
2072 3
2073 2
2074 4
2075 5
2076 2
2077 2
2078 5
2079 4
2080 2
2081 4
2082 2
2083 3
2084 2
2085 2
2086 3
2087 3
2088 1
2089 3
2090 6
2091 4
2092 4
2093 4
2094 2
2095 1
2096 2
2097 2
2098 2
2099 4
2100 5
2101 5
2102 3
2103 3
2104 4
2105 3
2106 3
2107 2
2108 2
2109 1
2110 5
2111 3
2112 6
2113 4
2114 6
2115 2
2116 7
2117 3
2118 3
2119 4
2120 3
2121 3
2122 6
2123 4
2124 2
2125 3
2126 2
2127 1
2128 0
2129 2
2130 1
2131 0
2132 1
2133 1
2134 3
2135 5
2136 4
2137 1
2138 2
2139 3
2140 4
2141 2
2142 1
2143 1
2144 2
2145 1
2146 3
2147 3
2148 4
2149 3
2150 4
2151 2
2152 5
2153 4
2154 1
2155 4
2156 2
2157 3
2158 4
2159 2
2160 1
2161 4
2162 3
2163 3
2164 0
2165 3
2166 1
2167 2
2168 2
2169 2
2170 2
2171 2
2172 5
2173 0
2174 4
2175 5
2176 3
2177 3
2178 1
2179 6
2180 3
2181 0
2182 4
2183 2
2184 2
2185 1
2186 4
2187 4
2188 2
2189 2
2190 3
2191 3
2192 2
2193 1
2194 1
2195 3
2196 4
2197 2
2198 2
2199 2
2200 5
2201 3
2202 6
2203 4
2204 4
2205 3
2206 2
2207 5
2208 3
2209 1
2210 6
2211 4
2212 7
2213 3
2214 3
2215 2
2216 3
2217 1
2218 4
2219 3
2220 4
2221 3
2222 5
2223 2
2224 2
2225 3
2226 2
2227 1
2228 1
2229 1
2230 2
2231 2
2232 2
2233 4
2234 2
2235 5
2236 5
2237 4
2238 4
2239 2
2240 2
2241 5
2242 8
2243 2
2244 4
2245 1
2246 6
2247 1
2248 2
2249 1
2250 3
2251 2
2252 6
2253 1
2254 8
2255 4
2256 3
2257 5
2258 5
2259 3
2260 2
2261 3
2262 6
2263 4
2264 2
2265 5
2266 2
2267 2
2268 2
2269 4
2270 5
2271 6
2272 4
2273 1
2274 5
2275 5
2276 4
2277 5
2278 2
2279 1
2280 1
2281 5
2282 2
2283 4
2284 3
2285 5
2286 5
2287 2
2288 1
2289 4
2290 2
2291 3
2292 1
2293 2
2294 4
2295 1
2296 2
2297 4
2298 2
2299 1
2300 2
2301 4
2302 3
2303 4
2304 3
2305 2
2306 5
2307 3
2308 0
2309 5
2310 4
2311 1
2312 4
2313 4
2314 5
2315 2
2316 2
2317 5
2318 2
2319 5
2320 3
2321 2
2322 2
2323 1
2324 4
2325 0
2326 4
2327 1
2328 2
2329 1
2330 2
2331 5
2332 3
2333 3
2334 3
2335 4
2336 5
2337 4
2338 2
2339 3
2340 4
2341 3
2342 4
2343 2
2344 1
2345 1
2346 0
2347 1
2348 2
2349 2
2350 0
2351 3
2352 2
2353 1
2354 1
2355 5
2356 2
2357 2
2358 1
2359 3
2360 4
2361 2
2362 3
2363 2
2364 1
2365 0
2366 2
2367 4
2368 3
2369 1
2370 1
2371 1
2372 1
2373 1
2374 3
2375 3
2376 3
2377 1
2378 5
2379 4
2380 1
2381 2
2382 0
2383 3
2384 3
2385 2
2386 1
2387 2
2388 0
2389 1
2390 4
2391 2
2392 2
2393 4
2394 3
2395 2
2396 3
2397 0
2398 3
2399 1
2400 1
2401 4
2402 2
2403 3
2404 3
2405 2
2406 4
2407 1
2408 1
2409 3
2410 6
2411 3
2412 2
2413 2
2414 2
2415 2
2416 1
2417 1
2418 1
2419 2
2420 1
2421 0
2422 3
2423 1
2424 3
2425 2
2426 3
2427 1
2428 1
2429 0
2430 2
2431 3
2432 2
2433 3
2434 2
2435 2
2436 2
2437 1
2438 0
2439 3
2440 3
2441 3
2442 5
2443 4
2444 1
2445 2
2446 3
2447 2
2448 1
2449 2
2450 4
2451 5
2452 1
2453 3
2454 2
2455 2
2456 1
2457 3
2458 1
2459 2
2460 1
2461 1
2462 2
2463 2
2464 2
2465 1
2466 3
2467 1
2468 4
2469 2
2470 3
2471 6
2472 1
2473 4
2474 5
2475 4
2476 1
2477 4
2478 5
2479 4
2480 3
2481 1
2482 2
2483 1
2484 1
2485 4
2486 3
2487 3
2488 5
2489 3
2490 1
2491 6
2492 1
2493 3
2494 1
2495 3
2496 1
2497 2
2498 1
2499 1
2500 2
2501 2
2502 2
2503 2
2504 3
2505 3
2506 4
2507 3
2508 4
2509 4
2510 2
2511 4
2512 2
2513 5
2514 1
2515 5
2516 6
2517 2
2518 1
2519 3
2520 2
2521 1
2522 3
2523 1
2524 4
2525 4
2526 3
2527 2
2528 2
2529 3
2530 0
2531 5
2532 3
2533 2
2534 3
2535 2
2536 4
2537 2
2538 4
2539 4
2540 2
2541 0
2542 1
2543 3
2544 6
2545 4
2546 4
2547 3
2548 4
2549 4
2550 1
2551 2
2552 3
2553 3
2554 1
2555 6
2556 1
2557 1
2558 5
2559 5
2560 2
2561 5
2562 1
2563 4
2564 3
2565 2
2566 2
2567 1
2568 5
2569 2
2570 2
2571 3
2572 3
2573 3
2574 2
2575 3
2576 2
2577 2
2578 3
2579 1
2580 6
2581 3
2582 4
2583 7
2584 2
2585 4
2586 4
2587 2
2588 2
2589 0
2590 4
2591 5
2592 1
2593 0
2594 3
2595 3
2596 4
2597 2
2598 2
2599 2
2600 4
2601 0
2602 2
2603 4
2604 2
2605 5
2606 5
2607 5
2608 1
2609 5
2610 5
2611 1
2612 4
2613 7
2614 7
2615 6
2616 2
2617 3
2618 6
2619 5
2620 3
2621 2
2622 4
2623 2
2624 4
2625 2
2626 2
2627 3
2628 1
2629 1
2630 5
2631 8
2632 2
2633 2
2634 4
2635 5
2636 3
2637 4
2638 3
2639 4
2640 2
2641 3
2642 0
2643 2
2644 6
2645 1
2646 6
2647 4
2648 3
2649 2
2650 1
2651 3
2652 0
2653 3
2654 4
2655 4
2656 3
2657 1
2658 3
2659 5
2660 2
2661 2
2662 3
2663 4
2664 2
2665 2
2666 4
2667 1
2668 2
2669 4
2670 4
2671 2
2672 2
2673 4
2674 3
2675 2
2676 3
2677 1
2678 1
2679 6
2680 1
2681 2
2682 2
2683 2
2684 2
2685 2
2686 4
2687 6
2688 5
2689 3
2690 5
2691 1
2692 0
2693 4
2694 3
2695 4
2696 3
2697 4
2698 4
2699 1
2700 4
2701 3
2702 1
2703 6
2704 3
2705 6
2706 3
2707 8
2708 5
2709 5
2710 2
2711 4
2712 3
2713 1
2714 3
2715 3
2716 4
2717 4
2718 2
2719 1
2720 4
2721 3
2722 4
2723 0
2724 1
2725 1
2726 2
2727 3
2728 3
2729 4
2730 3
2731 5
2732 4
2733 2
2734 5
2735 4
2736 1
2737 5
2738 4
2739 2
2740 5
2741 2
2742 1
2743 2
2744 2
2745 3
2746 2
2747 4
2748 2
2749 5
2750 3
2751 2
2752 0
2753 2
2754 2
2755 0
2756 6
2757 6
2758 3
2759 5
2760 3
2761 3
2762 6
2763 7
2764 3
2765 0
2766 1
2767 2
2768 1
2769 5
2770 2
2771 5
2772 3
2773 1
2774 1
2775 4
2776 3
2777 0
2778 0
2779 0
2780 2
2781 3
2782 4
2783 3
2784 4
2785 5
2786 2
2787 1
2788 5
2789 5
2790 2
2791 3
2792 1
2793 3
2794 4
2795 3
2796 7
2797 4
2798 3
2799 3
2800 2
2801 1
2802 1
2803 3
2804 0
2805 3
2806 0
2807 4
2808 2
2809 2
2810 4
2811 4
2812 4
2813 3
2814 3
2815 3
2816 3
2817 6
2818 4
2819 3
2820 2
2821 1
2822 1
2823 2
2824 4
2825 1
2826 5
2827 1
2828 3
2829 2
2830 6
2831 1
2832 7
2833 5
2834 2
2835 6
2836 4
2837 2
2838 2
2839 2
2840 1
2841 1
2842 2
2843 3
2844 0
2845 3
2846 1
2847 2
2848 3
2849 2
2850 5
2851 2
2852 3
2853 6
2854 2
2855 3
2856 2
2857 2
2858 6
2859 4
2860 3
2861 4
2862 3
2863 2
2864 5
2865 2
2866 1
2867 2
2868 3
2869 2
2870 2
2871 4
2872 1
2873 1
2874 1
2875 4
2876 5
2877 7
2878 4
2879 5
2880 0
2881 4
2882 6
2883 4
2884 4
2885 2
2886 4
2887 3
2888 4
2889 2
2890 2
2891 2
2892 5
2893 2
2894 4
2895 6
2896 4
2897 3
2898 4
2899 8
2900 3
2901 6
2902 3
2903 5
2904 1
2905 0
2906 2
2907 4
2908 6
2909 6
2910 3
2911 4
2912 6
2913 6
2914 3
2915 3
2916 4
2917 3
2918 1
2919 2
2920 2
2921 2
2922 3
2923 3
2924 1
2925 0
2926 3
2927 2
2928 4
2929 3
2930 2
2931 5
2932 3
2933 4
2934 1
2935 2
2936 2
2937 1
2938 1
2939 4
2940 2
2941 3
2942 4
2943 1
2944 3
2945 2
2946 3
2947 1
2948 3
2949 4
2950 5
2951 3
2952 3
2953 4
2954 2
2955 1
2956 4
2957 5
2958 2
2959 3
2960 0
2961 0
2962 1
2963 2
2964 2
2965 2
2966 3
2967 5
2968 4
2969 1
2970 2
2971 2
2972 2
2973 2
2974 4
2975 3
2976 4
2977 5
2978 5
2979 2
2980 2
2981 5
2982 1
2983 2
2984 2
2985 4
2986 1
2987 2
2988 2
2989 3
2990 1
2991 1
2992 1
2993 0
2994 3
2995 0
2996 0
2997 5
2998 1
2999 3
3000 3
3001 0
3002 2
3003 0
3004 2
3005 2
3006 3
3007 5
3008 2
3009 2
3010 1
3011 1
3012 4
3013 2
3014 2
3015 3
3016 2
3017 3
3018 1
3019 4
3020 2
3021 2
3022 0
3023 1
3024 2
3025 2
3026 3
3027 2
3028 4
3029 2
3030 3
3031 3
3032 1
3033 1
3034 4
3035 1
3036 4
3037 0
3038 0
3039 2
3040 4
3041 2
3042 3
3043 4
3044 2
3045 0
3046 2
3047 1
3048 1
3049 2
3050 3
3051 2
3052 1
3053 2
3054 3
3055 2
3056 2
3057 1
3058 2
3059 2
3060 2
3061 2
3062 0
3063 2
3064 2
3065 2
3066 1
3067 2
3068 5
3069 2
3070 5
3071 4
3072 2
3073 1
3074 3
3075 4
3076 2
3077 4
3078 1
3079 3
3080 4
3081 2
3082 3
3083 3
3084 3
3085 1
3086 3
3087 5
3088 0
3089 6
3090 1
3091 2
3092 1
3093 3
3094 3
3095 4
3096 1
3097 2
3098 4
3099 2
3100 1
3101 2
3102 1
3103 0
3104 2
3105 0
3106 0
3107 2
3108 1
3109 1
3110 1
3111 3
3112 2
3113 0
3114 0
3115 0
3116 1
3117 3
3118 1
3119 2
3120 5
3121 2
3122 3
3123 1
3124 4
3125 1
3126 3
3127 1
3128 3
3129 0
3130 3
3131 3
3132 1
3133 4
3134 0
3135 2
3136 4
3137 1
3138 2
3139 2
3140 1
3141 1
3142 3
3143 4
3144 3
3145 3
3146 0
3147 2
3148 0
3149 1
3150 2
3151 1
3152 2
3153 4
3154 1
3155 1
3156 1
3157 0
3158 2
3159 3
3160 0
3161 0
3162 4
3163 3
3164 2
3165 1
3166 2
3167 1
3168 4
3169 4
3170 2
3171 1
3172 4
3173 2
3174 0
3175 3
3176 5
3177 1
3178 1
3179 1
3180 0
3181 2
3182 1
3183 2
3184 2
3185 1
3186 3
3187 1
3188 1
3189 3
3190 3
3191 3
3192 2
3193 0
3194 3
3195 4
3196 2
3197 3
3198 2
3199 2
3200 2
3201 5
3202 2
3203 3
3204 3
3205 3
3206 1
3207 1
3208 2
3209 1
3210 2
3211 2
3212 2
3213 3
3214 2
3215 3
3216 1
3217 1
3218 5
3219 1
3220 3
3221 2
3222 0
3223 1
3224 0
3225 1
3226 2
3227 3
3228 3
3229 4
3230 0
3231 2
3232 3
3233 4
3234 3
3235 0
3236 3
3237 1
3238 1
3239 4
3240 1
3241 2
3242 2
3243 2
3244 2
3245 2
3246 1
3247 1
3248 3
3249 3
3250 4
3251 5
3252 2
3253 5
3254 2
3255 3
3256 5
3257 0
3258 1
3259 1
3260 2
3261 0
3262 2
3263 3
3264 2
3265 0
3266 2
3267 5
3268 3
3269 3
3270 1
3271 3
3272 4
3273 2
3274 0
3275 4
3276 1
3277 1
3278 1
3279 2
3280 4
3281 4
3282 2
3283 3
3284 3
3285 3
3286 5
3287 2
3288 2
3289 1
3290 2
3291 1
3292 2
3293 2
3294 3
3295 3
3296 1
3297 4
3298 1
3299 3
3300 1
3301 0
3302 3
3303 1
3304 4
3305 2
3306 1
3307 2
3308 2
3309 0
3310 2
3311 3
3312 2
3313 2
3314 3
3315 2
3316 2
3317 3
3318 2
3319 1
3320 4
3321 0
3322 4
3323 3
3324 4
3325 2
3326 6
3327 3
3328 5
3329 2
3330 7
3331 2
3332 2
3333 1
3334 0
3335 0
3336 3
3337 3
3338 4
3339 3
3340 4
3341 4
3342 1
3343 0
3344 2
3345 1
3346 2
3347 3
3348 1
3349 2
3350 1
3351 4
3352 3
3353 3
3354 1
3355 3
3356 4
3357 2
3358 0
3359 3
3360 1
3361 2
3362 3
3363 2
3364 1
3365 1
3366 5
3367 3
3368 2
3369 3
3370 5
3371 4
3372 3
3373 6
3374 1
3375 5
3376 4
3377 5
3378 4
3379 4
3380 2
3381 5
3382 3
3383 0
3384 5
3385 5
3386 4
3387 4
3388 1
3389 3
3390 3
3391 0
3392 4
3393 4
3394 3
3395 6
3396 4
3397 2
3398 2
3399 4
3400 3
3401 0
3402 2
3403 4
3404 1
3405 1
3406 2
3407 2
3408 5
3409 3
3410 4
3411 5
3412 3
3413 5
3414 2
3415 5
3416 4
3417 1
3418 1
3419 4
3420 2
3421 4
3422 3
3423 4
3424 3
3425 3
3426 3
3427 1
3428 2
3429 1
3430 1
3431 3
3432 1
3433 3
3434 6
3435 2
3436 4
3437 0
3438 2
3439 2
3440 2
3441 3
3442 2
3443 4
3444 2
3445 3
3446 1
3447 3
3448 5
3449 1
3450 3
3451 1
3452 2
3453 4
3454 2
3455 4
3456 6
3457 2
3458 2
3459 5
3460 2
3461 4
3462 0
3463 4
3464 2
3465 6
3466 4
3467 4
3468 4
3469 6
3470 2
3471 3
3472 1
3473 2
3474 1
3475 3
3476 4
3477 5
3478 4
3479 3
3480 7
3481 7
3482 3
3483 3
3484 3
3485 3
3486 6
3487 0
3488 2
3489 3
3490 2
3491 2
3492 2
3493 3
3494 2
3495 2
3496 2
3497 1
3498 3
3499 3
3500 1
3501 3
3502 1
3503 6
3504 1
3505 4
3506 1
3507 3
3508 2
3509 2
3510 5
3511 3
3512 1
3513 1
3514 4
3515 5
3516 4
3517 2
3518 0
3519 4
3520 2
3521 3
3522 4
3523 1
3524 3
3525 1
3526 2
3527 4
3528 3
3529 2
3530 0
3531 2
3532 2
3533 2
3534 3
3535 5
3536 3
3537 4
3538 3
3539 5
3540 2
3541 5
3542 1
3543 2
3544 2
3545 3
3546 2
3547 1
3548 3
3549 1
3550 5
3551 5
3552 1
3553 3
3554 5
3555 3
3556 4
3557 2
3558 2
3559 2
3560 2
3561 2
3562 3
3563 1
3564 3
3565 2
3566 3
3567 3
3568 1
3569 1
3570 1
3571 3
3572 1
3573 2
3574 5
3575 0
3576 2
3577 3
3578 0
3579 2
3580 6
3581 2
3582 3
3583 1
3584 0
3585 1
3586 4
3587 1
3588 2
3589 2
3590 5
3591 6
3592 2
3593 5
3594 6
3595 4
3596 5
3597 6
3598 1
3599 5
3600 1
3601 3
3602 5
3603 1
3604 2
3605 4
3606 1
3607 2
3608 1
3609 2
3610 3
3611 1
3612 2
3613 0
3614 4
3615 2
3616 2
3617 3
3618 3
3619 3
3620 4
3621 6
3622 3
3623 2
3624 2
3625 1
3626 3
3627 2
3628 4
3629 2
3630 2
3631 1
3632 2
3633 4
3634 2
3635 2
3636 4
3637 3
3638 1
3639 3
3640 3
3641 3
3642 1
3643 2
3644 2
3645 2
3646 3
3647 1
3648 1
3649 4
3650 2
3651 1
3652 3
3653 2
3654 5
3655 3
3656 4
3657 0
3658 2
3659 2
3660 0
3661 1
3662 1
3663 3
3664 3
3665 3
3666 2
3667 4
3668 4
3669 2
3670 3
3671 3
3672 1
3673 4
3674 1
3675 2
3676 3
3677 3
3678 2
3679 1
3680 3
3681 0
3682 2
3683 3
3684 4
3685 3
3686 0
3687 3
3688 4
3689 3
3690 3
3691 2
3692 3
3693 2
3694 2
3695 2
3696 2
3697 3
3698 3
3699 3
3700 0
3701 7
3702 6
3703 4
3704 4
3705 3
3706 3
3707 3
3708 1
3709 3
3710 3
3711 3
3712 6
3713 2
3714 0
3715 3
3716 4
3717 4
3718 3
3719 3
3720 2
3721 3
3722 3
3723 0
3724 5
3725 2
3726 4
3727 2
3728 4
3729 5
3730 4
3731 3
3732 3
3733 4
3734 3
3735 2
3736 3
3737 3
3738 7
3739 2
3740 1
3741 4
3742 3
3743 3
3744 3
3745 2
3746 6
3747 4
3748 1
3749 3
3750 7
3751 3
3752 4
3753 4
3754 5
3755 1
3756 4
3757 5
3758 0
3759 2
3760 4
3761 2
3762 3
3763 4
3764 4
3765 3
3766 2
3767 2
3768 4
3769 4
3770 4
3771 1
3772 1
3773 1
3774 3
3775 1
3776 2
3777 2
3778 6
3779 7
3780 2
3781 3
3782 5
3783 6
3784 5
3785 2
3786 1
3787 1
3788 3
3789 4
3790 1
3791 4
3792 3
3793 6
3794 4
3795 3
3796 4
3797 3
3798 2
3799 2
3800 1
3801 7
3802 6
3803 3
3804 0
3805 1
3806 1
3807 3
3808 3
3809 5
3810 2
3811 4
3812 1
3813 1
3814 1
3815 1
3816 2
3817 3
3818 2
3819 3
3820 4
3821 4
3822 4
3823 3
3824 4
3825 1
3826 2
3827 0
3828 5
3829 1
3830 2
3831 2
3832 0
3833 2
3834 1
3835 4
3836 2
3837 1
3838 3
3839 4
3840 3
3841 3
3842 3
3843 3
3844 6
3845 4
3846 5
3847 1
3848 3
3849 3
3850 2
3851 4
3852 2
3853 2
3854 4
3855 1
3856 4
3857 3
3858 4
3859 2
3860 5
3861 0
3862 2
3863 3
3864 0
3865 3
3866 2
3867 4
3868 2
3869 1
3870 2
3871 2
3872 4
3873 2
3874 2
3875 1
3876 4
3877 1
3878 3
3879 3
3880 3
3881 3
3882 2
3883 4
3884 3
3885 3
3886 5
3887 1
3888 2
3889 3
3890 3
3891 1
3892 3
3893 3
3894 4
3895 3
3896 3
3897 3
3898 1
3899 1
3900 1
3901 1
3902 1
3903 2
3904 2
3905 1
3906 3
3907 3
3908 2
3909 2
3910 1
3911 5
3912 3
3913 1
3914 5
3915 8
3916 3
3917 3
3918 3
3919 2
3920 1
3921 3
3922 4
3923 4
3924 3
3925 2
3926 3
3927 4
3928 2
3929 3
3930 1
3931 2
3932 3
3933 1
3934 2
3935 3
3936 0
3937 2
3938 4
3939 3
3940 2
3941 4
3942 4
3943 3
3944 2
3945 4
3946 3
3947 4
3948 2
3949 5
3950 5
3951 2
3952 4
3953 3
3954 1
3955 4
3956 5
3957 3
3958 4
3959 4
3960 3
3961 6
3962 3
3963 1
3964 4
3965 1
3966 4
3967 8
3968 4
3969 2
3970 4
3971 3
3972 3
3973 3
3974 3
3975 1
3976 3
3977 2
3978 2
3979 5
3980 3
3981 4
3982 2
3983 5
3984 2
3985 2
3986 2
3987 3
3988 4
3989 1
3990 3
3991 3
3992 4
3993 4
3994 6
3995 3
3996 4
3997 3
3998 2
3999 4
4000 1
4001 3
4002 4
4003 1
4004 3
4005 1
4006 3
4007 3
4008 4
4009 2
4010 2
4011 1
4012 1
4013 3
4014 5
4015 2
4016 4
4017 4
4018 4
4019 3
4020 2
4021 1
4022 4
4023 1
4024 2
4025 1
4026 4
4027 4
4028 3
4029 3
4030 3
4031 2
4032 2
4033 0
4034 4
4035 3
4036 1
4037 3
4038 2
4039 1
4040 3
4041 1
4042 3
4043 1
4044 2
4045 1
4046 2
4047 0
4048 2
4049 2
4050 1
4051 2
4052 2
4053 3
4054 1
4055 1
4056 1
4057 1
4058 2
4059 1
4060 3
4061 2
4062 2
4063 1
4064 3
4065 3
4066 3
4067 3
4068 0
4069 2
4070 1
4071 1
4072 2
4073 3
4074 0
4075 2
4076 1
4077 0
4078 1
4079 1
4080 1
4081 1
4082 1
4083 2
4084 4
4085 1
4086 1
4087 2
4088 1
4089 4
4090 4
4091 2
4092 3
4093 2
4094 1
4095 3
4096 1
4097 1
4098 0
4099 2
4100 2
4101 1
4102 4
4103 3
4104 1
4105 4
4106 4
4107 2
4108 1
4109 1
4110 2
4111 2
4112 0
4113 2
4114 0
4115 1
4116 3
4117 2
4118 3
4119 2
4120 2
4121 1
4122 2
4123 5
4124 5
4125 2
4126 2
4127 1
4128 0
4129 2
4130 4
4131 0
4132 2
4133 1
4134 0
4135 0
4136 1
4137 2
4138 1
4139 2
4140 4
4141 3
4142 3
4143 2
4144 2
4145 0
4146 1
4147 3
4148 2
4149 2
4150 1
4151 2
4152 6
4153 2
4154 2
4155 1
4156 2
4157 3
4158 4
4159 4
4160 2
4161 3
4162 2
4163 6
4164 4
4165 2
4166 2
4167 4
4168 1
4169 1
4170 3
4171 3
4172 3
4173 0
4174 2
4175 1
4176 2
4177 1
4178 2
4179 1
4180 3
4181 6
4182 1
4183 5
4184 4
4185 4
4186 3
4187 2
4188 4
4189 4
4190 3
4191 2
4192 6
4193 4
4194 1
4195 1
4196 2
4197 3
4198 0
4199 1
4200 2
4201 5
4202 1
4203 3
4204 2
4205 4
4206 4
4207 1
4208 3
4209 4
4210 5
4211 2
4212 4
4213 0
4214 1
4215 3
4216 2
4217 3
4218 1
4219 2
4220 4
4221 2
4222 4
4223 1
4224 1
4225 3
4226 3
4227 2
4228 2
4229 1
4230 1
4231 0
4232 2
4233 2
4234 1
4235 4
4236 2
4237 2
4238 3
4239 3
4240 2
4241 3
4242 1
4243 1
4244 1
4245 2
4246 1
4247 2
4248 2
4249 1
4250 1
4251 4
4252 2
4253 2
4254 3
4255 1
4256 4
4257 3
4258 3
4259 3
4260 2
4261 2
4262 3
4263 2
4264 4
4265 2
4266 0
4267 3
4268 3
4269 1
4270 3
4271 2
4272 0
4273 2
4274 2
4275 1
4276 4
4277 2
4278 1
4279 3
4280 4
4281 2
4282 1
4283 2
4284 3
4285 3
4286 3
4287 3
4288 2
4289 3
4290 1
4291 4
4292 2
4293 3
4294 4
4295 4
4296 2
4297 2
4298 4
4299 3
4300 4
4301 6
4302 3
4303 2
4304 2
4305 1
4306 2
4307 4
4308 3
4309 3
4310 1
4311 3
4312 3
4313 2
4314 2
4315 1
4316 4
4317 3
4318 2
4319 3
4320 3
4321 0
4322 1
4323 4
4324 0
4325 0
4326 4
4327 1
4328 2
4329 0
4330 1
4331 2
4332 1
4333 1
4334 4
4335 0
4336 4
4337 0
4338 3
4339 1
4340 5
4341 5
4342 1
4343 3
4344 3
4345 3
4346 2
4347 2
4348 2
4349 5
4350 3
4351 1
4352 1
4353 5
4354 1
4355 1
4356 3
4357 2
4358 2
4359 4
4360 4
4361 3
4362 1
4363 2
4364 4
4365 7
4366 1
4367 1
4368 0
4369 6
4370 2
4371 2
4372 3
4373 0
4374 0
4375 0
4376 1
4377 3
4378 3
4379 1
4380 4
4381 0
4382 5
4383 6
4384 1
4385 4
4386 2
4387 3
4388 3
4389 7
4390 4
4391 1
4392 2
4393 0
4394 2
4395 1
4396 3
4397 2
4398 1
4399 1
4400 3
4401 5
4402 2
4403 1
4404 5
4405 3
4406 5
4407 0
4408 2
4409 3
4410 2
4411 2
4412 5
4413 4
4414 3
4415 1
4416 2
4417 4
4418 4
4419 0
4420 3
4421 2
4422 5
4423 6
4424 2
4425 6
4426 3
4427 3
4428 3
4429 4
4430 3
4431 3
4432 2
4433 7
4434 3
4435 1
4436 3
4437 2
4438 2
4439 4
4440 6
4441 2
4442 2
4443 1
4444 2
4445 2
4446 3
4447 2
4448 5
4449 4
4450 2
4451 3
4452 4
4453 2
4454 4
4455 4
4456 3
4457 1
4458 6
4459 2
4460 3
4461 1
4462 2
4463 1
4464 4
4465 4
4466 2
4467 2
4468 3
4469 1
4470 2
4471 3
4472 1
4473 6
4474 5
4475 6
4476 3
4477 6
4478 1
4479 1
4480 1
4481 1
4482 2
4483 8
4484 1
4485 2
4486 3
4487 4
4488 1
4489 0
4490 2
4491 3
4492 5
4493 0
4494 2
4495 4
4496 5
4497 4
4498 1
4499 2
4500 2
4501 3
4502 1
4503 2
4504 4
4505 4
4506 2
4507 1
4508 4
4509 1
4510 3
4511 4
4512 1
4513 1
4514 1
4515 2
4516 1
4517 3
4518 3
4519 2
4520 1
4521 1
4522 3
4523 4
4524 1
4525 1
4526 1
4527 3
4528 1
4529 2
4530 3
4531 1
4532 5
4533 3
4534 1
4535 1
4536 2
4537 5
4538 2
4539 0
4540 1
4541 2
4542 1
4543 1
4544 1
4545 0
4546 2
4547 0
4548 1
4549 1
4550 0
4551 0
4552 1
4553 0
4554 0
4555 1
4556 3
4557 3
4558 3
4559 2
4560 1
4561 1
4562 4
4563 3
4564 1
4565 1
4566 3
4567 4
4568 3
4569 3
4570 4
4571 2
4572 2
4573 2
4574 2
4575 1
4576 4
4577 3
4578 3
4579 1
4580 2
4581 2
4582 1
4583 1
4584 2
4585 3
4586 2
4587 2
4588 2
4589 0
4590 2
4591 3
4592 2
4593 4
4594 4
4595 2
4596 1
4597 2
4598 2
4599 2
4600 3
4601 3
4602 1
4603 0
4604 1
4605 2
4606 1
4607 1
4608 4
4609 0
4610 1
4611 2
4612 2
4613 2
4614 2
4615 2
4616 2
4617 1
4618 4
4619 0
4620 6
4621 4
4622 4
4623 3
4624 3
4625 3
4626 2
4627 4
4628 1
4629 4
4630 3
4631 2
4632 2
4633 1
4634 4
4635 0
4636 1
4637 0
4638 3
4639 4
4640 1
4641 1
4642 2
4643 2
4644 2
4645 2
4646 2
4647 5
4648 1
4649 5
4650 3
4651 2
4652 3
4653 1
4654 0
4655 2
4656 2
4657 4
4658 2
4659 2
4660 1
4661 3
4662 4
4663 1
4664 1
4665 1
4666 0
4667 1
4668 0
4669 2
4670 0
4671 2
4672 2
4673 0
4674 2
4675 1
4676 1
4677 3
4678 2
4679 2
4680 3
4681 3
4682 2
4683 3
4684 4
4685 1
4686 5
4687 1
4688 1
4689 1
4690 2
4691 2
4692 4
4693 3
4694 0
4695 2
4696 1
4697 1
4698 6
4699 2
4700 3
4701 3
4702 1
4703 2
4704 0
4705 1
4706 3
4707 1
4708 1
4709 2
4710 5
4711 3
4712 3
4713 2
4714 1
4715 1
4716 1
4717 1
4718 1
4719 2
4720 1
4721 3
4722 2
4723 3
4724 1
4725 1
4726 0
4727 1
4728 5
4729 4
4730 3
4731 3
4732 1
4733 2
4734 2
4735 2
4736 2
4737 1
4738 2
4739 1
4740 0
4741 3
4742 2
4743 0
4744 2
4745 0
4746 1
4747 3
4748 3
4749 4
4750 1
4751 2
4752 2
4753 1
4754 2
4755 2
4756 1
4757 2
4758 0
4759 2
4760 3
4761 4
4762 1
4763 1
4764 4
4765 2
4766 2
4767 1
4768 2
4769 2
4770 2
4771 1
4772 1
4773 0
4774 1
4775 3
4776 2
4777 2
4778 3
4779 2
4780 3
4781 3
4782 1
4783 1
4784 1
4785 3
4786 4
4787 4
4788 2
4789 4
4790 1
4791 6
4792 4
4793 4
4794 4
4795 4
4796 2
4797 4
4798 5
4799 3
4800 4
4801 1
4802 3
4803 2
4804 5
4805 5
4806 3
4807 3
4808 5
4809 2
4810 2
4811 3
4812 5
4813 2
4814 4
4815 2
4816 0
4817 3
4818 2
4819 4
4820 2
4821 2
4822 4
4823 3
4824 1
4825 0
4826 4
4827 1
4828 3
4829 4
4830 3
4831 4
4832 5
4833 3
4834 4
4835 4
4836 4
4837 4
4838 4
4839 5
4840 2
4841 3
4842 2
4843 6
4844 3
4845 2
4846 4
4847 1
4848 4
4849 1
4850 2
4851 4
4852 5
4853 3
4854 4
4855 3
4856 2
4857 3
4858 1
4859 2
4860 1
4861 1
4862 1
4863 3
4864 3
4865 5
4866 2
4867 3
4868 1
4869 2
4870 3
4871 1
4872 4
4873 0
4874 3
4875 1
4876 1
4877 4
4878 2
4879 0
4880 2
4881 3
4882 6
4883 2
4884 2
4885 2
4886 5
4887 3
4888 1
4889 0
4890 1
4891 3
4892 2
4893 3
4894 4
4895 3
4896 1
4897 1
4898 5
4899 2
4900 2
4901 0
4902 4
4903 1
4904 4
4905 4
4906 1
4907 1
4908 2
4909 0
4910 2
4911 1
4912 2
4913 4
4914 3
4915 2
4916 3
4917 4
4918 1
4919 3
4920 2
4921 4
4922 2
4923 1
4924 3
4925 2
4926 2
4927 1
4928 3
4929 1
4930 6
4931 4
4932 2
4933 1
4934 4
4935 3
4936 4
4937 2
4938 5
4939 3
4940 0
4941 3
4942 2
4943 1
4944 1
4945 4
4946 3
4947 1
4948 4
4949 4
4950 0
4951 1
4952 0
4953 1
4954 2
4955 3
4956 4
4957 1
4958 3
4959 3
4960 0
4961 2
4962 3
4963 2
4964 3
4965 1
4966 0
4967 0
4968 1
4969 4
4970 2
4971 5
4972 4
4973 2
4974 0
4975 1
4976 2
4977 3
4978 4
4979 3
4980 0
4981 1
4982 1
4983 2
4984 3
4985 0
4986 4
4987 3
4988 0
4989 1
4990 1
4991 1
4992 1
4993 3
4994 0
4995 5
4996 4
4997 2
4998 1
4999 1
5000 2
5001 1
5002 1
5003 2
5004 1
5005 2
5006 5
5007 3
5008 6
5009 0
5010 2
5011 1
5012 1
5013 2
5014 0
5015 3
5016 6
5017 0
5018 3
5019 1
5020 1
5021 1
5022 1
5023 1
5024 4
5025 3
5026 2
5027 1
5028 5
5029 4
5030 2
5031 4
5032 3
5033 0
5034 0
5035 2
5036 3
5037 1
5038 2
5039 2
5040 2
5041 3
5042 2
5043 3
5044 2
5045 2
5046 1
5047 4
5048 3
5049 1
5050 3
5051 0
5052 1
5053 4
5054 1
5055 2
5056 4
5057 3
5058 3
5059 1
5060 4
5061 1
5062 5
5063 2
5064 2
5065 3
5066 6
5067 3
5068 0
5069 1
5070 3
5071 1
5072 2
5073 1
5074 1
5075 4
5076 6
5077 3
5078 2
5079 3
5080 3
5081 2
5082 1
5083 2
5084 2
5085 5
5086 2
5087 3
5088 2
5089 4
5090 4
5091 2
5092 6
5093 1
5094 4
5095 2
5096 1
5097 3
5098 1
5099 1
5100 1
5101 1
5102 1
5103 5
5104 4
5105 3
5106 3
5107 3
5108 5
5109 2
5110 1
5111 3
5112 7
5113 6
5114 1
5115 3
5116 4
5117 1
5118 2
5119 7
5120 1
5121 2
5122 3
5123 3
5124 4
5125 1
5126 2
5127 1
5128 3
5129 2
5130 3
5131 4
5132 4
5133 1
5134 3
5135 5
5136 4
5137 1
5138 4
5139 2
5140 3
5141 2
5142 2
5143 2
5144 5
5145 1
5146 1
5147 2
5148 3
5149 1
5150 3
5151 6
5152 5
5153 4
5154 4
5155 2
5156 4
5157 4
5158 3
5159 3
5160 4
5161 5
5162 1
5163 5
5164 1
5165 4
5166 5
5167 8
5168 1
5169 6
5170 1
5171 0
5172 1
5173 4
5174 4
5175 1
5176 2
5177 4
5178 1
5179 3
5180 1
5181 3
5182 4
5183 4
5184 2
5185 3
5186 4
5187 1
5188 0
5189 1
5190 1
5191 0
5192 5
5193 2
5194 5
5195 0
5196 0
5197 3
5198 3
5199 1
5200 0
5201 2
5202 5
5203 5
5204 4
5205 3
5206 3
5207 2
5208 0
5209 1
5210 1
5211 4
5212 1
5213 2
5214 7
5215 4
5216 1
5217 2
5218 1
5219 2
5220 2
5221 0
5222 4
5223 0
5224 0
5225 3
5226 2
5227 4
5228 1
5229 1
5230 2
5231 1
5232 2
5233 1
5234 7
5235 3
5236 4
5237 2
5238 4
5239 0
5240 2
5241 4
5242 3
5243 5
5244 4
5245 3
5246 2
5247 2
5248 3
5249 3
5250 1
5251 1
5252 2
5253 5
5254 2
5255 4
5256 2
5257 1
5258 3
5259 6
5260 3
5261 1
5262 3
5263 2
5264 1
5265 5
5266 4
5267 4
5268 4
5269 2
5270 5
5271 2
5272 2
5273 1
5274 1
5275 3
5276 3
5277 3
5278 2
5279 2
5280 2
5281 1
5282 1
5283 2
5284 4
5285 1
5286 2
5287 0
5288 1
5289 1
5290 1
5291 5
5292 2
5293 5
5294 4
5295 3
5296 3
5297 3
5298 1
5299 3
5300 3
5301 3
5302 1
5303 5
5304 3
5305 2
5306 4
5307 2
5308 2
5309 2
5310 2
5311 6
5312 4
5313 2
5314 2
5315 5
5316 1
5317 2
5318 1
5319 5
5320 8
5321 3
5322 5
5323 1
5324 2
5325 2
5326 0
5327 2
5328 1
5329 3
5330 3
5331 1
5332 5
5333 3
5334 2
5335 1
5336 1
5337 3
5338 2
5339 3
5340 3
5341 2
5342 3
5343 1
5344 0
5345 3
5346 4
5347 4
5348 2
5349 2
5350 1
5351 6
5352 2
5353 8
5354 4
5355 1
5356 3
5357 3
5358 5
5359 2
5360 2
5361 5
5362 5
5363 5
5364 0
5365 0
5366 4
5367 1
5368 3
5369 1
5370 4
5371 2
5372 1
5373 1
5374 2
5375 1
5376 0
5377 3
5378 3
5379 4
5380 6
5381 1
5382 4
5383 3
5384 2
5385 2
5386 2
5387 3
5388 2
5389 3
5390 4
5391 2
5392 3
5393 2
5394 4
5395 4
5396 3
5397 6
5398 1
5399 4
5400 2
5401 4
5402 3
5403 2
5404 5
5405 2
5406 4
5407 1
5408 2
5409 2
5410 3
5411 2
5412 1
5413 1
5414 0
5415 3
5416 3
5417 2
5418 3
5419 2
5420 3
5421 1
5422 3
5423 4
5424 3
5425 3
5426 2
5427 3
5428 5
5429 6
5430 2
5431 0
5432 3
5433 3
5434 4
5435 1
5436 3
5437 1
5438 2
5439 2
5440 2
5441 2
5442 4
5443 4
5444 2
5445 5
5446 1
5447 1
5448 3
5449 4
5450 5
5451 2
5452 4
5453 4
5454 2
5455 4
5456 2
5457 5
5458 2
5459 3
5460 2
5461 4
5462 3
5463 6
5464 2
5465 3
5466 2
5467 6
5468 3
5469 3
5470 2
5471 1
5472 6
5473 3
5474 3
5475 5
5476 1
5477 2
5478 2
5479 2
5480 1
5481 2
5482 2
5483 4
5484 3
5485 3
5486 4
5487 8
5488 5
5489 4
5490 2
5491 5
5492 5
5493 5
5494 5
5495 2
5496 6
5497 5
5498 3
5499 4
5500 7
5501 3
5502 2
5503 3
5504 1
5505 4
5506 2
5507 1
5508 1
5509 4
5510 2
5511 4
5512 2
5513 3
5514 6
5515 2
5516 1
5517 4
5518 3
5519 2
5520 3
5521 2
5522 0
5523 3
5524 3
5525 5
5526 6
5527 3
5528 2
5529 4
5530 5
5531 4
5532 1
5533 4
5534 4
5535 3
5536 4
5537 4
5538 3
5539 2
5540 3
5541 8
5542 1
5543 7
5544 3
5545 4
5546 3
5547 2
5548 5
5549 5
5550 2
5551 4
5552 5
5553 6
5554 3
5555 6
5556 4
5557 1
5558 7
5559 2
5560 7
5561 4
5562 1
5563 1
5564 3
5565 1
5566 1
5567 2
5568 1
5569 4
5570 3
5571 5
5572 2
5573 1
5574 1
5575 1
5576 3
5577 2
5578 1
5579 3
5580 2
5581 3
5582 1
5583 2
5584 2
5585 2
5586 2
5587 3
5588 1
5589 4
5590 2
5591 1
5592 1
5593 3
5594 2
5595 3
5596 2
5597 2
5598 3
5599 4
5600 4
5601 1
5602 1
5603 3
5604 4
5605 4
5606 5
5607 1
5608 1
5609 1
5610 2
5611 2
5612 3
5613 0
5614 3
5615 3
5616 3
5617 1
5618 2
5619 3
5620 4
5621 2
5622 2
5623 1
5624 1
5625 1
5626 1
5627 3
5628 2
5629 2
5630 3
5631 4
5632 2
5633 2
5634 6
5635 1
5636 2
5637 2
5638 1
5639 2
5640 1
5641 2
5642 1
5643 1
5644 2
5645 2
5646 2
5647 5
5648 2
5649 2
5650 3
5651 0
5652 1
5653 2
5654 2
5655 3
5656 1
5657 2
5658 2
5659 8
5660 8
5661 5
5662 3
5663 2
5664 4
5665 1
5666 2
5667 1
5668 2
5669 1
5670 4
5671 5
5672 4
5673 1
5674 2
5675 2
5676 4
5677 1
5678 4
5679 3
5680 6
5681 5
5682 5
5683 5
5684 3
5685 5
5686 2
5687 5
5688 3
5689 4
5690 6
5691 1
5692 2
5693 2
5694 8
5695 5
5696 4
5697 4
5698 4
5699 2
5700 3
5701 3
5702 3
5703 1
5704 5
5705 3
5706 1
5707 3
5708 2
5709 3
5710 3
5711 2
5712 3
5713 3
5714 4
5715 3
5716 2
5717 4
5718 4
5719 2
5720 0
5721 2
5722 4
5723 5
5724 2
5725 6
5726 5
5727 2
5728 4
5729 1
5730 0
5731 1
5732 2
5733 3
5734 7
5735 5
5736 2
5737 2
5738 1
5739 2
5740 3
5741 3
5742 2
5743 3
5744 2
5745 0
5746 4
5747 5
5748 1
5749 1
5750 3
5751 2
5752 3
5753 1
5754 2
5755 3
5756 3
5757 4
5758 2
5759 3
5760 5
5761 0
5762 2
5763 2
5764 1
5765 0
5766 2
5767 2
5768 3
5769 4
5770 1
5771 2
5772 3
5773 3
5774 4
5775 4
5776 2
5777 4
5778 1
5779 1
5780 1
5781 2
5782 5
5783 3
5784 3
5785 2
5786 4
5787 2
5788 3
5789 2
5790 1
5791 1
5792 4
5793 1
5794 1
5795 2
5796 3
5797 2
5798 0
5799 4
5800 1
5801 3
5802 1
5803 1
5804 2
5805 1
5806 3
5807 4
5808 3
5809 3
5810 3
5811 2
5812 1
5813 1
5814 2
5815 3
5816 3
5817 3
5818 1
5819 1
5820 2
5821 0
5822 1
5823 0
5824 2
5825 3
5826 3
5827 0
5828 0
5829 3
5830 2
5831 3
5832 0
5833 3
5834 1
5835 3
5836 1
5837 3
5838 0
5839 2
5840 2
5841 3
5842 2
5843 4
5844 2
5845 3
5846 3
5847 4
5848 3
5849 1
5850 2
5851 5
5852 5
5853 2
5854 3
5855 2
5856 4
5857 2
5858 1
5859 3
5860 4
5861 4
5862 4
5863 2
5864 4
5865 2
5866 1
5867 0
5868 2
5869 0
5870 0
5871 3
5872 0
5873 2
5874 2
5875 3
5876 5
5877 3
5878 2
5879 2
5880 1
5881 5
5882 4
5883 2
5884 2
5885 5
5886 2
5887 5
5888 5
5889 2
5890 4
5891 2
5892 5
5893 4
5894 2
5895 4
5896 2
5897 2
5898 2
5899 2
5900 1
5901 3
5902 2
5903 2
5904 5
5905 4
5906 2
5907 5
5908 2
5909 7
5910 3
5911 5
5912 2
5913 0
5914 2
5915 2
5916 3
5917 3
5918 2
5919 3
5920 3
5921 2
5922 1
5923 2
5924 2
5925 4
5926 1
5927 4
5928 2
5929 3
5930 2
5931 2
5932 3
5933 4
5934 2
5935 4
5936 2
5937 3
5938 3
5939 4
5940 4
5941 3
5942 2
5943 3
5944 0
5945 1
5946 1
5947 7
5948 4
5949 3
5950 1
5951 2
5952 2
5953 2
5954 1
5955 1
5956 2
5957 4
5958 4
5959 6
5960 3
5961 2
5962 3
5963 2
5964 0
5965 4
5966 3
5967 0
5968 4
5969 3
5970 2
5971 2
5972 4
5973 6
5974 2
5975 3
5976 3
5977 1
5978 3
5979 2
5980 2
5981 4
5982 2
5983 2
5984 2
5985 1
5986 0
5987 3
5988 3
5989 5
5990 2
5991 1
5992 2
5993 2
5994 4
5995 5
5996 3
5997 2
5998 2
5999 4
6000 5
6001 3
6002 4
6003 5
6004 4
6005 3
6006 2
6007 1
6008 5
6009 1
6010 2
6011 1
6012 4
6013 1
6014 3
6015 5
6016 2
6017 3
6018 7
6019 3
6020 3
6021 3
6022 2
6023 1
6024 2
6025 3
6026 1
6027 1
6028 2
6029 3
6030 2
6031 2
6032 2
6033 1
6034 4
6035 1
6036 1
6037 0
6038 1
6039 4
6040 2
6041 6
6042 4
6043 4
6044 4
6045 2
6046 3
6047 3
6048 2
6049 2
6050 0
6051 0
6052 0
6053 1
6054 1
6055 3
6056 5
6057 2
6058 2
6059 3
6060 4
6061 4
6062 1
6063 2
6064 2
6065 3
6066 2
6067 1
6068 5
6069 1
6070 2
6071 2
6072 2
6073 1
6074 4
6075 1
6076 5
6077 3
6078 4
6079 3
6080 4
6081 3
6082 4
6083 2
6084 4
6085 2
6086 3
6087 1
6088 1
6089 5
6090 4
6091 1
6092 1
6093 1
6094 2
6095 5
6096 5
6097 1
6098 3
6099 5
6100 1
6101 2
6102 3
6103 1
6104 3
6105 4
6106 3
6107 3
6108 6
6109 5
6110 4
6111 3
6112 6
6113 3
6114 5
6115 5
6116 4
6117 2
6118 3
6119 1
6120 4
6121 5
6122 0
6123 4
6124 3
6125 3
6126 3
6127 2
6128 3
6129 7
6130 3
6131 6
6132 2
6133 2
6134 4
6135 4
6136 4
6137 4
6138 3
6139 1
6140 4
6141 4
6142 4
6143 6
6144 1
6145 4
6146 7
6147 0
6148 4
6149 4
6150 1
6151 3
6152 5
6153 2
6154 4
6155 3
6156 3
6157 4
6158 2
6159 3
6160 2
6161 0
6162 4
6163 2
6164 4
6165 3
6166 4
6167 2
6168 2
6169 4
6170 5
6171 4
6172 2
6173 0
6174 4
6175 3
6176 5
6177 5
6178 4
6179 5
6180 2
6181 1
6182 3
6183 4
6184 4
6185 1
6186 1
6187 4
6188 1
6189 2
6190 0
6191 2
6192 3
6193 4
6194 2
6195 2
6196 2
6197 3
6198 4
6199 3
6200 5
6201 1
6202 1
6203 0
6204 3
6205 5
6206 3
6207 2
6208 4
6209 4
6210 2
6211 3
6212 2
6213 3
6214 2
6215 2
6216 3
6217 3
6218 4
6219 4
6220 3
6221 1
6222 5
6223 4
6224 5
6225 2
6226 3
6227 3
6228 5
6229 1
6230 3
6231 3
6232 4
6233 3
6234 4
6235 0
6236 2
6237 3
6238 1
6239 6
6240 5
6241 3
6242 3
6243 4
6244 3
6245 8
6246 2
6247 5
6248 3
6249 3
6250 5
6251 4
6252 2
6253 3
6254 1
6255 2
6256 2
6257 2
6258 4
6259 5
6260 5
6261 4
6262 1
6263 2
6264 3
6265 4
6266 1
6267 1
6268 2
6269 4
6270 3
6271 4
6272 3
6273 1
6274 2
6275 5
6276 4
6277 5
6278 2
6279 1
6280 2
6281 5
6282 3
6283 6
6284 4
6285 3
6286 4
6287 4
6288 3
6289 3
6290 3
6291 2
6292 4
6293 4
6294 5
6295 2
6296 1
6297 3
6298 1
6299 2
6300 1
6301 0
6302 4
6303 2
6304 3
6305 2
6306 2
6307 3
6308 3
6309 4
6310 1
6311 3
6312 2
6313 1
6314 1
6315 3
6316 3
6317 6
6318 5
6319 4
6320 6
6321 2
6322 2
6323 5
6324 4
6325 4
6326 2
6327 3
6328 3
6329 2
6330 4
6331 5
6332 1
6333 1
6334 2
6335 1
6336 2
6337 3
6338 2
6339 1
6340 3
6341 2
6342 2
6343 2
6344 7
6345 3
6346 5
6347 3
6348 3
6349 3
6350 5
6351 9
6352 4
6353 1
6354 5
6355 1
6356 2
6357 5
6358 1
6359 6
6360 2
6361 3
6362 3
6363 1
6364 1
6365 3
6366 3
6367 3
6368 5
6369 1
6370 1
6371 4
6372 2
6373 3
6374 4
6375 0
6376 2
6377 1
6378 2
6379 2
6380 2
6381 1
6382 2
6383 0
6384 1
6385 3
6386 5
6387 3
6388 4
6389 3
6390 2
6391 6
6392 4
6393 1
6394 5
6395 1
6396 3
6397 0
6398 4
6399 2
6400 1
6401 4
6402 2
6403 3
6404 2
6405 3
6406 1
6407 2
6408 5
6409 1
6410 3
6411 2
6412 4
6413 2
6414 4
6415 2
6416 1
6417 1
6418 2
6419 3
6420 2
6421 1
6422 3
6423 1
6424 4
6425 3
6426 3
6427 1
6428 6
6429 6
6430 1
6431 1
6432 3
6433 1
6434 2
6435 2
6436 4
6437 1
6438 2
6439 3
6440 3
6441 5
6442 2
6443 3
6444 2
6445 0
6446 3
6447 5
6448 3
6449 4
6450 1
6451 2
6452 3
6453 1
6454 4
6455 2
6456 5
6457 0
6458 2
6459 7
6460 5
6461 2
6462 4
6463 3
6464 3
6465 1
6466 1
6467 1
6468 2
6469 2
6470 5
6471 4
6472 5
6473 2
6474 3
6475 1
6476 0
6477 1
6478 4
6479 3
6480 5
6481 1
6482 2
6483 2
6484 3
6485 0
6486 1
6487 2
6488 3
6489 4
6490 4
6491 2
6492 3
6493 5
6494 4
6495 4
6496 2
6497 3
6498 3
6499 6
6500 4
6501 4
6502 1
6503 3
6504 3
6505 3
6506 2
6507 6
6508 2
6509 4
6510 3
6511 1
6512 1
6513 4
6514 1
6515 4
6516 4
6517 2
6518 3
6519 3
6520 3
6521 5
6522 2
6523 3
6524 6
6525 3
6526 4
6527 2
6528 3
6529 4
6530 1
6531 6
6532 2
6533 2
6534 4
6535 3
6536 2
6537 5
6538 2
6539 2
6540 4
6541 4
6542 3
6543 1
6544 4
6545 1
6546 1
6547 5
6548 4
6549 2
6550 3
6551 4
6552 1
6553 1
6554 0
6555 3
6556 4
6557 3
6558 3
6559 0
6560 2
6561 2
6562 2
6563 2
6564 2
6565 3
6566 5
6567 0
6568 3
6569 2
6570 5
6571 2
6572 4
6573 3
6574 3
6575 4
6576 4
6577 4
6578 4
6579 1
6580 3
6581 2
6582 2
6583 6
6584 2
6585 1
6586 3
6587 2
6588 8
6589 2
6590 3
6591 3
6592 3
6593 1
6594 1
6595 2
6596 3
6597 2
6598 1
6599 5
6600 2
6601 0
6602 5
6603 2
6604 1
6605 0
6606 3
6607 3
6608 4
6609 3
6610 4
6611 4
6612 1
6613 1
6614 5
6615 0
6616 1
6617 2
6618 2
6619 4
6620 5
6621 1
6622 3
6623 2
6624 4
6625 1
6626 2
6627 3
6628 4
6629 2
6630 1
6631 4
6632 4
6633 3
6634 1
6635 1
6636 4
6637 3
6638 3
6639 1
6640 0
6641 4
6642 3
6643 3
6644 1
6645 2
6646 1
6647 2
6648 1
6649 2
6650 3
6651 0
6652 1
6653 4
6654 6
6655 4
6656 4
6657 3
6658 4
6659 2
6660 2
6661 3
6662 3
6663 2
6664 4
6665 7
6666 2
6667 3
6668 4
6669 4
6670 1
6671 1
6672 1
6673 0
6674 2
6675 6
6676 2
6677 3
6678 1
6679 0
6680 6
6681 4
6682 8
6683 5
6684 3
6685 5
6686 6
6687 5
6688 0
6689 0
6690 2
6691 0
6692 6
6693 3
6694 0
6695 3
6696 4
6697 2
6698 2
6699 6
6700 1
6701 3
6702 3
6703 3
6704 2
6705 1
6706 3
6707 1
6708 4
6709 4
6710 2
6711 1
6712 7
6713 3
6714 2
6715 2
6716 1
6717 5
6718 4
6719 4
6720 3
6721 4
6722 1
6723 2
6724 2
6725 1
6726 2
6727 4
6728 3
6729 1
6730 3
6731 0
6732 2
6733 3
6734 3
6735 1
6736 2
6737 1
6738 1
6739 2
6740 1
6741 2
6742 0
6743 2
6744 1
6745 1
6746 2
6747 0
6748 1
6749 4
6750 1
6751 2
6752 3
6753 1
6754 1
6755 2
6756 2
6757 4
6758 2
6759 2
6760 2
6761 2
6762 3
6763 2
6764 2
6765 4
6766 4
6767 1
6768 2
6769 1
6770 3
6771 2
6772 3
6773 3
6774 0
6775 2
6776 3
6777 0
6778 2
6779 5
6780 3
6781 2
6782 3
6783 0
6784 4
6785 4
6786 1
6787 1
6788 5
6789 6
6790 1
6791 7
6792 6
6793 5
6794 1
6795 3
6796 2
6797 3
6798 2
6799 0
6800 2
6801 4
6802 6
6803 3
6804 3
6805 4
6806 2
6807 3
6808 7
6809 3
6810 3
6811 1
6812 8
6813 1
6814 3
6815 1
6816 0
6817 3
6818 5
6819 0
6820 2
6821 5
6822 4
6823 2
6824 3
6825 1
6826 3
6827 3
6828 5
6829 3
6830 2
6831 5
6832 4
6833 3
6834 2
6835 3
6836 2
6837 2
6838 4
6839 3
6840 1
6841 1
6842 5
6843 0
6844 1
6845 1
6846 2
6847 5
6848 2
6849 2
6850 2
6851 2
6852 1
6853 1
6854 1
6855 2
6856 4
6857 2
6858 2
6859 3
6860 1
6861 1
6862 0
6863 2
6864 2
6865 1
6866 0
6867 2
6868 1
6869 5
6870 1
6871 1
6872 2
6873 4
6874 4
6875 2
6876 3
6877 5
6878 4
6879 7
6880 7
6881 3
6882 1
6883 3
6884 3
6885 1
6886 3
6887 4
6888 3
6889 4
6890 1
6891 4
6892 2
6893 0
6894 3
6895 4
6896 5
6897 2
6898 2
6899 3
6900 3
6901 3
6902 7
6903 6
6904 6
6905 5
6906 2
6907 3
6908 1
6909 3
6910 2
6911 5
6912 4
6913 3
6914 3
6915 3
6916 3
6917 2
6918 1
6919 2
6920 0
6921 4
6922 4
6923 4
6924 3
6925 4
6926 2
6927 4
6928 1
6929 2
6930 5
6931 2
6932 3
6933 4
6934 3
6935 5
6936 1
6937 3
6938 2
6939 4
6940 1
6941 1
6942 1
6943 2
6944 4
6945 5
6946 1
6947 2
6948 2
6949 1
6950 4
6951 1
6952 2
6953 3
6954 2
6955 3
6956 5
6957 4
6958 4
6959 2
6960 3
6961 4
6962 3
6963 3
6964 2
6965 4
6966 2
6967 4
6968 4
6969 5
6970 2
6971 4
6972 3
6973 2
6974 1
6975 6
6976 2
6977 4
6978 3
6979 3
6980 2
6981 3
6982 4
6983 2
6984 5
6985 2
6986 4
6987 2
6988 2
6989 5
6990 3
6991 2
6992 2
6993 3
6994 5
6995 6
6996 5
6997 4
6998 4
6999 2
7000 5
7001 1
7002 3
7003 2
7004 4
7005 5
7006 3
7007 1
7008 2
7009 3
7010 3
7011 4
7012 3
7013 1
7014 3
7015 4
7016 3
7017 3
7018 0
7019 3
7020 3
7021 2
7022 0
7023 2
7024 3
7025 1
7026 5
7027 2
7028 6
7029 4
7030 3
7031 3
7032 3
7033 3
7034 2
7035 3
7036 3
7037 3
7038 7
7039 1
7040 2
7041 5
7042 3
7043 4
7044 4
7045 2
7046 2
7047 5
7048 5
7049 1
7050 5
7051 2
7052 2
7053 4
7054 3
7055 2
7056 5
7057 2
7058 3
7059 4
7060 3
7061 0
7062 3
7063 3
7064 4
7065 1
7066 2
7067 2
7068 3
7069 1
7070 2
7071 3
7072 1
7073 3
7074 3
7075 3
7076 1
7077 4
7078 2
7079 3
7080 3
7081 2
7082 4
7083 1
7084 4
7085 6
7086 4
7087 3
7088 6
7089 4
7090 2
7091 2
7092 4
7093 4
7094 4
7095 4
7096 3
7097 2
7098 5
7099 5
7100 1
7101 6
7102 1
7103 4
7104 2
7105 2
7106 3
7107 3
7108 4
7109 2
7110 0
7111 3
7112 2
7113 2
7114 2
7115 3
7116 6
7117 2
7118 4
7119 3
7120 3
7121 2
7122 2
7123 3
7124 4
7125 1
7126 0
7127 5
7128 4
7129 1
7130 2
7131 3
7132 1
7133 3
7134 2
7135 1
7136 1
7137 6
7138 5
7139 4
7140 4
7141 1
7142 3
7143 1
7144 2
7145 0
7146 3
7147 0
7148 4
7149 5
7150 3
7151 6
7152 2
7153 2
7154 5
7155 4
7156 3
7157 5
7158 4
7159 2
7160 3
7161 4
7162 2
7163 3
7164 3
7165 4
7166 5
7167 3
7168 2
7169 2
7170 3
7171 2
7172 3
7173 2
7174 1
7175 3
7176 1
7177 6
7178 2
7179 2
7180 6
7181 4
7182 1
7183 3
7184 1
7185 2
7186 3
7187 3
7188 2
7189 2
7190 1
7191 2
7192 3
7193 1
7194 2
7195 0
7196 3
7197 5
7198 2
7199 3
7200 3
7201 2
7202 4
7203 4
7204 4
7205 2
7206 3
7207 3
7208 2
7209 1
7210 4
7211 4
7212 1
7213 3
7214 2
7215 2
7216 3
7217 1
7218 2
7219 2
7220 2
7221 3
7222 0
7223 3
7224 1
7225 2
7226 3
7227 2
7228 3
7229 2
7230 3
7231 1
7232 2
7233 1
7234 5
7235 0
7236 2
7237 2
7238 6
7239 5
7240 6
7241 2
7242 4
7243 0
7244 2
7245 1
7246 5
7247 1
7248 3
7249 4
7250 2
7251 0
7252 2
7253 2
7254 1
7255 5
7256 3
7257 2
7258 1
7259 2
7260 5
7261 7
7262 4
7263 5
7264 4
7265 2
7266 4
7267 4
7268 4
7269 1
7270 2
7271 3
7272 4
7273 0
7274 2
7275 2
7276 1
7277 2
7278 1
7279 2
7280 3
7281 1
7282 4
7283 2
7284 2
7285 0
7286 2
7287 1
7288 4
7289 2
7290 3
7291 1
7292 2
7293 1
7294 2
7295 3
7296 3
7297 1
7298 3
7299 3
7300 0
7301 6
7302 4
7303 4
7304 1
7305 4
7306 2
7307 2
7308 4
7309 4
7310 2
7311 4
7312 4
7313 2
7314 5
7315 3
7316 2
7317 4
7318 1
7319 1
7320 1
7321 1
7322 2
7323 1
7324 3
7325 2
7326 2
7327 2
7328 0
7329 2
7330 3
7331 2
7332 2
7333 2
7334 5
7335 3
7336 4
7337 3
7338 4
7339 3
7340 3
7341 1
7342 0
7343 1
7344 4
7345 3
7346 2
7347 4
7348 1
7349 4
7350 1
7351 0
7352 2
7353 3
7354 3
7355 2
7356 2
7357 3
7358 2
7359 4
7360 0
7361 1
7362 4
7363 4
7364 4
7365 8
7366 5
7367 3
7368 4
7369 1
7370 1
7371 4
7372 6
7373 3
7374 3
7375 3
7376 2
7377 5
7378 1
7379 2
7380 3
7381 1
7382 3
7383 2
7384 3
7385 1
7386 2
7387 4
7388 1
7389 3
7390 1
7391 0
7392 1
7393 2
7394 2
7395 4
7396 1
7397 1
7398 6
7399 5
7400 0
7401 3
7402 5
7403 3
7404 2
7405 3
7406 6
7407 4
7408 1
7409 3
7410 1
7411 2
7412 2
7413 2
7414 1
7415 4
7416 2
7417 3
7418 2
7419 1
7420 2
7421 3
7422 3
7423 3
7424 1
7425 3
7426 5
7427 1
7428 2
7429 1
7430 1
7431 3
7432 1
7433 1
7434 5
7435 0
7436 1
7437 5
7438 4
7439 0
7440 3
7441 3
7442 3
7443 4
7444 3
7445 3
7446 1
7447 3
7448 4
7449 3
7450 3
7451 4
7452 2
7453 4
7454 2
7455 3
7456 3
7457 5
7458 2
7459 4
7460 6
7461 5
7462 5
7463 2
7464 1
7465 2
7466 3
7467 2
7468 1
7469 2
7470 4
7471 2
7472 2
7473 3
7474 2
7475 1
7476 3
7477 1
7478 4
7479 1
7480 6
7481 3
7482 5
7483 2
7484 2
7485 4
7486 4
7487 1
7488 2
7489 2
7490 1
7491 3
7492 1
7493 3
7494 4
7495 2
7496 3
7497 4
7498 4
7499 3
7500 1
7501 4
7502 2
7503 3
7504 2
7505 2
7506 3
7507 4
7508 4
7509 4
7510 2
7511 2
7512 4
7513 4
7514 1
7515 3
7516 3
7517 1
7518 4
7519 5
7520 1
7521 1
7522 3
7523 3
7524 5
7525 3
7526 3
7527 3
7528 3
7529 2
7530 5
7531 4
7532 2
7533 4
7534 3
7535 5
7536 2
7537 4
7538 1
7539 4
7540 3
7541 5
7542 6
7543 1
7544 1
7545 1
7546 2
7547 3
7548 5
7549 4
7550 4
7551 2
7552 0
7553 3
7554 4
7555 1
7556 3
7557 5
7558 2
7559 1
7560 3
7561 3
7562 3
7563 4
7564 2
7565 3
7566 5
7567 5
7568 1
7569 2
7570 4
7571 4
7572 1
7573 3
7574 2
7575 5
7576 4
7577 3
7578 3
7579 4
7580 2
7581 5
7582 4
7583 2
7584 3
7585 2
7586 4
7587 3
7588 2
7589 2
7590 4
7591 1
7592 2
7593 2
7594 1
7595 4
7596 2
7597 3
7598 1
7599 2
7600 1
7601 4
7602 2
7603 1
7604 3
7605 3
7606 2
7607 3
7608 5
7609 3
7610 4
7611 4
7612 2
7613 2
7614 2
7615 4
7616 5
7617 4
7618 2
7619 3
7620 4
7621 5
7622 5
7623 3
7624 4
7625 4
7626 2
7627 5
7628 1
7629 1
7630 3
7631 4
7632 2
7633 1
7634 1
7635 3
7636 1
7637 3
7638 2
7639 2
7640 3
7641 3
7642 4
7643 1
7644 3
7645 4
7646 5
7647 6
7648 2
7649 3
7650 2
7651 3
7652 3
7653 4
7654 5
7655 3
7656 4
7657 7
7658 3
7659 2
7660 1
7661 3
7662 3
7663 2
7664 1
7665 0
7666 6
7667 5
7668 8
7669 4
7670 4
7671 6
7672 4
7673 3
7674 3
7675 4
7676 1
7677 3
7678 3
7679 3
7680 6
7681 2
7682 6
7683 2
7684 2
7685 5
7686 1
7687 0
7688 1
7689 5
7690 2
7691 3
7692 5
7693 4
7694 3
7695 2
7696 4
7697 2
7698 3
7699 1
7700 4
7701 4
7702 5
7703 3
7704 6
7705 3
7706 5
7707 2
7708 5
7709 6
7710 0
7711 1
7712 2
7713 7
7714 4
7715 3
7716 2
7717 3
7718 3
7719 2
7720 2
7721 4
7722 5
7723 3
7724 1
7725 4
7726 3
7727 2
7728 5
7729 2
7730 3
7731 5
7732 2
7733 3
7734 5
7735 3
7736 6
7737 1
7738 4
7739 3
7740 5
7741 4
7742 4
7743 4
7744 4
7745 4
7746 0
7747 4
7748 3
7749 3
7750 5
7751 4
7752 2
7753 2
7754 3
7755 2
7756 4
7757 0
7758 1
7759 2
7760 5
7761 4
7762 3
7763 4
7764 1
7765 1
7766 3
7767 4
7768 4
7769 2
7770 6
7771 4
7772 1
7773 4
7774 1
7775 5
7776 3
7777 4
7778 1
7779 5
7780 1
7781 5
7782 3
7783 2
7784 1
7785 3
7786 3
7787 2
7788 3
7789 6
7790 3
7791 2
7792 3
7793 1
7794 2
7795 4
7796 4
7797 0
7798 3
7799 2
7800 4
7801 2
7802 1
7803 3
7804 3
7805 4
7806 5
7807 4
7808 4
7809 3
7810 3
7811 3
7812 2
7813 4
7814 3
7815 4
7816 6
7817 5
7818 2
7819 1
7820 2
7821 3
7822 2
7823 5
7824 2
7825 4
7826 2
7827 3
7828 5
7829 4
7830 3
7831 2
7832 3
7833 5
7834 3
7835 4
7836 4
7837 2
7838 2
7839 4
7840 5
7841 3
7842 5
7843 3
7844 1
7845 2
7846 2
7847 2
7848 2
7849 5
7850 1
7851 0
7852 1
7853 4
7854 5
7855 4
7856 4
7857 3
7858 4
7859 1
7860 4
7861 3
7862 2
7863 5
7864 2
7865 3
7866 2
7867 3
7868 2
7869 2
7870 3
7871 1
7872 0
7873 2
7874 1
7875 4
7876 3
7877 2
7878 3
7879 2
7880 1
7881 0
7882 4
7883 1
7884 1
7885 2
7886 2
7887 1
7888 4
7889 2
7890 1
7891 4
7892 1
7893 3
7894 3
7895 3
7896 4
7897 3
7898 0
7899 3
7900 4
7901 3
7902 2
7903 4
7904 4
7905 4
7906 3
7907 2
7908 1
7909 3
7910 3
7911 3
7912 3
7913 4
7914 5
7915 3
7916 2
7917 1
7918 3
7919 2
7920 3
7921 4
7922 1
7923 1
7924 1
7925 2
7926 1
7927 2
7928 3
7929 4
7930 2
7931 3
7932 4
7933 4
7934 1
7935 4
7936 0
7937 3
7938 3
7939 0
7940 3
7941 2
7942 4
7943 2
7944 2
7945 3
7946 4
7947 2
7948 4
7949 1
7950 3
7951 3
7952 2
7953 3
7954 3
7955 2
7956 3
7957 2
7958 2
7959 5
7960 4
7961 3
7962 2
7963 2
7964 0
7965 2
7966 1
7967 1
7968 1
7969 4
7970 0
7971 2
7972 3
7973 2
7974 1
7975 4
7976 3
7977 5
7978 1
7979 1
7980 1
7981 1
7982 3
7983 1
7984 3
7985 4
7986 1
7987 2
7988 5
7989 4
7990 4
7991 3
7992 4
7993 4
7994 2
7995 0
7996 1
7997 2
7998 4
7999 2
8000 6
8001 1
8002 2
8003 3
8004 4
8005 2
8006 4
8007 5
8008 0
8009 1
8010 0
8011 2
8012 1
8013 2
8014 2
8015 3
8016 3
8017 2
8018 3
8019 2
8020 2
8021 1
8022 1
8023 1
8024 1
8025 4
8026 2
8027 3
8028 2
8029 1
8030 3
8031 1
8032 4
8033 2
8034 3
8035 3
8036 1
8037 3
8038 2
8039 2
8040 2
8041 2
8042 3
8043 2
8044 2
8045 2
8046 2
8047 0
8048 2
8049 0
8050 1
8051 1
8052 0
8053 2
8054 1
8055 1
8056 2
8057 1
8058 1
8059 0
8060 2
8061 2
8062 0
8063 2
8064 1
8065 1
8066 2
8067 0
8068 2
8069 1
8070 2
8071 1
8072 1
8073 1
8074 5
8075 1
8076 2
8077 2
8078 2
8079 1
8080 3
8081 3
8082 2
8083 2
8084 3
8085 2
8086 3
8087 2
8088 1
8089 1
8090 3
8091 5
8092 1
8093 3
8094 2
8095 2
8096 0
8097 0
8098 3
8099 0
8100 0
8101 1
8102 2
8103 3
8104 0
8105 4
8106 1
8107 0
8108 2
8109 3
8110 3
8111 3
8112 1
8113 5
8114 4
8115 1
8116 5
8117 2
8118 2
8119 2
8120 3
8121 1
8122 1
8123 1
8124 1
8125 1
8126 3
8127 3
8128 3
8129 4
8130 1
8131 4
8132 5
8133 4
8134 2
8135 1
8136 3
8137 2
8138 3
8139 3
8140 3
8141 1
8142 1
8143 1
8144 2
8145 2
8146 1
8147 3
8148 2
8149 0
8150 3
8151 3
8152 3
8153 4
8154 2
8155 2
8156 2
8157 2
8158 2
8159 1
8160 5
8161 3
8162 5
8163 2
8164 3
8165 1
8166 5
8167 3
8168 4
8169 2
8170 3
8171 0
8172 3
8173 2
8174 3
8175 2
8176 3
8177 1
8178 0
8179 2
8180 1
8181 4
8182 3
8183 5
8184 2
8185 3
8186 3
8187 1
8188 3
8189 4
8190 3
8191 2
8192 2
8193 2
8194 2
8195 1
8196 1
8197 1
8198 1
8199 1
8200 1
8201 4
8202 0
8203 1
8204 4
8205 3
8206 2
8207 1
8208 2
8209 1
8210 3
8211 1
8212 1
8213 2
8214 3
8215 3
8216 0
8217 4
8218 6
8219 3
8220 3
8221 2
8222 0
8223 1
8224 2
8225 0
8226 3
8227 3
8228 1
8229 3
8230 1
8231 3
8232 4
8233 3
8234 2
8235 0
8236 2
8237 3
8238 5
8239 4
8240 4
8241 3
8242 3
8243 4
8244 3
8245 3
8246 4
8247 1
8248 2
8249 3
8250 2
8251 2
8252 0
8253 1
8254 1
8255 2
8256 1
8257 1
8258 2
8259 1
8260 2
8261 3
8262 2
8263 2
8264 4
8265 5
8266 2
8267 2
8268 4
8269 2
8270 7
8271 5
8272 2
8273 2
8274 3
8275 3
8276 1
8277 2
8278 5
8279 5
8280 5
8281 0
8282 0
8283 2
8284 1
8285 4
8286 4
8287 4
8288 3
8289 4
8290 3
8291 4
8292 2
8293 2
8294 4
8295 3
8296 1
8297 4
8298 2
8299 4
8300 1
8301 2
8302 2
8303 2
8304 1
8305 4
8306 2
8307 2
8308 3
8309 3
8310 4
8311 3
8312 3
8313 1
8314 1
8315 3
8316 2
8317 3
8318 1
8319 2
8320 4
8321 2
8322 2
8323 2
8324 1
8325 3
8326 3
8327 4
8328 2
8329 1
8330 4
8331 2
8332 3
8333 3
8334 2
8335 0
8336 2
8337 3
8338 4
8339 1
8340 3
8341 4
8342 3
8343 4
8344 4
8345 4
8346 3
8347 4
8348 3
8349 2
8350 2
8351 3
8352 1
8353 1
8354 3
8355 2
8356 5
8357 3
8358 2
8359 2
8360 4
8361 5
8362 1
8363 3
8364 3
8365 3
8366 1
8367 6
8368 3
8369 4
8370 2
8371 5
8372 1
8373 2
8374 1
8375 3
8376 3
8377 3
8378 2
8379 1
8380 3
8381 1
8382 1
8383 2
8384 2
8385 1
8386 2
8387 3
8388 1
8389 0
8390 3
8391 1
8392 1
8393 1
8394 0
8395 0
8396 1
8397 0
8398 0
8399 0
8400 0
8401 1
8402 2
8403 1
8404 0
8405 3
8406 0
8407 2
8408 1
8409 0
8410 0
8411 2
8412 2
8413 4
8414 2
8415 1
8416 1
8417 1
8418 0
8419 2
8420 1
8421 2
8422 0
8423 1
8424 2
8425 2
8426 0
8427 1
8428 1
8429 2
8430 2
8431 0
8432 1
8433 1
8434 2
8435 2
8436 1
8437 0
8438 1
8439 0
8440 1
8441 1
8442 0
8443 0
8444 1
8445 2
8446 3
8447 3
8448 3
8449 0
8450 2
8451 0
8452 1
8453 3
8454 1
8455 3
8456 4
8457 1
8458 1
8459 1
8460 2
8461 4
8462 2
8463 1
8464 3
8465 3
8466 2
8467 0
8468 1
8469 1
8470 2
8471 1
8472 0
8473 1
8474 1
8475 2
8476 4
8477 0
8478 1
8479 2
8480 0
8481 1
8482 1
8483 1
8484 2
8485 0
8486 1
8487 0
8488 1
8489 1
8490 1
8491 1
8492 1
8493 1
8494 2
8495 0
8496 1
8497 1
8498 2
8499 1
8500 0
8501 3
8502 1
8503 2
8504 0
8505 0
8506 2
8507 1
8508 0
8509 3
8510 1
8511 2
8512 1
8513 1
8514 0
8515 1
8516 0
8517 0
8518 1
8519 0
8520 2
8521 2
8522 1
8523 4
8524 2
8525 3
8526 2
8527 1
8528 1
8529 1
8530 1
8531 1
8532 1
8533 2
8534 1
8535 1
8536 1
8537 2
8538 1
8539 0
8540 1
8541 2
8542 3
8543 1
8544 2
8545 1
8546 2
8547 4
8548 2
8549 2
8550 0
8551 2
8552 2
8553 2
8554 1
8555 1
8556 3
8557 2
8558 1
8559 2
8560 3
8561 0
8562 0
8563 2
8564 2
8565 3
8566 1
8567 4
8568 2
8569 2
8570 2
8571 1
8572 3
8573 1
8574 1
8575 2
8576 2
8577 1
8578 1
8579 2
8580 3
8581 2
8582 3
8583 3
8584 1
8585 3
8586 0
8587 1
8588 1
8589 3
8590 1
8591 4
8592 3
8593 2
8594 0
8595 1
8596 3
8597 0
8598 1
8599 3
8600 3
8601 1
8602 1
8603 0
8604 1
8605 3
8606 2
8607 5
8608 3
8609 0
8610 1
8611 0
8612 2
8613 1
8614 2
8615 2
8616 1
8617 2
8618 2
8619 2
8620 4
8621 4
8622 0
8623 1
8624 4
8625 4
8626 4
8627 2
8628 2
8629 1
8630 2
8631 1
8632 1
8633 1
8634 1
8635 3
8636 1
8637 2
8638 3
8639 1
8640 0
8641 0
8642 2
8643 0
8644 2
8645 2
8646 2
8647 2
8648 1
8649 2
8650 0
8651 2
8652 1
8653 2
8654 2
8655 0
8656 2
8657 1
8658 1
8659 0
8660 2
8661 3
8662 1
8663 3
8664 1
8665 2
8666 2
8667 2
8668 3
8669 0
8670 1
8671 0
8672 2
8673 1
8674 1
8675 2
8676 0
8677 1
8678 1
8679 1
8680 2
8681 0
8682 1
8683 1
8684 4
8685 2
8686 3
8687 3
8688 2
8689 0
8690 2
8691 1
8692 1
8693 1
8694 1
8695 1
8696 3
8697 3
8698 3
8699 0
8700 2
8701 3
8702 1
8703 1
8704 4
8705 3
8706 2
8707 2
8708 1
8709 2
8710 2
8711 2
8712 3
8713 2
8714 2
8715 3
8716 3
8717 2
8718 5
8719 2
8720 2
8721 0
8722 3
8723 2
8724 2
8725 2
8726 2
8727 2
8728 4
8729 1
8730 0
8731 4
8732 0
8733 1
8734 0
8735 1
8736 0
8737 4
8738 1
8739 4
8740 3
8741 2
8742 2
8743 4
8744 2
8745 2
8746 0
8747 3
8748 3
8749 2
8750 1
8751 0
8752 1
8753 0
8754 4
8755 0
8756 2
8757 0
8758 4
8759 1
8760 3
8761 1
8762 2
8763 3
8764 3
8765 1
8766 3
8767 0
8768 1
8769 0
8770 4
8771 3
8772 2
8773 2
8774 1
8775 1
8776 2
8777 3
8778 1
8779 1
8780 3
8781 1
8782 3
8783 2
8784 6
8785 2
8786 2
8787 0
8788 1
8789 6
8790 2
8791 6
8792 3
8793 1
8794 3
8795 2
8796 1
8797 3
8798 4
8799 2
8800 4
8801 1
8802 0
8803 2
8804 0
8805 2
8806 1
8807 3
8808 0
8809 2
8810 1
8811 1
8812 1
8813 1
8814 3
8815 3
8816 0
8817 1
8818 3
8819 0
8820 1
8821 2
8822 2
8823 0
8824 0
8825 1
8826 1
8827 4
8828 4
8829 1
8830 3
8831 2
8832 2
8833 4
8834 5
8835 1
8836 3
8837 2
8838 3
8839 5
8840 0
8841 2
8842 3
8843 1
8844 1
8845 2
8846 3
8847 3
8848 2
8849 1
8850 3
8851 4
8852 3
8853 1
8854 2
8855 1
8856 2
8857 1
8858 3
8859 2
8860 4
8861 4
8862 3
8863 2
8864 3
8865 3
8866 3
8867 0
8868 0
8869 3
8870 0
8871 2
8872 2
8873 1
8874 1
8875 4
8876 2
8877 1
8878 0
8879 2
8880 2
8881 2
8882 3
8883 4
8884 2
8885 4
8886 0
8887 1
8888 1
8889 5
8890 4
8891 1
8892 3
8893 0
8894 1
8895 5
8896 4
8897 4
8898 1
8899 1
8900 3
8901 5
8902 2
8903 0
8904 2
8905 5
8906 2
8907 2
8908 2
8909 2
8910 2
8911 3
8912 4
8913 2
8914 3
8915 1
8916 4
8917 0
8918 4
8919 2
8920 5
8921 3
8922 5
8923 3
8924 4
8925 3
8926 3
8927 2
8928 1
8929 3
8930 3
8931 3
8932 3
8933 4
8934 1
8935 1
8936 2
8937 3
8938 2
8939 1
8940 4
8941 2
8942 1
8943 1
8944 3
8945 3
8946 0
8947 2
8948 3
8949 2
8950 4
8951 3
8952 0
8953 2
8954 1
8955 2
8956 0
8957 5
8958 3
8959 2
8960 2
8961 2
8962 2
8963 2
8964 2
8965 0
8966 2
8967 2
8968 3
8969 5
8970 5
8971 0
8972 2
8973 4
8974 6
8975 2
8976 0
8977 3
8978 4
8979 4
8980 0
8981 4
8982 5
8983 4
8984 6
8985 3
8986 1
8987 3
8988 2
8989 4
8990 1
8991 3
8992 3
8993 2
8994 0
8995 4
8996 5
8997 1
8998 0
8999 4
9000 2
9001 2
9002 0
9003 1
9004 2
9005 1
9006 3
9007 3
9008 2
9009 1
9010 0
9011 2
9012 4
9013 2
9014 1
9015 2
9016 2
9017 3
9018 4
9019 2
9020 2
9021 1
9022 1
9023 3
9024 1
9025 1
9026 3
9027 1
9028 3
9029 1
9030 2
9031 4
9032 3
9033 4
9034 1
9035 0
9036 1
9037 1
9038 2
9039 2
9040 1
9041 0
9042 3
9043 3
9044 4
9045 4
9046 3
9047 6
9048 2
9049 3
9050 1
9051 3
9052 2
9053 0
9054 1
9055 1
9056 3
9057 1
9058 3
9059 3
9060 3
9061 4
9062 1
9063 1
9064 2
9065 2
9066 1
9067 0
9068 4
9069 0
9070 3
9071 1
9072 2
9073 0
9074 3
9075 2
9076 2
9077 1
9078 5
9079 2
9080 3
9081 0
9082 0
9083 0
9084 1
9085 1
9086 3
9087 1
9088 2
9089 1
9090 2
9091 2
9092 2
9093 4
9094 1
9095 1
9096 0
9097 3
9098 3
9099 1
9100 2
9101 6
9102 0
9103 2
9104 1
9105 5
9106 4
9107 3
9108 2
9109 1
9110 3
9111 0
9112 4
9113 2
9114 3
9115 1
9116 2
9117 1
9118 3
9119 2
9120 1
9121 1
9122 3
9123 2
9124 3
9125 1
9126 0
9127 3
9128 3
9129 2
9130 4
9131 0
9132 5
9133 2
9134 1
9135 2
9136 1
9137 3
9138 1
9139 1
9140 0
9141 2
9142 2
9143 6
9144 4
9145 1
9146 3
9147 3
9148 3
9149 2
9150 3
9151 3
9152 3
9153 2
9154 4
9155 0
9156 0
9157 2
9158 0
9159 1
9160 2
9161 1
9162 2
9163 3
9164 3
9165 0
9166 2
9167 2
9168 3
9169 2
9170 3
9171 2
9172 4
9173 3
9174 3
9175 3
9176 5
9177 3
9178 1
9179 3
9180 3
9181 2
9182 3
9183 6
9184 5
9185 2
9186 3
9187 5
9188 4
9189 3
9190 2
9191 2
9192 4
9193 3
9194 7
9195 0
9196 1
9197 3
9198 1
9199 4
9200 6
9201 2
9202 4
9203 1
9204 2
9205 4
9206 5
9207 2
9208 3
9209 0
9210 3
9211 3
9212 1
9213 5
9214 2
9215 3
9216 3
9217 4
9218 4
9219 2
9220 3
9221 4
9222 5
9223 1
9224 4
9225 2
9226 4
9227 3
9228 4
9229 4
9230 3
9231 4
9232 8
9233 2
9234 5
9235 3
9236 2
9237 1
9238 1
9239 3
9240 1
9241 1
9242 2
9243 4
9244 7
9245 2
9246 1
9247 2
9248 3
9249 1
9250 3
9251 4
9252 2
9253 2
9254 4
9255 2
9256 1
9257 2
9258 2
9259 2
9260 1
9261 2
9262 0
9263 2
9264 1
9265 1
9266 2
9267 3
9268 4
9269 1
9270 3
9271 1
9272 2
9273 3
9274 3
9275 2
9276 4
9277 5
9278 3
9279 2
9280 3
9281 2
9282 2
9283 4
9284 5
9285 2
9286 3
9287 1
9288 2
9289 3
9290 3
9291 1
9292 3
9293 1
9294 5
9295 1
9296 0
9297 0
9298 1
9299 1
9300 0
9301 2
9302 2
9303 3
9304 2
9305 3
9306 4
9307 4
9308 2
9309 2
9310 2
9311 2
9312 1
9313 2
9314 3
9315 4
9316 1
9317 1
9318 1
9319 2
9320 1
9321 1
9322 3
9323 2
9324 3
9325 4
9326 1
9327 1
9328 2
9329 2
9330 1
9331 3
9332 4
9333 4
9334 4
9335 4
9336 2
9337 1
9338 3
9339 1
9340 1
9341 3
9342 2
9343 2
9344 0
9345 3
9346 5
9347 3
9348 2
9349 1
9350 3
9351 2
9352 1
9353 2
9354 2
9355 3
9356 4
9357 1
9358 2
9359 4
9360 2
9361 4
9362 3
9363 4
9364 2
9365 2
9366 3
9367 1
9368 4
9369 3
9370 2
9371 1
9372 5
9373 1
9374 3
9375 3
9376 2
9377 1
9378 2
9379 4
9380 3
9381 1
9382 2
9383 4
9384 4
9385 2
9386 3
9387 0
9388 1
9389 2
9390 0
9391 1
9392 0
9393 2
9394 2
9395 7
9396 2
9397 2
9398 5
9399 2
9400 1
9401 2
9402 1
9403 7
9404 2
9405 3
9406 3
9407 2
9408 5
9409 4
9410 3
9411 2
9412 1
9413 1
9414 1
9415 2
9416 1
9417 3
9418 1
9419 2
9420 2
9421 4
9422 3
9423 4
9424 7
9425 1
9426 5
9427 0
9428 2
9429 3
9430 4
9431 3
9432 1
9433 3
9434 4
9435 4
9436 5
9437 5
9438 2
9439 1
9440 1
9441 4
9442 6
9443 3
9444 3
9445 1
9446 2
9447 1
9448 4
9449 3
9450 1
9451 3
9452 2
9453 0
9454 4
9455 2
9456 1
9457 5
9458 2
9459 5
9460 3
9461 5
9462 3
9463 4
9464 4
9465 3
9466 3
9467 1
9468 4
9469 2
9470 5
9471 1
9472 1
9473 1
9474 3
9475 1
9476 1
9477 1
9478 2
9479 4
9480 1
9481 1
9482 2
9483 1
9484 4
9485 2
9486 2
9487 1
9488 3
9489 3
9490 2
9491 4
9492 2
9493 1
9494 4
9495 1
9496 2
9497 2
9498 2
9499 1
9500 2
9501 1
9502 5
9503 1
9504 3
9505 2
9506 4
9507 3
9508 1
9509 2
9510 3
9511 6
9512 0
9513 0
9514 2
9515 2
9516 2
9517 3
9518 3
9519 3
9520 2
9521 2
9522 2
9523 2
9524 0
9525 1
9526 1
9527 3
9528 1
9529 1
9530 3
9531 0
9532 2
9533 4
9534 0
9535 1
9536 1
9537 2
9538 4
9539 5
9540 1
9541 4
9542 2
9543 2
9544 1
9545 2
9546 2
9547 1
9548 2
9549 2
9550 2
9551 2
9552 2
9553 2
9554 2
9555 0
9556 4
9557 2
9558 1
9559 3
9560 2
9561 0
9562 6
9563 1
9564 2
9565 4
9566 1
9567 0
9568 3
9569 4
9570 3
9571 1
9572 3
9573 3
9574 5
9575 1
9576 0
9577 4
9578 2
9579 3
9580 2
9581 2
9582 2
9583 0
9584 1
9585 3
9586 1
9587 1
9588 1
9589 2
9590 2
9591 4
9592 0
9593 3
9594 2
9595 3
9596 3
9597 1
9598 2
9599 3
9600 1
9601 1
9602 2
9603 0
9604 1
9605 3
9606 2
9607 3
9608 0
9609 4
9610 2
9611 4
9612 6
9613 1
9614 1
9615 0
9616 3
9617 1
9618 3
9619 2
9620 3
9621 2
9622 2
9623 1
9624 3
9625 1
9626 1
9627 2
9628 2
9629 3
9630 2
9631 0
9632 4
9633 2
9634 2
9635 1
9636 4
9637 2
9638 5
9639 1
9640 0
9641 0
9642 3
9643 3
9644 2
9645 2
9646 2
9647 2
9648 0
9649 2
9650 3
9651 5
9652 3
9653 1
9654 4
9655 3
9656 4
9657 5
9658 5
9659 1
9660 5
9661 2
9662 3
9663 2
9664 4
9665 2
9666 1
9667 2
9668 3
9669 2
9670 3
9671 2
9672 3
9673 6
9674 4
9675 3
9676 0
9677 3
9678 2
9679 7
9680 2
9681 4
9682 4
9683 2
9684 2
9685 2
9686 1
9687 7
9688 3
9689 3
9690 6
9691 3
9692 1
9693 0
9694 1
9695 3
9696 0
9697 4
9698 0
9699 3
9700 2
9701 2
9702 2
9703 3
9704 5
9705 5
9706 3
9707 4
9708 0
9709 2
9710 1
9711 2
9712 3
9713 2
9714 4
9715 4
9716 2
9717 4
9718 7
9719 3
9720 1
9721 1
9722 0
9723 1
9724 3
9725 1
9726 2
9727 1
9728 3
9729 0
9730 1
9731 7
9732 1
9733 4
9734 4
9735 4
9736 3
9737 2
9738 3
9739 3
9740 2
9741 2
9742 2
9743 1
9744 4
9745 5
9746 1
9747 4
9748 1
9749 2
9750 2
9751 1
9752 1
9753 2
9754 3
9755 3
9756 0
9757 4
9758 2
9759 0
9760 4
9761 0
9762 2
9763 3
9764 1
9765 3
9766 4
9767 0
9768 2
9769 1
9770 6
9771 2
9772 3
9773 5
9774 6
9775 3
9776 5
9777 1
9778 1
9779 2
9780 2
9781 1
9782 1
9783 1
9784 0
9785 2
9786 3
9787 2
9788 2
9789 3
9790 3
9791 2
9792 2
9793 4
9794 3
9795 3
9796 1
9797 1
9798 0
9799 2
9800 1
9801 2
9802 2
9803 2
9804 4
9805 2
9806 1
9807 1
9808 1
9809 3
9810 3
9811 2
9812 1
9813 5
9814 3
9815 1
9816 1
9817 2
9818 4
9819 2
9820 0
9821 4
9822 2
9823 2
9824 2
9825 3
9826 2
9827 0
9828 1
9829 3
9830 0
9831 1
9832 2
9833 1
9834 2
9835 2
9836 1
9837 1
9838 2
9839 3
9840 1
9841 7
9842 3
9843 2
9844 2
9845 0
9846 3
9847 2
9848 4
9849 2
9850 7
9851 1
9852 3
9853 3
9854 5
9855 3
9856 5
9857 1
9858 3
9859 1
9860 2
9861 3
9862 3
9863 2
9864 5
9865 2
9866 1
9867 3
9868 3
9869 1
9870 1
9871 2
9872 2
9873 1
9874 1
9875 1
9876 3
9877 5
9878 4
9879 0
9880 0
9881 2
9882 1
9883 1
9884 3
9885 3
9886 4
9887 1
9888 5
9889 4
9890 3
9891 2
9892 1
9893 2
9894 2
9895 3
9896 3
9897 2
9898 2
9899 3
9900 3
9901 3
9902 3
9903 2
9904 3
9905 2
9906 4
9907 2
9908 1
9909 0
9910 2
9911 0
9912 2
9913 3
9914 0
9915 1
9916 2
9917 3
9918 1
9919 1
9920 1
9921 4
9922 2
9923 1
9924 1
9925 2
9926 3
9927 0
9928 3
9929 4
9930 2
9931 1
9932 2
9933 3
9934 1
9935 0
9936 3
9937 1
9938 2
9939 4
9940 0
9941 1
9942 1
9943 3
9944 1
9945 2
9946 2
9947 1
9948 2
9949 3
9950 0
9951 1
9952 2
9953 0
9954 3
9955 3
9956 3
9957 2
9958 2
9959 2
9960 1
9961 2
9962 3
9963 1
9964 3
9965 2
9966 3
9967 1
9968 2
9969 0
9970 0
9971 1
9972 1
9973 1
9974 1
9975 5
9976 1
9977 0
9978 1
9979 0
9980 4
9981 3
9982 1
9983 1
9984 1
9985 3
9986 3
9987 1
9988 0
9989 1
9990 0
9991 2
9992 1
9993 1
9994 4
9995 2
9996 1
9997 0
9998 1
9999 1
10000 2
10001 2
