0 8
1 8
2 3
3 2
4 2
5 1
6 4
7 5
8 4
9 4
10 1
11 5
12 4
13 4
14 3
15 5
16 3
17 3
18 1
19 4
20 4
21 2
22 6
23 4
24 3
25 3
26 2
27 3
28 4
29 6
30 4
31 2
32 7
33 2
34 2
35 3
36 3
37 2
38 1
39 0
40 5
41 4
42 2
43 2
44 7
45 5
46 5
47 6
48 6
49 5
50 5
51 5
52 4
53 4
54 2
55 1
56 3
57 5
58 4
59 3
60 3
61 4
62 2
63 4
64 0
65 4
66 3
67 3
68 1
69 3
70 1
71 6
72 4
73 8
74 3
75 4
76 4
77 2
78 1
79 3
80 2
81 2
82 6
83 3
84 1
85 4
86 4
87 5
88 4
89 5
90 4
91 3
92 5
93 1
94 6
95 4
96 7
97 6
98 6
99 2
100 4
101 3
102 3
103 4
104 4
105 6
106 3
107 5
108 6
109 3
110 3
111 7
112 7
113 5
114 2
115 3
116 2
117 0
118 3
119 2
120 2
121 4
122 4
123 2
124 2
125 7
126 3
127 4
128 6
129 4
130 2
131 8
132 7
133 7
134 7
135 3
136 5
137 4
138 3
139 5
140 3
141 4
142 2
143 3
144 5
145 2
146 5
147 2
148 4
149 3
150 1
151 3
152 4
153 2
154 1
155 2
156 0
157 5
158 3
159 6
160 4
161 3
162 3
163 3
164 6
165 5
166 3
167 6
168 4
169 6
170 2
171 3
172 3
173 4
174 3
175 4
176 6
177 4
178 2
179 7
180 3
181 4
182 5
183 5
184 3
185 4
186 2
187 4
188 6
189 3
190 3
191 5
192 6
193 3
194 5
195 6
196 4
197 4
198 1
199 6
200 2
201 1
202 2
203 6
204 1
205 4
206 3
207 4
208 4
209 2
210 1
211 3
212 4
213 4
214 8
215 3
216 5
217 8
218 4
219 2
220 2
221 5
222 1
223 2
224 1
225 3
226 5
227 4
228 1
229 1
230 4
231 3
232 3
233 3
234 4
235 3
236 2
237 1
238 1
239 4
240 5
241 5
242 1
243 6
244 2
245 7
246 3
247 4
248 0
249 6
250 3
251 3
252 4
253 4
254 5
255 3
256 3
257 7
258 3
259 3
260 3
261 5
262 6
263 1
264 2
265 2
266 6
267 2
268 3
269 5
270 5
271 4
272 4
273 4
274 4
275 4
276 3
277 4
278 1
279 6
280 4
281 5
282 4
283 3
284 4
285 4
286 4
287 2
288 9
289 3
290 1
291 7
292 4
293 4
294 4
295 6
296 8
297 6
298 1
299 6
300 3
301 1
302 4
303 4
304 5
305 4
306 2
307 4
308 2
309 3
310 0
311 4
312 6
313 4
314 3
315 6
316 5
317 5
318 2
319 6
320 2
321 3
322 5
323 4
324 5
325 7
326 3
327 4
328 4
329 4
330 5
331 4
332 7
333 7
334 4
335 4
336 3
337 4
338 2
339 1
340 3
341 1
342 6
343 2
344 5
345 4
346 2
347 2
348 6
349 6
350 3
351 3
352 4
353 3
354 5
355 0
356 6
357 5
358 3
359 5
360 5
361 0
362 3
363 5
364 6
365 4
366 4
367 1
368 7
369 5
370 4
371 5
372 4
373 6
374 7
375 3
376 6
377 3
378 2
379 7
380 6
381 4
382 5
383 3
384 4
385 6
386 4
387 3
388 3
389 3
390 2
391 4
392 4
393 5
394 5
395 5
396 2
397 2
398 2
399 1
400 1
401 2
402 4
403 2
404 4
405 5
406 5
407 7
408 4
409 6
410 5
411 5
412 3
413 4
414 4
415 5
416 5
417 4
418 3
419 7
420 4
421 3
422 1
423 4
424 7
425 4
426 5
427 5
428 3
429 3
430 4
431 5
432 6
433 5
434 2
435 2
436 2
437 2
438 3
439 6
440 6
441 5
442 4
443 6
444 3
445 1
446 3
447 6
448 6
449 5
450 3
451 4
452 5
453 5
454 4
455 2
456 4
457 4
458 3
459 5
460 3
461 1
462 2
463 4
464 5
465 4
466 6
467 3
468 4
469 3
470 5
471 5
472 4
473 4
474 5
475 4
476 4
477 3
478 4
479 3
480 4
481 5
482 5
483 6
484 6
485 5
486 4
487 3
488 5
489 2
490 2
491 4
492 3
493 5
494 0
495 3
496 4
497 2
498 3
499 2
500 5
501 4
502 3
503 6
504 3
505 5
506 4
507 5
508 4
509 3
510 3
511 2
512 1
513 3
514 5
515 3
516 3
517 7
518 2
519 5
520 7
521 2
522 6
523 4
524 3
525 5
526 2
527 4
528 5
529 3
530 4
531 4
532 4
533 1
534 4
535 4
536 5
537 3
538 6
539 4
540 7
541 2
542 8
543 2
544 4
545 4
546 5
547 3
548 5
549 6
550 4
551 2
552 5
553 4
554 5
555 4
556 5
557 6
558 4
559 6
560 6
561 3
562 2
563 4
564 1
565 2
566 2
567 5
568 5
569 4
570 5
571 3
572 4
573 2
574 3
575 2
576 2
577 4
578 7
579 4
580 3
581 5
582 3
583 1
584 4
585 5
586 5
587 6
588 5
589 2
590 5
591 9
592 6
593 6
594 5
595 5
596 2
597 5
598 1
599 4
600 4
601 2
602 1
603 3
604 1
605 5
606 2
607 1
608 2
609 3
610 2
611 3
612 4
613 6
614 6
615 3
616 4
617 5
618 3
619 6
620 3
621 4
622 3
623 3
624 3
625 2
626 6
627 4
628 6
629 3
630 2
631 4
632 4
633 4
634 2
635 3
636 3
637 4
638 2
639 6
640 4
641 2
642 2
643 2
644 4
645 1
646 5
647 3
648 1
649 2
650 6
651 2
652 1
653 0
654 3
655 5
656 2
657 1
658 1
659 2
660 5
661 4
662 5
663 6
664 4
665 4
666 3
667 2
668 0
669 5
670 1
671 4
672 3
673 3
674 3
675 2
676 1
677 3
678 4
679 8
680 7
681 7
682 3
683 6
684 1
685 1
686 7
687 3
688 7
689 3
690 3
691 6
692 4
693 3
694 7
695 3
696 1
697 7
698 3
699 6
700 4
701 5
702 4
703 3
704 5
705 3
706 7
707 3
708 8
709 4
710 4
711 4
712 3
713 2
714 3
715 1
716 5
717 3
718 7
719 4
720 2
721 4
722 4
723 4
724 3
725 1
726 6
727 3
728 7
729 2
730 6
731 3
732 4
733 3
734 3
735 3
736 4
737 5
738 3
739 5
740 5
741 3
742 6
743 2
744 2
745 5
746 6
747 5
748 6
749 2
750 4
751 6
752 6
753 2
754 6
755 5
756 3
757 4
758 3
759 6
760 3
761 4
762 5
763 6
764 4
765 5
766 4
767 8
768 2
769 3
770 5
771 7
772 3
773 5
774 3
775 2
776 4
777 3
778 5
779 4
780 7
781 4
782 2
783 5
784 4
785 3
786 1
787 5
788 6
789 5
790 7
791 7
792 4
793 3
794 5
795 4
796 3
797 4
798 4
799 4
800 5
801 4
802 4
803 2
804 3
805 4
806 2
807 6
808 5
809 3
810 2
811 1
812 6
813 4
814 3
815 5
816 4
817 4
818 4
819 5
820 5
821 7
822 6
823 7
824 7
825 3
826 4
827 5
828 4
829 5
830 8
831 2
832 6
833 4
834 3
835 3
836 4
837 5
838 3
839 3
840 3
841 5
842 5
843 5
844 3
845 2
846 5
847 3
848 1
849 3
850 3
851 4
852 4
853 5
854 6
855 3
856 5
857 4
858 4
859 6
860 5
861 5
862 3
863 3
864 3
865 4
866 2
867 4
868 1
869 2
870 4
871 3
872 3
873 7
874 6
875 5
876 6
877 4
878 5
879 2
880 4
881 4
882 7
883 1
884 5
885 6
886 2
887 3
888 3
889 2
890 3
891 3
892 4
893 4
894 4
895 7
896 6
897 7
898 4
899 0
900 3
901 3
902 3
903 1
904 5
905 6
906 1
907 2
908 4
909 5
910 4
911 7
912 4
913 3
914 7
915 2
916 4
917 5
918 7
919 2
920 4
921 3
922 2
923 6
924 8
925 2
926 2
927 3
928 2
929 3
930 4
931 4
932 5
933 6
934 5
935 5
936 5
937 5
938 5
939 5
940 4
941 2
942 8
943 4
944 4
945 4
946 4
947 4
948 6
949 3
950 4
951 4
952 5
953 6
954 2
955 4
956 5
957 5
958 2
959 4
960 6
961 2
962 4
963 4
964 5
965 4
966 5
967 5
968 1
969 3
970 5
971 3
972 2
973 2
974 2
975 0
976 3
977 1
978 3
979 2
980 3
981 3
982 3
983 6
984 4
985 4
986 5
987 7
988 2
989 6
990 3
991 3
992 2
993 7
994 4
995 4
996 3
997 4
998 4
999 3
1000 4
1001 4
1002 4
1003 4
1004 3
1005 3
1006 5
1007 7
1008 7
1009 6
1010 5
1011 4
1012 6
1013 4
1014 5
1015 5
1016 5
1017 7
1018 4
1019 5
1020 6
1021 7
1022 3
1023 1
1024 5
1025 2
1026 2
1027 6
1028 3
1029 4
1030 4
1031 3
1032 5
1033 2
1034 4
1035 5
1036 7
1037 4
1038 1
1039 5
1040 3
1041 5
1042 4
1043 8
1044 6
1045 3
1046 7
1047 6
1048 3
1049 3
1050 4
1051 4
1052 4
1053 6
1054 2
1055 5
1056 2
1057 3
1058 1
1059 9
1060 6
1061 4
1062 3
1063 3
1064 3
1065 4
1066 3
1067 3
1068 3
1069 4
1070 5
1071 7
1072 5
1073 3
1074 5
1075 4
1076 3
1077 2
1078 4
1079 4
1080 4
1081 7
1082 5
1083 3
1084 6
1085 7
1086 4
1087 3
1088 3
1089 3
1090 2
1091 1
1092 7
1093 5
1094 5
1095 3
1096 5
1097 6
1098 6
1099 4
1100 2
1101 5
1102 2
1103 6
1104 5
1105 7
1106 5
1107 6
1108 4
1109 5
1110 4
1111 3
1112 2
1113 5
1114 6
1115 5
1116 6
1117 3
1118 9
1119 5
1120 3
1121 2
1122 5
1123 3
1124 2
1125 5
1126 6
1127 4
1128 2
1129 2
1130 4
1131 3
1132 3
1133 6
1134 3
1135 6
1136 3
1137 3
1138 6
1139 6
1140 2
1141 4
1142 5
1143 6
1144 4
1145 4
1146 7
1147 2
1148 3
1149 3
1150 2
1151 4
1152 4
1153 7
1154 6
1155 7
1156 4
1157 6
1158 4
1159 4
1160 5
1161 5
1162 3
1163 4
1164 3
1165 4
1166 6
1167 6
1168 4
1169 7
1170 6
1171 7
1172 4
1173 5
1174 2
1175 1
1176 4
1177 7
1178 5
1179 3
1180 8
1181 6
1182 6
1183 3
1184 5
1185 3
1186 4
1187 5
1188 4
1189 5
1190 3
1191 6
1192 5
1193 4
1194 3
1195 3
1196 6
1197 5
1198 6
1199 4
1200 3
1201 6
1202 6
1203 6
1204 6
1205 4
1206 6
1207 4
1208 5
1209 6
1210 6
1211 5
1212 4
1213 6
1214 4
1215 7
1216 6
1217 4
1218 3
1219 4
1220 6
1221 3
1222 2
1223 4
1224 3
1225 6
1226 2
1227 3
1228 8
1229 1
1230 4
1231 2
1232 4
1233 7
1234 1
1235 3
1236 6
1237 5
1238 4
1239 6
1240 5
1241 5
1242 3
1243 3
1244 3
1245 5
1246 5
1247 5
1248 2
1249 5
1250 3
1251 5
1252 4
1253 3
1254 3
1255 6
1256 1
1257 4
1258 3
1259 4
1260 4
1261 3
1262 6
1263 5
1264 3
1265 5
1266 3
1267 3
1268 5
1269 4
1270 4
1271 3
1272 3
1273 5
1274 3
1275 3
1276 3
1277 2
1278 4
1279 7
1280 5
1281 3
1282 5
1283 7
1284 3
1285 5
1286 1
1287 2
1288 6
1289 4
1290 4
1291 7
1292 3
1293 5
1294 3
1295 4
1296 5
1297 4
1298 5
1299 4
1300 3
1301 5
1302 2
1303 4
1304 7
1305 7
1306 5
1307 5
1308 6
1309 4
1310 5
1311 3
1312 6
1313 5
1314 3
1315 4
1316 6
1317 5
1318 2
1319 2
1320 0
1321 3
1322 4
1323 3
1324 6
1325 2
1326 6
1327 5
1328 7
1329 3
1330 2
1331 7
1332 6
1333 6
1334 4
1335 8
1336 4
1337 4
1338 4
1339 5
1340 5
1341 4
1342 5
1343 6
1344 7
1345 6
1346 4
1347 6
1348 6
1349 6
1350 4
1351 4
1352 4
1353 5
1354 3
1355 4
1356 5
1357 3
1358 4
1359 4
1360 4
1361 6
1362 3
1363 2
1364 7
1365 4
1366 3
1367 3
1368 3
1369 4
1370 2
1371 8
1372 4
1373 4
1374 5
1375 5
1376 3
1377 7
1378 6
1379 5
1380 4
1381 6
1382 7
1383 7
1384 5
1385 5
1386 2
1387 2
1388 5
1389 3
1390 3
1391 4
1392 5
1393 9
1394 8
1395 5
1396 3
1397 3
1398 5
1399 5
1400 3
1401 5
1402 5
1403 4
1404 5
1405 6
1406 7
1407 6
1408 4
1409 6
1410 3
1411 5
1412 4
1413 3
1414 4
1415 7
1416 6
1417 2
1418 5
1419 7
1420 3
1421 4
1422 6
1423 2
1424 2
1425 2
1426 0
1427 4
1428 3
1429 1
1430 2
1431 4
1432 5
1433 3
1434 1
1435 3
1436 4
1437 2
1438 4
1439 3
1440 3
1441 2
1442 4
1443 3
1444 4
1445 2
1446 3
1447 3
1448 5
1449 7
1450 3
1451 7
1452 4
1453 6
1454 4
1455 3
1456 4
1457 6
1458 5
1459 4
1460 2
1461 4
1462 1
1463 3
1464 5
1465 2
1466 5
1467 5
1468 5
1469 6
1470 5
1471 5
1472 7
1473 9
1474 4
1475 8
1476 5
1477 1
1478 6
1479 5
1480 5
1481 6
1482 4
1483 4
1484 5
1485 5
1486 4
1487 4
1488 4
1489 2
1490 3
1491 2
1492 3
1493 1
1494 5
1495 1
1496 1
1497 5
1498 2
1499 4
1500 2
1501 3
1502 0
1503 6
1504 1
1505 3
1506 1
1507 3
1508 4
1509 4
1510 2
1511 7
1512 3
1513 4
1514 3
1515 3
1516 3
1517 3
1518 3
1519 5
1520 4
1521 6
1522 3
1523 5
1524 2
1525 5
1526 2
1527 2
1528 4
1529 5
1530 4
1531 4
1532 1
1533 4
1534 2
1535 5
1536 4
1537 5
1538 2
1539 2
1540 3
1541 7
1542 5
1543 2
1544 1
1545 4
1546 6
1547 5
1548 4
1549 7
1550 5
1551 8
1552 3
1553 6
1554 6
1555 2
1556 8
1557 3
1558 2
1559 3
1560 3
1561 3
1562 3
1563 5
1564 2
1565 4
1566 2
1567 4
1568 2
1569 4
1570 6
1571 5
1572 5
1573 4
1574 7
1575 6
1576 4
1577 4
1578 4
1579 6
1580 3
1581 2
1582 4
1583 2
1584 6
1585 8
1586 3
1587 4
1588 3
1589 2
1590 4
1591 3
1592 5
1593 5
1594 3
1595 4
1596 1
1597 5
1598 2
1599 3
1600 5
1601 2
1602 4
1603 1
1604 4
1605 4
1606 5
1607 4
1608 3
1609 3
1610 3
1611 6
1612 5
1613 4
1614 3
1615 5
1616 3
1617 6
1618 1
1619 0
1620 5
1621 3
1622 5
1623 4
1624 4
1625 3
1626 4
1627 3
1628 2
1629 4
1630 2
1631 6
1632 3
1633 5
1634 2
1635 1
1636 4
1637 4
1638 3
1639 3
1640 7
1641 6
1642 5
1643 5
1644 6
1645 6
1646 7
1647 4
1648 3
1649 4
1650 5
1651 4
1652 4
1653 2
1654 0
1655 3
1656 5
1657 5
1658 5
1659 3
1660 4
1661 3
1662 1
1663 4
1664 3
1665 1
1666 2
1667 6
1668 4
1669 1
1670 4
1671 2
1672 2
1673 3
1674 1
1675 5
1676 5
1677 4
1678 4
1679 4
1680 4
1681 5
1682 6
1683 3
1684 4
1685 8
1686 6
1687 5
1688 3
1689 7
1690 3
1691 3
1692 2
1693 2
1694 5
1695 6
1696 5
1697 4
1698 7
1699 4
1700 2
1701 2
1702 3
1703 2
1704 4
1705 3
1706 2
1707 4
1708 4
1709 1
1710 3
1711 3
1712 3
1713 0
1714 4
1715 4
1716 3
1717 2
1718 4
1719 5
1720 4
1721 1
1722 7
1723 5
1724 4
1725 5
1726 4
1727 3
1728 5
1729 3
1730 3
1731 5
1732 6
1733 3
1734 1
1735 6
1736 5
1737 3
1738 3
1739 3
1740 1
1741 6
1742 4
1743 4
1744 3
1745 6
1746 4
1747 2
1748 5
1749 3
1750 1
1751 6
1752 3
1753 4
1754 4
1755 2
1756 4
1757 3
1758 6
1759 4
1760 3
1761 1
1762 4
1763 8
1764 5
1765 5
1766 6
1767 2
1768 3
1769 3
1770 5
1771 0
1772 2
1773 5
1774 6
1775 8
1776 6
1777 4
1778 2
1779 4
1780 6
1781 4
1782 5
1783 5
1784 5
1785 4
1786 1
1787 3
1788 2
1789 4
1790 7
1791 5
1792 5
1793 3
1794 4
1795 2
1796 4
1797 1
1798 5
1799 4
1800 3
1801 5
1802 5
1803 4
1804 4
1805 4
1806 7
1807 5
1808 3
1809 1
1810 5
1811 4
1812 4
1813 1
1814 4
1815 4
1816 3
1817 4
1818 4
1819 8
1820 6
1821 6
1822 4
1823 4
1824 1
1825 5
1826 3
1827 4
1828 5
1829 5
1830 6
1831 5
1832 6
1833 4
1834 5
1835 2
1836 5
1837 4
1838 4
1839 4
1840 7
1841 5
1842 4
1843 5
1844 4
1845 5
1846 4
1847 4
1848 6
1849 8
1850 5
1851 5
1852 5
1853 4
1854 3
1855 4
1856 3
1857 2
1858 4
1859 6
1860 4
1861 6
1862 2
1863 4
1864 3
1865 5
1866 2
1867 4
1868 2
1869 5
1870 2
1871 6
1872 4
1873 4
1874 5
1875 8
1876 4
1877 2
1878 5
1879 6
1880 3
1881 4
1882 5
1883 4
1884 9
1885 2
1886 3
1887 1
1888 4
1889 5
1890 4
1891 3
1892 3
1893 4
1894 5
1895 5
1896 1
1897 6
1898 1
1899 7
1900 4
1901 2
1902 6
1903 3
1904 6
1905 7
1906 4
1907 5
1908 8
1909 4
1910 3
1911 2
1912 3
1913 3
1914 4
1915 2
1916 4
1917 3
1918 3
1919 3
1920 5
1921 4
1922 3
1923 8
1924 3
1925 5
1926 5
1927 7
1928 1
1929 4
1930 5
1931 5
1932 2
1933 3
1934 6
1935 3
1936 6
1937 7
1938 4
1939 5
1940 0
1941 5
1942 4
1943 3
1944 3
1945 2
1946 4
1947 4
1948 3
1949 5
1950 3
1951 5
1952 2
1953 4
1954 3
1955 8
1956 3
1957 4
1958 6
1959 6
1960 5
1961 4
1962 5
1963 4
1964 1
1965 5
1966 2
1967 6
1968 4
1969 6
1970 5
1971 4
1972 4
1973 4
1974 5
1975 6
1976 3
1977 4
1978 4
1979 2
1980 5
1981 2
1982 5
1983 3
1984 5
1985 3
1986 2
1987 8
1988 2
1989 6
1990 4
1991 3
1992 2
1993 4
1994 5
1995 3
1996 2
1997 6
1998 4
1999 5
2000 5
2001 4
2002 7
2003 4
2004 3
2005 1
2006 4
2007 2
2008 4
2009 4
2010 4
2011 1
2012 3
2013 3
2014 1
2015 3
2016 5
2017 2
2018 5
2019 4
2020 1
2021 5
2022 2
2023 5
2024 3
2025 2
2026 4
2027 3
2028 4
2029 5
2030 3
2031 6
2032 1
2033 4
2034 4
2035 3
2036 4
2037 4
2038 2
2039 6
2040 3
2041 3
2042 5
2043 7
2044 3
2045 3
2046 8
2047 4
2048 3
2049 3
2050 8
2051 4
2052 5
2053 2
2054 6
2055 3
2056 6
2057 2
2058 2
2059 4
2060 6
2061 9
2062 9
2063 3
2064 4
2065 4
2066 5
2067 5
2068 3
2069 3
2070 3
2071 8
2072 4
2073 3
2074 5
2075 4
2076 7
2077 3
2078 6
2079 4
2080 5
2081 4
2082 3
2083 5
2084 8
2085 7
2086 5
2087 5
2088 6
2089 4
2090 2
2091 4
2092 6
2093 3
2094 4
2095 5
2096 6
2097 5
2098 7
2099 5
2100 3
2101 6
2102 6
2103 5
2104 3
2105 5
2106 3
2107 5
2108 4
2109 5
2110 5
2111 3
2112 6
2113 6
2114 2
2115 6
2116 0
2117 5
2118 4
2119 4
2120 6
2121 2
2122 2
2123 4
2124 1
2125 7
2126 1
2127 4
2128 2
2129 8
2130 3
2131 6
2132 6
2133 5
2134 2
2135 4
2136 6
2137 4
2138 4
2139 1
2140 3
2141 5
2142 4
2143 7
2144 3
2145 7
2146 3
2147 5
2148 4
2149 5
2150 7
2151 9
2152 3
2153 7
2154 6
2155 5
2156 8
2157 5
2158 6
2159 4
2160 6
2161 3
2162 5
2163 4
2164 7
2165 5
2166 4
2167 5
2168 4
2169 3
2170 4
2171 6
2172 4
2173 3
2174 5
2175 8
2176 7
2177 4
2178 2
2179 2
2180 3
2181 3
2182 7
2183 3
2184 7
2185 3
2186 2
2187 2
2188 3
2189 6
2190 5
2191 2
2192 8
2193 8
2194 6
2195 3
2196 5
2197 4
2198 3
2199 6
2200 7
2201 2
2202 3
2203 3
2204 1
2205 3
2206 3
2207 2
2208 8
2209 5
2210 4
2211 7
2212 5
2213 5
2214 3
2215 4
2216 2
2217 2
2218 3
2219 5
2220 3
2221 2
2222 1
2223 0
2224 2
2225 6
2226 4
2227 4
2228 6
2229 6
2230 7
2231 4
2232 3
2233 5
2234 6
2235 1
2236 3
2237 4
2238 3
2239 5
2240 5
2241 4
2242 4
2243 3
2244 5
2245 3
2246 3
2247 3
2248 3
2249 2
2250 5
2251 7
2252 3
2253 3
2254 2
2255 4
2256 2
2257 2
2258 3
2259 6
2260 5
2261 1
2262 1
2263 5
2264 4
2265 5
2266 3
2267 4
2268 2
2269 5
2270 6
2271 4
2272 0
2273 7
2274 6
2275 5
2276 6
2277 3
2278 3
2279 0
2280 4
2281 4
2282 1
2283 4
2284 3
2285 3
2286 1
2287 3
2288 3
2289 2
2290 1
2291 4
2292 5
2293 5
2294 2
2295 3
2296 5
2297 2
2298 3
2299 1
2300 2
2301 2
2302 6
2303 3
2304 5
2305 1
2306 4
2307 4
2308 4
2309 3
2310 3
2311 7
2312 5
2313 4
2314 6
2315 4
2316 4
2317 7
2318 5
2319 7
2320 4
2321 2
2322 2
2323 3
2324 3
2325 4
2326 5
2327 7
2328 3
2329 4
2330 5
2331 3
2332 5
2333 1
2334 4
2335 5
2336 4
2337 5
2338 3
2339 4
2340 5
2341 3
2342 4
2343 4
2344 4
2345 6
2346 6
2347 4
2348 3
2349 6
2350 2
2351 4
2352 5
2353 4
2354 4
2355 4
2356 3
2357 2
2358 5
2359 3
2360 4
2361 6
2362 4
2363 4
2364 6
2365 5
2366 7
2367 2
2368 3
2369 4
2370 7
2371 9
2372 5
2373 3
2374 5
2375 4
2376 6
2377 0
2378 2
2379 9
2380 5
2381 5
2382 4
2383 5
2384 8
2385 4
2386 3
2387 3
2388 4
2389 7
2390 6
2391 2
2392 4
2393 6
2394 6
2395 10
2396 7
2397 8
2398 5
2399 8
2400 3
2401 2
2402 4
2403 5
2404 5
2405 3
2406 4
2407 3
2408 2
2409 4
2410 5
2411 8
2412 7
2413 4
2414 5
2415 7
2416 1
2417 3
2418 6
2419 6
2420 6
2421 7
2422 2
2423 6
2424 4
2425 4
2426 9
2427 3
2428 5
2429 5
2430 4
2431 5
2432 6
2433 4
2434 6
2435 4
2436 2
2437 4
2438 3
2439 2
2440 8
2441 3
2442 4
2443 1
2444 1
2445 4
2446 6
2447 5
2448 5
2449 4
2450 3
2451 5
2452 3
2453 0
2454 5
2455 5
2456 3
2457 2
2458 6
2459 5
2460 2
2461 4
2462 2
2463 6
2464 7
2465 6
2466 5
2467 4
2468 5
2469 8
2470 7
2471 4
2472 4
2473 6
2474 4
2475 2
2476 4
2477 5
2478 3
2479 4
2480 3
2481 3
2482 4
2483 3
2484 2
2485 4
2486 2
2487 3
2488 5
2489 6
2490 3
2491 2
2492 2
2493 6
2494 2
2495 5
2496 4
2497 6
2498 6
2499 4
2500 3
2501 2
2502 5
2503 3
2504 5
2505 2
2506 3
2507 6
2508 6
2509 6
2510 2
2511 3
2512 5
2513 3
2514 7
2515 2
2516 3
2517 4
2518 4
2519 2
2520 2
2521 6
2522 3
2523 3
2524 5
2525 4
2526 7
2527 6
2528 4
2529 5
2530 5
2531 6
2532 8
2533 4
2534 6
2535 7
2536 4
2537 4
2538 2
2539 3
2540 6
2541 3
2542 4
2543 0
2544 6
2545 6
2546 2
2547 3
2548 3
2549 3
2550 3
2551 2
2552 6
2553 6
2554 8
2555 3
2556 6
2557 6
2558 5
2559 7
2560 1
2561 5
2562 4
2563 5
2564 4
2565 6
2566 3
2567 5
2568 6
2569 5
2570 7
2571 4
2572 5
2573 5
2574 5
2575 3
2576 6
2577 5
2578 3
2579 5
2580 7
2581 4
2582 4
2583 4
2584 3
2585 4
2586 5
2587 4
2588 5
2589 3
2590 5
2591 6
2592 4
2593 4
2594 6
2595 3
2596 5
2597 8
2598 2
2599 3
2600 4
2601 6
2602 6
2603 2
2604 5
2605 1
2606 3
2607 3
2608 4
2609 6
2610 5
2611 2
2612 5
2613 4
2614 5
2615 6
2616 6
2617 5
2618 4
2619 5
2620 5
2621 3
2622 4
2623 5
2624 1
2625 3
2626 3
2627 3
2628 4
2629 5
2630 4
2631 5
2632 0
2633 4
2634 6
2635 2
2636 5
2637 5
2638 5
2639 5
2640 4
2641 6
2642 3
2643 6
2644 5
2645 5
2646 4
2647 5
2648 3
2649 1
2650 4
2651 6
2652 3
2653 4
2654 4
2655 5
2656 3
2657 3
2658 7
2659 7
2660 5
2661 5
2662 6
2663 3
2664 6
2665 4
2666 6
2667 1
2668 4
2669 3
2670 3
2671 7
2672 4
2673 4
2674 4
2675 5
2676 5
2677 2
2678 5
2679 5
2680 3
2681 2
2682 4
2683 3
2684 3
2685 4
2686 4
2687 7
2688 5
2689 8
2690 3
2691 5
2692 6
2693 7
2694 6
2695 4
2696 3
2697 4
2698 3
2699 5
2700 5
2701 2
2702 1
2703 2
2704 6
2705 6
2706 5
2707 7
2708 2
2709 1
2710 2
2711 5
2712 4
2713 2
2714 6
2715 1
2716 3
2717 5
2718 5
2719 7
2720 5
2721 6
2722 2
2723 5
2724 5
2725 6
2726 1
2727 3
2728 6
2729 5
2730 2
2731 7
2732 6
2733 7
2734 4
2735 4
2736 6
2737 7
2738 5
2739 4
2740 5
2741 5
2742 4
2743 4
2744 2
2745 2
2746 4
2747 2
2748 8
2749 6
2750 4
2751 0
2752 3
2753 3
2754 4
2755 5
2756 5
2757 6
2758 7
2759 5
2760 5
2761 3
2762 5
2763 5
2764 4
2765 2
2766 3
2767 5
2768 5
2769 5
2770 3
2771 2
2772 3
2773 5
2774 2
2775 2
2776 4
2777 3
2778 3
2779 6
2780 3
2781 6
2782 1
2783 2
2784 2
2785 2
2786 2
2787 4
2788 2
2789 3
2790 4
2791 5
2792 3
2793 6
2794 3
2795 5
2796 9
2797 3
2798 5
2799 4
2800 3
2801 3
2802 4
2803 6
2804 3
2805 3
2806 4
2807 2
2808 7
2809 4
2810 3
2811 3
2812 2
2813 8
2814 3
2815 3
2816 5
2817 3
2818 3
2819 5
2820 2
2821 5
2822 3
2823 3
2824 8
2825 6
2826 3
2827 2
2828 3
2829 2
2830 7
2831 8
2832 5
2833 6
2834 3
2835 6
2836 3
2837 3
2838 6
2839 5
2840 2
2841 6
2842 2
2843 3
2844 3
2845 4
2846 6
2847 7
2848 4
2849 9
2850 5
2851 4
2852 4
2853 3
2854 2
2855 3
2856 2
2857 2
2858 3
2859 1
2860 2
2861 2
2862 4
2863 5
2864 4
2865 4
2866 6
2867 2
2868 1
2869 4
2870 7
2871 3
2872 3
2873 5
2874 4
2875 4
2876 4
2877 3
2878 6
2879 6
2880 3
2881 3
2882 6
2883 4
2884 5
2885 5
2886 7
2887 5
2888 3
2889 3
2890 3
2891 6
2892 5
2893 3
2894 7
2895 2
2896 2
2897 0
2898 3
2899 5
2900 1
2901 2
2902 5
2903 2
2904 7
2905 2
2906 4
2907 2
2908 3
2909 2
2910 8
2911 6
2912 5
2913 4
2914 4
2915 3
2916 5
2917 2
2918 2
2919 4
2920 2
2921 3
2922 3
2923 5
2924 4
2925 4
2926 5
2927 8
2928 6
2929 6
2930 3
2931 3
2932 6
2933 5
2934 7
2935 5
2936 2
2937 3
2938 6
2939 3
2940 4
2941 5
2942 4
2943 6
2944 5
2945 6
2946 3
2947 4
2948 1
2949 1
2950 0
2951 4
2952 3
2953 5
2954 2
2955 7
2956 6
2957 5
2958 2
2959 6
2960 4
2961 6
2962 3
2963 2
2964 3
2965 3
2966 2
2967 2
2968 3
2969 0
2970 5
2971 5
2972 3
2973 4
2974 3
2975 1
2976 2
2977 7
2978 3
2979 4
2980 4
2981 3
2982 6
2983 4
2984 5
2985 4
2986 4
2987 3
2988 2
2989 4
2990 3
2991 6
2992 4
2993 5
2994 2
2995 4
2996 1
2997 1
2998 3
2999 4
3000 4
3001 5
3002 2
3003 7
3004 2
3005 2
3006 2
3007 2
3008 4
3009 4
3010 3
3011 3
3012 3
3013 0
3014 3
3015 7
3016 3
3017 2
3018 4
3019 1
3020 6
3021 5
3022 5
3023 3
3024 5
3025 2
3026 3
3027 3
3028 6
3029 3
3030 7
3031 6
3032 2
3033 4
3034 1
3035 3
3036 2
3037 3
3038 2
3039 2
3040 2
3041 3
3042 6
3043 5
3044 3
3045 4
3046 4
3047 5
3048 5
3049 3
3050 4
3051 1
3052 5
3053 6
3054 4
3055 6
3056 2
3057 4
3058 8
3059 3
3060 2
3061 3
3062 4
3063 4
3064 7
3065 6
3066 4
3067 4
3068 4
3069 3
3070 2
3071 5
3072 4
3073 6
3074 8
3075 3
3076 6
3077 5
3078 4
3079 4
3080 3
3081 5
3082 2
3083 4
3084 2
3085 6
3086 6
3087 6
3088 7
3089 5
3090 4
3091 4
3092 5
3093 2
3094 5
3095 1
3096 3
3097 5
3098 5
3099 3
3100 6
3101 3
3102 4
3103 0
3104 3
3105 4
3106 4
3107 4
3108 4
3109 5
3110 5
3111 3
3112 3
3113 4
3114 4
3115 5
3116 3
3117 3
3118 6
3119 4
3120 3
3121 3
3122 4
3123 2
3124 2
3125 5
3126 4
3127 3
3128 5
3129 6
3130 3
3131 5
3132 2
3133 5
3134 2
3135 2
3136 2
3137 2
3138 3
3139 7
3140 7
3141 2
3142 3
3143 3
3144 3
3145 5
3146 3
3147 1
3148 1
3149 3
3150 5
3151 4
3152 4
3153 2
3154 2
3155 5
3156 1
3157 3
3158 2
3159 4
3160 1
3161 2
3162 6
3163 3
3164 3
3165 4
3166 3
3167 5
3168 4
3169 3
3170 3
3171 5
3172 5
3173 4
3174 2
3175 2
3176 8
3177 4
3178 4
3179 4
3180 3
3181 5
3182 2
3183 1
3184 6
3185 2
3186 2
3187 5
3188 5
3189 1
3190 3
3191 4
3192 3
3193 2
3194 4
3195 6
3196 2
3197 2
3198 4
3199 5
3200 5
3201 3
3202 2
3203 2
3204 4
3205 5
3206 2
3207 5
3208 3
3209 4
3210 1
3211 3
3212 6
3213 1
3214 4
3215 1
3216 3
3217 4
3218 3
3219 4
3220 1
3221 4
3222 4
3223 4
3224 1
3225 5
3226 1
3227 5
3228 5
3229 2
3230 3
3231 3
3232 2
3233 4
3234 3
3235 4
3236 4
3237 6
3238 1
3239 3
3240 2
3241 4
3242 5
3243 5
3244 2
3245 2
3246 1
3247 5
3248 7
3249 3
3250 3
3251 5
3252 5
3253 7
3254 4
3255 5
3256 3
3257 0
3258 1
3259 4
3260 1
3261 3
3262 3
3263 6
3264 2
3265 1
3266 1
3267 4
3268 3
3269 3
3270 4
3271 0
3272 5
3273 5
3274 2
3275 4
3276 4
3277 3
3278 3
3279 6
3280 4
3281 3
3282 2
3283 3
3284 6
3285 3
3286 3
3287 1
3288 2
3289 1
3290 2
3291 4
3292 2
3293 3
3294 5
3295 6
3296 4
3297 3
3298 4
3299 2
3300 6
3301 4
3302 2
3303 2
3304 4
3305 5
3306 5
3307 4
3308 5
3309 2
3310 3
3311 5
3312 3
3313 7
3314 4
3315 6
3316 4
3317 2
3318 5
3319 3
3320 7
3321 2
3322 4
3323 5
3324 3
3325 3
3326 4
3327 3
3328 2
3329 3
3330 4
3331 6
3332 3
3333 5
3334 6
3335 4
3336 5
3337 5
3338 6
3339 6
3340 2
3341 5
3342 7
3343 6
3344 3
3345 3
3346 4
3347 6
3348 5
3349 4
3350 4
3351 7
3352 2
3353 4
3354 3
3355 2
3356 2
3357 4
3358 8
3359 4
3360 5
3361 5
3362 3
3363 3
3364 4
3365 6
3366 3
3367 3
3368 2
3369 3
3370 1
3371 5
3372 4
3373 8
3374 1
3375 2
3376 6
3377 5
3378 2
3379 2
3380 4
3381 5
3382 2
3383 5
3384 6
3385 2
3386 6
3387 3
3388 5
3389 4
3390 4
3391 4
3392 1
3393 2
3394 1
3395 6
3396 3
3397 4
3398 6
3399 5
3400 4
3401 4
3402 7
3403 4
3404 5
3405 6
3406 7
3407 3
3408 2
3409 3
3410 3
3411 6
3412 1
3413 2
3414 4
3415 4
3416 4
3417 6
3418 5
3419 3
3420 7
3421 4
3422 3
3423 2
3424 4
3425 5
3426 3
3427 1
3428 2
3429 3
3430 5
3431 6
3432 5
3433 2
3434 3
3435 2
3436 5
3437 4
3438 4
3439 3
3440 6
3441 4
3442 5
3443 3
3444 3
3445 6
3446 5
3447 4
3448 4
3449 4
3450 6
3451 6
3452 5
3453 8
3454 5
3455 2
3456 1
3457 6
3458 4
3459 4
3460 6
3461 6
3462 2
3463 2
3464 3
3465 2
3466 2
3467 4
3468 3
3469 4
3470 2
3471 4
3472 4
3473 6
3474 2
3475 4
3476 2
3477 8
3478 6
3479 5
3480 4
3481 5
3482 4
3483 3
3484 3
3485 3
3486 5
3487 4
3488 2
3489 5
3490 4
3491 4
3492 3
3493 7
3494 2
3495 3
3496 3
3497 4
3498 3
3499 5
3500 4
3501 5
3502 6
3503 4
3504 5
3505 3
3506 4
3507 5
3508 5
3509 4
3510 4
3511 6
3512 2
3513 2
3514 7
3515 6
3516 6
3517 4
3518 4
3519 4
3520 2
3521 1
3522 5
3523 4
3524 3
3525 3
3526 5
3527 3
3528 4
3529 2
3530 1
3531 6
3532 2
3533 5
3534 2
3535 3
3536 4
3537 4
3538 2
3539 3
3540 3
3541 3
3542 4
3543 4
3544 3
3545 1
3546 4
3547 5
3548 4
3549 6
3550 5
3551 5
3552 5
3553 5
3554 5
3555 7
3556 6
3557 3
3558 6
3559 3
3560 6
3561 7
3562 3
3563 9
3564 4
3565 6
3566 6
3567 5
3568 6
3569 2
3570 2
3571 7
3572 4
3573 1
3574 5
3575 6
3576 2
3577 2
3578 6
3579 4
3580 4
3581 2
3582 5
3583 6
3584 2
3585 3
3586 5
3587 6
3588 9
3589 5
3590 4
3591 3
3592 3
3593 3
3594 1
3595 3
3596 2
3597 3
3598 3
3599 4
3600 4
3601 3
3602 2
3603 6
3604 1
3605 3
3606 1
3607 6
3608 3
3609 5
3610 3
3611 2
3612 2
3613 5
3614 3
3615 6
3616 3
3617 4
3618 4
3619 5
3620 8
3621 4
3622 3
3623 7
3624 5
3625 4
3626 3
3627 6
3628 4
3629 4
3630 2
3631 4
3632 6
3633 2
3634 2
3635 3
3636 2
3637 2
3638 1
3639 5
3640 6
3641 3
3642 4
3643 4
3644 4
3645 2
3646 3
3647 3
3648 2
3649 4
3650 5
3651 6
3652 6
3653 2
3654 4
3655 5
3656 4
3657 5
3658 4
3659 5
3660 2
3661 4
3662 4
3663 3
3664 3
3665 3
3666 4
3667 3
3668 0
3669 3
3670 1
3671 3
3672 3
3673 1
3674 8
3675 3
3676 3
3677 3
3678 2
3679 3
3680 4
3681 3
3682 2
3683 5
3684 2
3685 4
3686 4
3687 3
3688 4
3689 5
3690 5
3691 2
3692 4
3693 3
3694 3
3695 5
3696 3
3697 1
3698 3
3699 5
3700 2
3701 3
3702 4
3703 5
3704 3
3705 1
3706 0
3707 3
3708 3
3709 4
3710 3
3711 2
3712 5
3713 2
3714 3
3715 2
3716 1
3717 1
3718 9
3719 2
3720 5
3721 0
3722 3
3723 5
3724 5
3725 6
3726 4
3727 3
3728 2
3729 4
3730 2
3731 3
3732 3
3733 2
3734 6
3735 2
3736 2
3737 4
3738 8
3739 5
3740 7
3741 5
3742 4
3743 4
3744 4
3745 5
3746 4
3747 4
3748 3
3749 5
3750 5
3751 3
3752 6
3753 4
3754 4
3755 4
3756 4
3757 3
3758 2
3759 3
3760 5
3761 4
3762 4
3763 4
3764 5
3765 2
3766 5
3767 1
3768 2
3769 6
3770 6
3771 4
3772 5
3773 3
3774 4
3775 7
3776 5
3777 10
3778 5
3779 3
3780 5
3781 1
3782 2
3783 2
3784 3
3785 5
3786 4
3787 3
3788 5
3789 6
3790 5
3791 5
3792 3
3793 4
3794 4
3795 6
3796 5
3797 3
3798 1
3799 4
3800 5
3801 5
3802 5
3803 5
3804 4
3805 2
3806 5
3807 5
3808 3
3809 6
3810 1
3811 2
3812 5
3813 8
3814 5
3815 6
3816 3
3817 4
3818 8
3819 5
3820 4
3821 3
3822 7
3823 4
3824 4
3825 3
3826 5
3827 5
3828 2
3829 3
3830 4
3831 3
3832 4
3833 4
3834 4
3835 5
3836 3
3837 5
3838 4
3839 2
3840 6
3841 6
3842 3
3843 7
3844 4
3845 5
3846 9
3847 2
3848 6
3849 5
3850 6
3851 2
3852 2
3853 2
3854 2
3855 4
3856 2
3857 3
3858 7
3859 3
3860 4
3861 2
3862 3
3863 2
3864 0
3865 3
3866 3
3867 3
3868 6
3869 4
3870 5
3871 5
3872 1
3873 5
3874 3
3875 4
3876 6
3877 8
3878 4
3879 3
3880 3
3881 2
3882 2
3883 4
3884 4
3885 6
3886 5
3887 5
3888 2
3889 2
3890 5
3891 2
3892 1
3893 4
3894 4
3895 4
3896 3
3897 3
3898 5
3899 3
3900 4
3901 5
3902 5
3903 3
3904 5
3905 5
3906 6
3907 5
3908 3
3909 2
3910 7
3911 4
3912 4
3913 2
3914 3
3915 3
3916 1
3917 4
3918 3
3919 2
3920 3
3921 6
3922 8
3923 6
3924 4
3925 3
3926 4
3927 7
3928 6
3929 2
3930 3
3931 3
3932 4
3933 5
3934 6
3935 7
3936 3
3937 4
3938 7
3939 6
3940 2
3941 6
3942 6
3943 5
3944 4
3945 5
3946 3
3947 3
3948 5
3949 6
3950 8
3951 6
3952 7
3953 5
3954 7
3955 3
3956 6
3957 5
3958 7
3959 4
3960 3
3961 3
3962 8
3963 3
3964 1
3965 6
3966 3
3967 5
3968 7
3969 4
3970 5
3971 6
3972 4
3973 5
3974 3
3975 7
3976 4
3977 3
3978 5
3979 4
3980 6
3981 2
3982 4
3983 4
3984 5
3985 4
3986 5
3987 3
3988 4
3989 6
3990 5
3991 6
3992 7
3993 4
3994 6
3995 4
3996 3
3997 5
3998 4
3999 3
4000 3
4001 2
4002 2
4003 4
4004 3
4005 1
4006 5
4007 5
4008 6
4009 5
4010 7
4011 3
4012 4
4013 3
4014 3
4015 1
4016 2
4017 5
4018 5
4019 2
4020 3
4021 6
4022 3
4023 2
4024 4
4025 5
4026 5
4027 7
4028 4
4029 4
4030 3
4031 3
4032 6
4033 5
4034 4
4035 5
4036 3
4037 6
4038 8
4039 3
4040 4
4041 6
4042 5
4043 5
4044 3
4045 2
4046 5
4047 2
4048 3
4049 5
4050 5
4051 7
4052 3
4053 4
4054 6
4055 8
4056 3
4057 5
4058 3
4059 3
4060 4
4061 6
4062 4
4063 6
4064 4
4065 2
4066 5
4067 3
4068 6
4069 3
4070 3
4071 5
4072 6
4073 3
4074 4
4075 2
4076 4
4077 3
4078 7
4079 5
4080 5
4081 4
4082 3
4083 3
4084 4
4085 6
4086 7
4087 4
4088 5
4089 7
4090 8
4091 6
4092 6
4093 4
4094 9
4095 3
4096 5
4097 4
4098 4
4099 8
4100 5
4101 3
4102 4
4103 1
4104 3
4105 4
4106 4
4107 3
4108 6
4109 2
4110 1
4111 1
4112 5
4113 5
4114 1
4115 2
4116 4
4117 4
4118 4
4119 4
4120 1
4121 4
4122 3
4123 3
4124 7
4125 1
4126 1
4127 1
4128 1
4129 5
4130 4
4131 5
4132 3
4133 2
4134 6
4135 5
4136 6
4137 4
4138 7
4139 5
4140 5
4141 3
4142 4
4143 3
4144 1
4145 7
4146 5
4147 2
4148 3
4149 7
4150 4
4151 3
4152 2
4153 4
4154 4
4155 3
4156 2
4157 2
4158 6
4159 4
4160 1
4161 4
4162 3
4163 5
4164 2
4165 3
4166 4
4167 3
4168 3
4169 4
4170 3
4171 1
4172 3
4173 3
4174 4
4175 2
4176 2
4177 5
4178 3
4179 1
4180 1
4181 2
4182 4
4183 3
4184 0
4185 2
4186 2
4187 2
4188 2
4189 2
4190 7
4191 4
4192 5
4193 4
4194 4
4195 2
4196 4
4197 3
4198 1
4199 6
4200 4
4201 3
4202 1
4203 3
4204 3
4205 2
4206 4
4207 4
4208 5
4209 2
4210 2
4211 3
4212 2
4213 6
4214 4
4215 4
4216 5
4217 3
4218 4
4219 4
4220 6
4221 6
4222 6
4223 6
4224 3
4225 4
4226 3
4227 2
4228 3
4229 3
4230 4
4231 4
4232 6
4233 6
4234 7
4235 3
4236 6
4237 2
4238 2
4239 3
4240 3
4241 3
4242 5
4243 4
4244 4
4245 4
4246 5
4247 4
4248 3
4249 5
4250 5
4251 1
4252 3
4253 9
4254 4
4255 5
4256 3
4257 4
4258 5
4259 5
4260 6
4261 3
4262 5
4263 5
4264 4
4265 4
4266 4
4267 6
4268 2
4269 3
4270 3
4271 2
4272 2
4273 3
4274 2
4275 3
4276 5
4277 3
4278 3
4279 4
4280 4
4281 6
4282 4
4283 5
4284 2
4285 4
4286 4
4287 3
4288 7
4289 10
4290 5
4291 4
4292 5
4293 1
4294 4
4295 3
4296 8
4297 4
4298 6
4299 2
4300 2
4301 4
4302 2
4303 4
4304 4
4305 0
4306 6
4307 4
4308 3
4309 2
4310 4
4311 3
4312 1
4313 3
4314 4
4315 3
4316 3
4317 4
4318 7
4319 4
4320 5
4321 4
4322 3
4323 2
4324 4
4325 4
4326 5
4327 5
4328 4
4329 3
4330 4
4331 3
4332 1
4333 4
4334 4
4335 4
4336 4
4337 3
4338 9
4339 3
4340 6
4341 7
4342 3
4343 4
4344 5
4345 6
4346 3
4347 1
4348 6
4349 6
4350 3
4351 5
4352 4
4353 2
4354 7
4355 8
4356 4
4357 2
4358 3
4359 2
4360 6
4361 2
4362 4
4363 4
4364 1
4365 3
4366 3
4367 3
4368 6
4369 3
4370 5
4371 6
4372 3
4373 4
4374 5
4375 4
4376 1
4377 4
4378 5
4379 3
4380 3
4381 3
4382 6
4383 5
4384 4
4385 3
4386 6
4387 4
4388 2
4389 5
4390 5
4391 1
4392 5
4393 4
4394 4
4395 0
4396 3
4397 2
4398 3
4399 4
4400 2
4401 4
4402 6
4403 3
4404 5
4405 2
4406 2
4407 5
4408 3
4409 4
4410 4
4411 2
4412 3
4413 4
4414 5
4415 6
4416 5
4417 1
4418 1
4419 4
4420 5
4421 5
4422 2
4423 4
4424 4
4425 4
4426 0
4427 4
4428 5
4429 3
4430 3
4431 2
4432 1
4433 5
4434 3
4435 6
4436 4
4437 2
4438 3
4439 6
4440 6
4441 7
4442 4
4443 4
4444 7
4445 4
4446 7
4447 6
4448 2
4449 4
4450 2
4451 3
4452 2
4453 4
4454 3
4455 3
4456 6
4457 4
4458 3
4459 2
4460 3
4461 4
4462 4
4463 6
4464 1
4465 6
4466 3
4467 4
4468 6
4469 5
4470 2
4471 4
4472 5
4473 3
4474 3
4475 6
4476 4
4477 5
4478 1
4479 2
4480 7
4481 7
4482 4
4483 4
4484 5
4485 4
4486 8
4487 3
4488 4
4489 6
4490 3
4491 2
4492 4
4493 2
4494 2
4495 5
4496 2
4497 3
4498 4
4499 3
4500 4
4501 5
4502 6
4503 4
4504 2
4505 3
4506 5
4507 5
4508 5
4509 2
4510 2
4511 4
4512 3
4513 2
4514 6
4515 3
4516 4
4517 2
4518 5
4519 2
4520 6
4521 3
4522 6
4523 4
4524 7
4525 2
4526 5
4527 2
4528 3
4529 4
4530 4
4531 7
4532 2
4533 5
4534 5
4535 4
4536 5
4537 7
4538 4
4539 4
4540 4
4541 4
4542 5
4543 2
4544 4
4545 7
4546 5
4547 9
4548 4
4549 3
4550 5
4551 6
4552 2
4553 5
4554 4
4555 3
4556 7
4557 3
4558 2
4559 7
4560 4
4561 2
4562 3
4563 5
4564 3
4565 4
4566 3
4567 6
4568 5
4569 7
4570 3
4571 4
4572 7
4573 8
4574 3
4575 6
4576 5
4577 3
4578 7
4579 5
4580 2
4581 5
4582 5
4583 3
4584 5
4585 3
4586 3
4587 7
4588 7
4589 6
4590 5
4591 3
4592 4
4593 3
4594 8
4595 6
4596 7
4597 5
4598 6
4599 6
4600 6
4601 4
4602 5
4603 7
4604 3
4605 1
4606 4
4607 3
4608 5
4609 4
4610 5
4611 3
4612 4
4613 8
4614 5
4615 8
4616 4
4617 6
4618 6
4619 4
4620 5
4621 5
4622 2
4623 6
4624 7
4625 5
4626 8
4627 4
4628 3
4629 5
4630 4
4631 6
4632 5
4633 4
4634 2
4635 3
4636 4
4637 4
4638 2
4639 3
4640 3
4641 2
4642 2
4643 4
4644 5
4645 2
4646 5
4647 7
4648 1
4649 5
4650 4
4651 5
4652 3
4653 7
4654 3
4655 5
4656 2
4657 6
4658 4
4659 4
4660 4
4661 4
4662 5
4663 4
4664 9
4665 5
4666 5
4667 5
4668 6
4669 0
4670 6
4671 5
4672 6
4673 2
4674 5
4675 6
4676 2
4677 4
4678 2
4679 3
4680 4
4681 4
4682 6
4683 6
4684 3
4685 4
4686 6
4687 2
4688 3
4689 3
4690 6
4691 5
4692 4
4693 6
4694 6
4695 6
4696 3
4697 3
4698 5
4699 6
4700 4
4701 6
4702 3
4703 5
4704 4
4705 1
4706 2
4707 6
4708 2
4709 1
4710 4
4711 6
4712 5
4713 4
4714 4
4715 9
4716 3
4717 2
4718 4
4719 4
4720 3
4721 5
4722 4
4723 5
4724 5
4725 2
4726 4
4727 7
4728 3
4729 2
4730 5
4731 1
4732 3
4733 3
4734 4
4735 6
4736 5
4737 5
4738 4
4739 1
4740 5
4741 6
4742 4
4743 3
4744 3
4745 7
4746 4
4747 4
4748 4
4749 6
4750 3
4751 5
4752 5
4753 7
4754 5
4755 5
4756 3
4757 4
4758 3
4759 5
4760 3
4761 1
4762 5
4763 3
4764 5
4765 6
4766 6
4767 4
4768 5
4769 6
4770 0
4771 5
4772 3
4773 4
4774 5
4775 2
4776 7
4777 4
4778 3
4779 1
4780 4
4781 6
4782 3
4783 2
4784 6
4785 1
4786 1
4787 5
4788 7
4789 3
4790 2
4791 4
4792 3
4793 5
4794 6
4795 2
4796 5
4797 6
4798 2
4799 2
4800 3
4801 5
4802 5
4803 4
4804 6
4805 5
4806 8
4807 5
4808 5
4809 1
4810 5
4811 5
4812 2
4813 6
4814 5
4815 4
4816 4
4817 6
4818 3
4819 4
4820 4
4821 4
4822 7
4823 5
4824 3
4825 5
4826 5
4827 7
4828 5
4829 4
4830 3
4831 3
4832 3
4833 6
4834 3
4835 1
4836 6
4837 4
4838 2
4839 6
4840 2
4841 6
4842 2
4843 4
4844 7
4845 6
4846 5
4847 5
4848 3
4849 2
4850 4
4851 6
4852 6
4853 2
4854 7
4855 4
4856 3
4857 5
4858 4
4859 4
4860 7
4861 3
4862 3
4863 4
4864 3
4865 4
4866 5
4867 6
4868 3
4869 2
4870 5
4871 6
4872 2
4873 3
4874 6
4875 2
4876 4
4877 3
4878 3
4879 7
4880 6
4881 4
4882 7
4883 1
4884 3
4885 5
4886 7
4887 5
4888 3
4889 5
4890 7
4891 4
4892 4
4893 6
4894 4
4895 3
4896 2
4897 7
4898 6
4899 7
4900 5
4901 6
4902 6
4903 5
4904 2
4905 2
4906 2
4907 3
4908 6
4909 1
4910 2
4911 5
4912 3
4913 5
4914 4
4915 3
4916 4
4917 4
4918 3
4919 2
4920 8
4921 5
4922 4
4923 3
4924 7
4925 3
4926 6
4927 7
4928 6
4929 6
4930 5
4931 5
4932 5
4933 7
4934 4
4935 4
4936 3
4937 5
4938 4
4939 8
4940 4
4941 6
4942 4
4943 8
4944 3
4945 5
4946 5
4947 7
4948 5
4949 5
4950 6
4951 3
4952 3
4953 5
4954 4
4955 2
4956 7
4957 4
4958 5
4959 7
4960 4
4961 4
4962 8
4963 3
4964 5
4965 4
4966 2
4967 4
4968 2
4969 4
4970 7
4971 6
4972 4
4973 6
4974 4
4975 3
4976 5
4977 4
4978 5
4979 4
4980 7
4981 5
4982 5
4983 3
4984 1
4985 6
4986 5
4987 2
4988 5
4989 5
4990 4
4991 5
4992 8
4993 7
4994 3
4995 6
4996 6
4997 5
4998 6
4999 5
5000 5
5001 2
5002 5
5003 3
5004 4
5005 3
5006 3
5007 2
5008 5
5009 2
5010 2
5011 4
5012 4
5013 6
5014 2
5015 1
5016 3
5017 5
5018 5
5019 7
5020 4
5021 7
5022 4
5023 7
5024 4
5025 4
5026 7
5027 6
5028 3
5029 5
5030 6
5031 6
5032 3
5033 4
5034 5
5035 4
5036 4
5037 5
5038 6
5039 2
5040 5
5041 0
5042 5
5043 6
5044 3
5045 6
5046 2
5047 5
5048 3
5049 6
5050 3
5051 3
5052 3
5053 2
5054 5
5055 2
5056 2
5057 3
5058 6
5059 3
5060 4
5061 3
5062 8
5063 3
5064 5
5065 5
5066 0
5067 3
5068 5
5069 4
5070 9
5071 4
5072 5
5073 5
5074 4
5075 2
5076 3
5077 9
5078 6
5079 5
5080 4
5081 6
5082 2
5083 8
5084 7
5085 9
5086 1
5087 3
5088 6
5089 5
5090 0
5091 4
5092 2
5093 4
5094 1
5095 6
5096 4
5097 5
5098 7
5099 6
5100 6
5101 5
5102 6
5103 3
5104 7
5105 6
5106 7
5107 7
5108 5
5109 3
5110 6
5111 5
5112 7
5113 8
5114 4
5115 6
5116 7
5117 6
5118 5
5119 8
5120 7
5121 5
5122 3
5123 7
5124 4
5125 5
5126 5
5127 6
5128 7
5129 4
5130 6
5131 6
5132 5
5133 8
5134 6
5135 2
5136 5
5137 7
5138 5
5139 3
5140 2
5141 6
5142 5
5143 4
5144 2
5145 4
5146 9
5147 7
5148 3
5149 4
5150 6
5151 5
5152 3
5153 2
5154 7
5155 4
5156 4
5157 4
5158 1
5159 3
5160 4
5161 2
5162 4
5163 3
5164 6
5165 4
5166 5
5167 2
5168 3
5169 6
5170 2
5171 2
5172 6
5173 5
5174 3
5175 3
5176 5
5177 7
5178 5
5179 2
5180 5
5181 5
5182 4
5183 6
5184 6
5185 5
5186 4
5187 5
5188 6
5189 4
5190 6
5191 3
5192 3
5193 6
5194 4
5195 1
5196 4
5197 5
5198 8
5199 6
5200 6
5201 5
5202 4
5203 7
5204 4
5205 2
5206 8
5207 4
5208 6
5209 5
5210 3
5211 6
5212 4
5213 6
5214 5
5215 7
5216 4
5217 8
5218 7
5219 6
5220 4
5221 5
5222 6
5223 6
5224 8
5225 3
5226 4
5227 5
5228 7
5229 7
5230 5
5231 4
5232 6
5233 5
5234 7
5235 6
5236 3
5237 9
5238 6
5239 6
5240 6
5241 3
5242 4
5243 7
5244 6
5245 5
5246 4
5247 9
5248 7
5249 5
5250 4
5251 6
5252 3
5253 3
5254 6
5255 5
5256 3
5257 6
5258 6
5259 6
5260 3
5261 2
5262 1
5263 3
5264 5
5265 2
5266 2
5267 4
5268 1
5269 4
5270 3
5271 4
5272 7
5273 3
5274 5
5275 6
5276 3
5277 5
5278 2
5279 5
5280 8
5281 6
5282 5
5283 2
5284 6
5285 5
5286 3
5287 6
5288 5
5289 8
5290 4
5291 6
5292 7
5293 3
5294 3
5295 5
5296 6
5297 6
5298 3
5299 0
5300 5
5301 4
5302 4
5303 7
5304 3
5305 6
5306 4
5307 5
5308 4
5309 3
5310 7
5311 3
5312 3
5313 4
5314 7
5315 5
5316 4
5317 5
5318 4
5319 1
5320 4
5321 2
5322 4
5323 7
5324 4
5325 5
5326 6
5327 4
5328 1
5329 7
5330 1
5331 3
5332 2
5333 5
5334 7
5335 4
5336 6
5337 3
5338 5
5339 3
5340 4
5341 4
5342 2
5343 4
5344 4
5345 2
5346 3
5347 5
5348 3
5349 3
5350 4
5351 4
5352 8
5353 3
5354 6
5355 6
5356 5
5357 5
5358 4
5359 4
5360 3
5361 6
5362 5
5363 5
5364 7
5365 1
5366 4
5367 3
5368 6
5369 6
5370 6
5371 3
5372 5
5373 3
5374 4
5375 8
5376 3
5377 5
5378 4
5379 7
5380 7
5381 3
5382 5
5383 1
5384 2
5385 2
5386 6
5387 5
5388 4
5389 3
5390 4
5391 5
5392 2
5393 3
5394 4
5395 4
5396 7
5397 5
5398 1
5399 2
5400 6
5401 6
5402 6
5403 5
5404 7
5405 3
5406 1
5407 6
5408 3
5409 5
5410 3
5411 4
5412 3
5413 5
5414 7
5415 4
5416 5
5417 3
5418 5
5419 5
5420 3
5421 4
5422 2
5423 3
5424 4
5425 2
5426 3
5427 3
5428 5
5429 4
5430 4
5431 6
5432 6
5433 1
5434 4
5435 1
5436 2
5437 7
5438 5
5439 8
5440 3
5441 4
5442 3
5443 5
5444 3
5445 6
5446 4
5447 4
5448 2
5449 7
5450 8
5451 5
5452 5
5453 1
5454 6
5455 6
5456 4
5457 6
5458 5
5459 2
5460 1
5461 4
5462 3
5463 7
5464 5
5465 3
5466 4
5467 6
5468 8
5469 3
5470 4
5471 3
5472 7
5473 5
5474 7
5475 6
5476 2
5477 8
5478 2
5479 5
5480 1
5481 2
5482 4
5483 0
5484 5
5485 4
5486 6
5487 6
5488 3
5489 5
5490 5
5491 7
5492 8
5493 3
5494 6
5495 7
5496 3
5497 7
5498 6
5499 4
5500 6
5501 4
5502 5
5503 5
5504 5
5505 3
5506 2
5507 3
5508 3
5509 4
5510 8
5511 4
5512 4
5513 4
5514 5
5515 5
5516 4
5517 2
5518 5
5519 6
5520 4
5521 7
5522 5
5523 5
5524 2
5525 3
5526 5
5527 2
5528 4
5529 7
5530 8
5531 3
5532 4
5533 4
5534 6
5535 6
5536 4
5537 5
5538 3
5539 3
5540 5
5541 4
5542 5
5543 1
5544 1
5545 1
5546 5
5547 4
5548 3
5549 4
5550 4
5551 7
5552 2
5553 6
5554 4
5555 5
5556 6
5557 4
5558 6
5559 5
5560 3
5561 5
5562 8
5563 3
5564 2
5565 3
5566 2
5567 4
5568 6
5569 2
5570 5
5571 6
5572 3
5573 6
5574 7
5575 6
5576 4
5577 2
5578 6
5579 3
5580 3
5581 3
5582 5
5583 3
5584 5
5585 6
5586 4
5587 5
5588 5
5589 4
5590 5
5591 6
5592 5
5593 8
5594 4
5595 2
5596 4
5597 2
5598 6
5599 4
5600 7
5601 4
5602 5
5603 2
5604 7
5605 5
5606 5
5607 5
5608 4
5609 3
5610 7
5611 6
5612 3
5613 5
5614 6
5615 7
5616 3
5617 4
5618 4
5619 5
5620 3
5621 7
5622 6
5623 5
5624 6
5625 4
5626 5
5627 4
5628 7
5629 4
5630 5
5631 6
5632 4
5633 5
5634 2
5635 4
5636 1
5637 6
5638 4
5639 3
5640 6
5641 5
5642 6
5643 4
5644 2
5645 7
5646 3
5647 3
5648 6
5649 2
5650 6
5651 4
5652 3
5653 8
5654 7
5655 6
5656 4
5657 5
5658 4
5659 7
5660 7
5661 5
5662 4
5663 7
5664 4
5665 5
5666 4
5667 5
5668 4
5669 5
5670 4
5671 4
5672 4
5673 5
5674 2
5675 3
5676 1
5677 2
5678 2
5679 2
5680 6
5681 5
5682 6
5683 6
5684 7
5685 6
5686 4
5687 7
5688 5
5689 3
5690 3
5691 4
5692 7
5693 3
5694 7
5695 4
5696 3
5697 5
5698 6
5699 2
5700 4
5701 6
5702 4
5703 5
5704 6
5705 5
5706 7
5707 4
5708 7
5709 5
5710 4
5711 6
5712 3
5713 3
5714 2
5715 3
5716 4
5717 5
5718 8
5719 4
5720 4
5721 5
5722 5
5723 4
5724 1
5725 3
5726 4
5727 4
5728 5
5729 1
5730 4
5731 4
5732 5
5733 3
5734 5
5735 4
5736 3
5737 4
5738 3
5739 7
5740 5
5741 3
5742 4
5743 4
5744 6
5745 7
5746 5
5747 4
5748 5
5749 2
5750 1
5751 6
5752 6
5753 1
5754 3
5755 4
5756 7
5757 4
5758 5
5759 3
5760 4
5761 6
5762 1
5763 5
5764 3
5765 2
5766 6
5767 5
5768 4
5769 7
5770 8
5771 4
5772 7
5773 5
5774 3
5775 2
5776 3
5777 4
5778 6
5779 4
5780 8
5781 7
5782 6
5783 4
5784 6
5785 3
5786 8
5787 5
5788 5
5789 3
5790 4
5791 6
5792 7
5793 6
5794 8
5795 6
5796 5
5797 7
5798 5
5799 6
5800 5
5801 7
5802 5
5803 7
5804 4
5805 4
5806 5
5807 7
5808 6
5809 5
5810 4
5811 3
5812 4
5813 6
5814 3
5815 5
5816 3
5817 2
5818 5
5819 4
5820 7
5821 6
5822 3
5823 6
5824 3
5825 4
5826 4
5827 5
5828 5
5829 4
5830 7
5831 3
5832 2
5833 3
5834 5
5835 6
5836 6
5837 6
5838 6
5839 2
5840 0
5841 2
5842 4
5843 3
5844 3
5845 3
5846 3
5847 5
5848 4
5849 7
5850 6
5851 9
5852 8
5853 2
5854 3
5855 4
5856 4
5857 4
5858 6
5859 6
5860 6
5861 5
5862 5
5863 3
5864 5
5865 4
5866 2
5867 0
5868 3
5869 4
5870 3
5871 5
5872 5
5873 4
5874 5
5875 5
5876 7
5877 6
5878 4
5879 5
5880 7
5881 4
5882 6
5883 2
5884 5
5885 3
5886 5
5887 1
5888 6
5889 4
5890 2
5891 4
5892 4
5893 5
5894 5
5895 4
5896 2
5897 5
5898 6
5899 6
5900 7
5901 9
5902 4
5903 5
5904 5
5905 4
5906 6
5907 5
5908 5
5909 3
5910 2
5911 5
5912 4
5913 3
5914 2
5915 4
5916 4
5917 4
5918 3
5919 6
5920 4
5921 2
5922 4
5923 4
5924 6
5925 6
5926 7
5927 3
5928 2
5929 3
5930 4
5931 7
5932 5
5933 6
5934 3
5935 2
5936 6
5937 3
5938 5
5939 5
5940 3
5941 4
5942 1
5943 4
5944 3
5945 3
5946 6
5947 2
5948 1
5949 6
5950 5
5951 4
5952 4
5953 4
5954 0
5955 4
5956 4
5957 4
5958 5
5959 6
5960 2
5961 3
5962 4
5963 8
5964 5
5965 5
5966 3
5967 5
5968 4
5969 3
5970 4
5971 2
5972 5
5973 8
5974 3
5975 2
5976 4
5977 5
5978 4
5979 6
5980 4
5981 2
5982 6
5983 5
5984 3
5985 6
5986 6
5987 2
5988 4
5989 6
5990 4
5991 6
5992 5
5993 7
5994 4
5995 3
5996 5
5997 3
5998 6
5999 5
6000 5
6001 4
6002 4
6003 6
6004 5
6005 1
6006 8
6007 5
6008 6
6009 6
6010 5
6011 5
6012 7
6013 3
6014 3
6015 6
6016 3
6017 3
6018 4
6019 3
6020 6
6021 6
6022 8
6023 6
6024 7
6025 8
6026 2
6027 3
6028 2
6029 4
6030 7
6031 7
6032 5
6033 7
6034 5
6035 3
6036 1
6037 5
6038 8
6039 6
6040 2
6041 4
6042 6
6043 6
6044 5
6045 5
6046 4
6047 3
6048 6
6049 3
6050 6
6051 6
6052 4
6053 3
6054 4
6055 6
6056 4
6057 2
6058 6
6059 5
6060 4
6061 3
6062 8
6063 5
6064 4
6065 4
6066 6
6067 4
6068 4
6069 5
6070 3
6071 3
6072 6
6073 6
6074 6
6075 5
6076 3
6077 5
6078 1
6079 6
6080 3
6081 4
6082 4
6083 5
6084 8
6085 5
6086 2
6087 4
6088 2
6089 7
6090 1
6091 6
6092 5
6093 3
6094 3
6095 4
6096 5
6097 6
6098 1
6099 1
6100 1
6101 1
6102 4
6103 1
6104 4
6105 4
6106 5
6107 6
6108 3
6109 4
6110 6
6111 3
6112 2
6113 4
6114 4
6115 4
6116 1
6117 6
6118 3
6119 6
6120 5
6121 5
6122 7
6123 5
6124 3
6125 2
6126 8
6127 3
6128 5
6129 3
6130 4
6131 4
6132 4
6133 5
6134 6
6135 4
6136 5
6137 2
6138 3
6139 2
6140 3
6141 2
6142 3
6143 5
6144 6
6145 5
6146 4
6147 5
6148 2
6149 5
6150 3
6151 3
6152 2
6153 5
6154 5
6155 4
6156 5
6157 4
6158 4
6159 2
6160 5
6161 3
6162 4
6163 4
6164 9
6165 4
6166 6
6167 4
6168 2
6169 4
6170 4
6171 1
6172 6
6173 3
6174 2
6175 3
6176 3
6177 2
6178 6
6179 3
6180 3
6181 7
6182 7
6183 3
6184 4
6185 1
6186 3
6187 3
6188 3
6189 3
6190 4
6191 2
6192 3
6193 4
6194 4
6195 1
6196 2
6197 4
6198 3
6199 4
6200 3
6201 3
6202 4
6203 7
6204 3
6205 6
6206 4
6207 6
6208 7
6209 6
6210 3
6211 4
6212 2
6213 3
6214 3
6215 1
6216 3
6217 2
6218 4
6219 6
6220 7
6221 4
6222 3
6223 5
6224 5
6225 4
6226 4
6227 5
6228 7
6229 5
6230 6
6231 5
6232 8
6233 5
6234 6
6235 4
6236 4
6237 8
6238 3
6239 4
6240 5
6241 6
6242 5
6243 4
6244 4
6245 5
6246 3
6247 3
6248 3
6249 3
6250 4
6251 8
6252 5
6253 5
6254 4
6255 5
6256 3
6257 4
6258 3
6259 4
6260 3
6261 5
6262 7
6263 5
6264 6
6265 5
6266 3
6267 9
6268 3
6269 0
6270 1
6271 8
6272 6
6273 5
6274 5
6275 1
6276 7
6277 7
6278 4
6279 5
6280 6
6281 4
6282 4
6283 2
6284 1
6285 3
6286 5
6287 6
6288 5
6289 2
6290 0
6291 5
6292 4
6293 4
6294 5
6295 3
6296 2
6297 4
6298 5
6299 4
6300 4
6301 2
6302 4
6303 6
6304 1
6305 0
6306 2
6307 7
6308 6
6309 5
6310 3
6311 2
6312 2
6313 3
6314 3
6315 1
6316 6
6317 7
6318 5
6319 1
6320 5
6321 7
6322 2
6323 5
6324 2
6325 5
6326 4
6327 6
6328 4
6329 7
6330 6
6331 3
6332 4
6333 5
6334 5
6335 5
6336 0
6337 4
6338 2
6339 5
6340 3
6341 4
6342 4
6343 4
6344 7
6345 1
6346 5
6347 4
6348 5
6349 5
6350 3
6351 3
6352 4
6353 6
6354 5
6355 4
6356 1
6357 5
6358 4
6359 8
6360 1
6361 4
6362 6
6363 5
6364 3
6365 6
6366 8
6367 5
6368 3
6369 5
6370 4
6371 2
6372 2
6373 3
6374 3
6375 3
6376 5
6377 2
6378 4
6379 2
6380 3
6381 1
6382 3
6383 5
6384 3
6385 5
6386 6
6387 3
6388 7
6389 5
6390 3
6391 5
6392 4
6393 6
6394 4
6395 5
6396 7
6397 6
6398 6
6399 5
6400 3
6401 5
6402 7
6403 6
6404 8
6405 3
6406 4
6407 4
6408 6
6409 4
6410 3
6411 3
6412 6
6413 8
6414 10
6415 4
6416 5
6417 2
6418 1
6419 6
6420 6
6421 8
6422 9
6423 5
6424 4
6425 5
6426 3
6427 4
6428 5
6429 10
6430 5
6431 2
6432 4
6433 6
6434 5
6435 6
6436 7
6437 2
6438 8
6439 2
6440 2
6441 3
6442 4
6443 6
6444 5
6445 2
6446 5
6447 4
6448 3
6449 5
6450 5
6451 3
6452 4
6453 3
6454 6
6455 3
6456 4
6457 5
6458 4
6459 3
6460 4
6461 6
6462 5
6463 5
6464 6
6465 5
6466 4
6467 0
6468 4
6469 4
6470 2
6471 4
6472 3
6473 6
6474 5
6475 4
6476 3
6477 5
6478 6
6479 5
6480 4
6481 2
6482 6
6483 4
6484 4
6485 3
6486 6
6487 2
6488 5
6489 6
6490 4
6491 3
6492 6
6493 2
6494 3
6495 3
6496 2
6497 3
6498 2
6499 2
6500 2
6501 3
6502 4
6503 2
6504 6
6505 9
6506 5
6507 8
6508 8
6509 5
6510 6
6511 6
6512 3
6513 5
6514 0
6515 5
6516 2
6517 5
6518 7
6519 2
6520 4
6521 4
6522 3
6523 2
6524 4
6525 4
6526 8
6527 3
6528 3
6529 1
6530 6
6531 3
6532 4
6533 4
6534 6
6535 1
6536 1
6537 4
6538 3
6539 4
6540 3
6541 6
6542 4
6543 3
6544 3
6545 2
6546 2
6547 5
6548 2
6549 8
6550 3
6551 6
6552 5
6553 9
6554 5
6555 6
6556 5
6557 6
6558 7
6559 3
6560 4
6561 3
6562 6
6563 4
6564 3
6565 3
6566 6
6567 2
6568 4
6569 7
6570 3
6571 7
6572 4
6573 7
6574 7
6575 4
6576 5
6577 2
6578 2
6579 2
6580 1
6581 2
6582 1
6583 2
6584 1
6585 2
6586 1
6587 1
6588 3
6589 5
6590 0
6591 4
6592 4
6593 3
6594 1
6595 3
6596 4
6597 8
6598 3
6599 0
6600 2
6601 3
6602 4
6603 3
6604 2
6605 3
6606 5
6607 5
6608 4
6609 4
6610 3
6611 6
6612 4
6613 3
6614 4
6615 2
6616 6
6617 6
6618 3
6619 5
6620 3
6621 3
6622 4
6623 3
6624 4
6625 0
6626 2
6627 4
6628 4
6629 6
6630 4
6631 3
6632 2
6633 2
6634 4
6635 2
6636 3
6637 4
6638 2
6639 3
6640 2
6641 2
6642 2
6643 4
6644 2
6645 8
6646 2
6647 1
6648 3
6649 2
6650 3
6651 5
6652 7
6653 3
6654 4
6655 5
6656 4
6657 4
6658 3
6659 0
6660 5
6661 2
6662 5
6663 2
6664 2
6665 4
6666 3
6667 8
6668 3
6669 4
6670 6
6671 4
6672 3
6673 6
6674 4
6675 6
6676 3
6677 4
6678 2
6679 6
6680 5
6681 4
6682 5
6683 5
6684 2
6685 2
6686 7
6687 3
6688 5
6689 0
6690 4
6691 8
6692 5
6693 3
6694 4
6695 2
6696 8
6697 3
6698 3
6699 2
6700 4
6701 4
6702 3
6703 3
6704 4
6705 2
6706 3
6707 4
6708 2
6709 5
6710 6
6711 2
6712 4
6713 5
6714 3
6715 6
6716 5
6717 4
6718 2
6719 3
6720 3
6721 1
6722 6
6723 4
6724 7
6725 3
6726 3
6727 4
6728 6
6729 6
6730 5
6731 6
6732 5
6733 7
6734 4
6735 5
6736 5
6737 4
6738 8
6739 7
6740 3
6741 6
6742 7
6743 7
6744 8
6745 2
6746 5
6747 5
6748 4
6749 3
6750 3
6751 3
6752 5
6753 6
6754 3
6755 7
6756 6
6757 4
6758 4
6759 4
6760 6
6761 5
6762 3
6763 3
6764 4
6765 3
6766 3
6767 6
6768 5
6769 4
6770 5
6771 3
6772 5
6773 7
6774 7
6775 3
6776 5
6777 7
6778 6
6779 11
6780 6
6781 5
6782 3
6783 5
6784 6
6785 5
6786 5
6787 4
6788 1
6789 3
6790 3
6791 6
6792 4
6793 1
6794 7
6795 3
6796 4
6797 6
6798 4
6799 3
6800 1
6801 4
6802 5
6803 5
6804 6
6805 5
6806 9
6807 6
6808 7
6809 8
6810 3
6811 6
6812 8
6813 7
6814 5
6815 3
6816 7
6817 3
6818 4
6819 8
6820 5
6821 3
6822 4
6823 3
6824 5
6825 2
6826 3
6827 6
6828 4
6829 5
6830 5
6831 4
6832 4
6833 2
6834 6
6835 4
6836 4
6837 5
6838 4
6839 7
6840 2
6841 4
6842 6
6843 6
6844 4
6845 5
6846 7
6847 3
6848 3
6849 1
6850 1
6851 3
6852 2
6853 1
6854 5
6855 4
6856 4
6857 5
6858 4
6859 5
6860 4
6861 6
6862 2
6863 2
6864 5
6865 5
6866 2
6867 2
6868 8
6869 5
6870 3
6871 5
6872 4
6873 4
6874 2
6875 3
6876 4
6877 3
6878 3
6879 4
6880 4
6881 0
6882 2
6883 5
6884 1
6885 3
6886 4
6887 3
6888 3
6889 2
6890 1
6891 2
6892 2
6893 4
6894 6
6895 3
6896 4
6897 9
6898 1
6899 0
6900 7
6901 4
6902 3
6903 4
6904 6
6905 2
6906 3
6907 6
6908 4
6909 8
6910 2
6911 4
6912 4
6913 3
6914 2
6915 4
6916 5
6917 4
6918 4
6919 4
6920 4
6921 6
6922 4
6923 5
6924 5
6925 2
6926 3
6927 2
6928 5
6929 3
6930 1
6931 5
6932 4
6933 10
6934 3
6935 5
6936 3
6937 6
6938 4
6939 2
6940 4
6941 6
6942 3
6943 4
6944 5
6945 4
6946 5
6947 3
6948 4
6949 3
6950 3
6951 1
6952 4
6953 4
6954 4
6955 9
6956 6
6957 4
6958 4
6959 3
6960 4
6961 5
6962 4
6963 2
6964 3
6965 3
6966 4
6967 4
6968 6
6969 3
6970 6
6971 5
6972 5
6973 4
6974 7
6975 4
6976 6
6977 4
6978 1
6979 5
6980 6
6981 6
6982 5
6983 3
6984 4
6985 3
6986 9
6987 6
6988 5
6989 6
6990 5
6991 4
6992 4
6993 2
6994 5
6995 4
6996 5
6997 3
6998 2
6999 4
7000 2
7001 3
7002 1
7003 7
7004 5
7005 2
7006 4
7007 0
7008 4
7009 1
7010 2
7011 3
7012 2
7013 4
7014 5
7015 1
7016 3
7017 5
7018 3
7019 3
7020 4
7021 3
7022 1
7023 4
7024 3
7025 5
7026 6
7027 3
7028 3
7029 2
7030 7
7031 5
7032 4
7033 3
7034 3
7035 3
7036 5
7037 4
7038 4
7039 5
7040 6
7041 6
7042 6
7043 3
7044 4
7045 2
7046 5
7047 6
7048 7
7049 5
7050 2
7051 4
7052 0
7053 4
7054 2
7055 5
7056 2
7057 2
7058 4
7059 3
7060 2
7061 2
7062 4
7063 2
7064 3
7065 2
7066 7
7067 3
7068 6
7069 3
7070 4
7071 4
7072 5
7073 2
7074 7
7075 2
7076 5
7077 4
7078 3
7079 3
7080 7
7081 4
7082 2
7083 4
7084 7
7085 2
7086 3
7087 3
7088 5
7089 5
7090 3
7091 3
7092 2
7093 2
7094 6
7095 3
7096 4
7097 5
7098 6
7099 4
7100 6
7101 5
7102 5
7103 4
7104 7
7105 5
7106 3
7107 7
7108 4
7109 5
7110 3
7111 3
7112 3
7113 0
7114 3
7115 8
7116 2
7117 4
7118 6
7119 4
7120 3
7121 1
7122 4
7123 3
7124 2
7125 3
7126 3
7127 4
7128 2
7129 2
7130 3
7131 3
7132 2
7133 6
7134 8
7135 3
7136 6
7137 3
7138 4
7139 5
7140 6
7141 3
7142 2
7143 3
7144 2
7145 3
7146 2
7147 3
7148 5
7149 4
7150 4
7151 3
7152 6
7153 5
7154 3
7155 6
7156 5
7157 8
7158 4
7159 6
7160 5
7161 2
7162 5
7163 4
7164 3
7165 4
7166 3
7167 3
7168 4
7169 5
7170 5
7171 5
7172 6
7173 4
7174 3
7175 6
7176 2
7177 5
7178 7
7179 6
7180 2
7181 5
7182 3
7183 2
7184 2
7185 4
7186 4
7187 3
7188 2
7189 6
7190 4
7191 5
7192 2
7193 3
7194 0
7195 2
7196 4
7197 3
7198 1
7199 5
7200 8
7201 8
7202 4
7203 3
7204 4
7205 5
7206 6
7207 6
7208 7
7209 6
7210 4
7211 4
7212 3
7213 4
7214 1
7215 3
7216 0
7217 2
7218 3
7219 3
7220 2
7221 2
7222 4
7223 5
7224 7
7225 5
7226 5
7227 6
7228 5
7229 3
7230 6
7231 3
7232 8
7233 3
7234 3
7235 7
7236 6
7237 4
7238 7
7239 4
7240 5
7241 4
7242 5
7243 4
7244 4
7245 5
7246 5
7247 4
7248 2
7249 4
7250 4
7251 6
7252 4
7253 5
7254 3
7255 5
7256 1
7257 2
7258 4
7259 5
7260 6
7261 8
7262 4
7263 4
7264 1
7265 1
7266 2
7267 6
7268 4
7269 3
7270 5
7271 5
7272 2
7273 0
7274 2
7275 1
7276 5
7277 5
7278 4
7279 5
7280 4
7281 6
7282 8
7283 6
7284 2
7285 4
7286 6
7287 4
7288 5
7289 7
7290 3
7291 1
7292 4
7293 4
7294 3
7295 5
7296 8
7297 5
7298 6
7299 6
7300 5
7301 4
7302 4
7303 7
7304 3
7305 5
7306 6
7307 2
7308 4
7309 4
7310 4
7311 5
7312 4
7313 5
7314 7
7315 2
7316 4
7317 3
7318 4
7319 2
7320 2
7321 0
7322 4
7323 5
7324 5
7325 5
7326 4
7327 3
7328 5
7329 1
7330 4
7331 6
7332 2
7333 2
7334 2
7335 5
7336 4
7337 3
7338 5
7339 5
7340 4
7341 3
7342 7
7343 4
7344 3
7345 3
7346 2
7347 7
7348 7
7349 5
7350 0
7351 5
7352 3
7353 4
7354 2
7355 6
7356 5
7357 6
7358 5
7359 6
7360 6
7361 2
7362 9
7363 7
7364 4
7365 5
7366 4
7367 5
7368 0
7369 4
7370 5
7371 6
7372 6
7373 2
7374 5
7375 5
7376 2
7377 6
7378 7
7379 1
7380 5
7381 2
7382 2
7383 7
7384 2
7385 4
7386 4
7387 5
7388 5
7389 4
7390 2
7391 2
7392 2
7393 5
7394 5
7395 2
7396 5
7397 5
7398 7
7399 4
7400 3
7401 1
7402 6
7403 5
7404 6
7405 4
7406 4
7407 4
7408 2
7409 3
7410 6
7411 5
7412 3
7413 2
7414 3
7415 6
7416 5
7417 3
7418 2
7419 3
7420 6
7421 3
7422 5
7423 4
7424 1
7425 4
7426 3
7427 1
7428 7
7429 2
7430 3
7431 5
7432 5
7433 4
7434 3
7435 6
7436 4
7437 1
7438 5
7439 3
7440 3
7441 4
7442 3
7443 5
7444 3
7445 6
7446 4
7447 6
7448 3
7449 4
7450 2
7451 7
7452 6
7453 5
7454 5
7455 4
7456 6
7457 3
7458 3
7459 7
7460 7
7461 3
7462 5
7463 3
7464 3
7465 3
7466 2
7467 4
7468 3
7469 0
7470 4
7471 6
7472 4
7473 2
7474 2
7475 5
7476 5
7477 8
7478 4
7479 5
7480 2
7481 3
7482 7
7483 5
7484 6
7485 3
7486 2
7487 6
7488 7
7489 5
7490 5
7491 1
7492 3
7493 5
7494 3
7495 7
7496 2
7497 3
7498 2
7499 5
7500 2
7501 3
7502 3
7503 4
7504 4
7505 2
7506 3
7507 4
7508 5
7509 5
7510 5
7511 3
7512 4
7513 3
7514 6
7515 3
7516 5
7517 3
7518 3
7519 7
7520 2
7521 3
7522 2
7523 4
7524 3
7525 6
7526 5
7527 3
7528 5
7529 2
7530 5
7531 6
7532 7
7533 2
7534 3
7535 4
7536 6
7537 7
7538 5
7539 3
7540 4
7541 1
7542 2
7543 5
7544 4
7545 2
7546 2
7547 6
7548 1
7549 4
7550 5
7551 7
7552 6
7553 3
7554 8
7555 5
7556 6
7557 2
7558 6
7559 6
7560 7
7561 6
7562 6
7563 7
7564 9
7565 3
7566 5
7567 6
7568 5
7569 4
7570 5
7571 6
7572 5
7573 1
7574 7
7575 4
7576 4
7577 6
7578 7
7579 6
7580 5
7581 1
7582 6
7583 5
7584 3
7585 4
7586 7
7587 4
7588 6
7589 4
7590 3
7591 4
7592 3
7593 6
7594 4
7595 2
7596 8
7597 5
7598 1
7599 3
7600 6
7601 8
7602 5
7603 5
7604 8
7605 5
7606 4
7607 5
7608 5
7609 4
7610 5
7611 6
7612 7
7613 7
7614 6
7615 5
7616 5
7617 3
7618 3
7619 1
7620 5
7621 7
7622 5
7623 4
7624 5
7625 5
7626 4
7627 5
7628 1
7629 4
7630 5
7631 8
7632 6
7633 3
7634 3
7635 3
7636 5
7637 3
7638 5
7639 7
7640 4
7641 4
7642 5
7643 6
7644 4
7645 2
7646 3
7647 2
7648 5
7649 4
7650 6
7651 4
7652 4
7653 5
7654 2
7655 3
7656 5
7657 2
7658 4
7659 1
7660 1
7661 3
7662 4
7663 3
7664 4
7665 5
7666 7
7667 2
7668 6
7669 5
7670 3
7671 6
7672 4
7673 3
7674 4
7675 2
7676 2
7677 6
7678 2
7679 3
7680 1
7681 3
7682 4
7683 4
7684 4
7685 4
7686 4
7687 1
7688 4
7689 4
7690 3
7691 3
7692 2
7693 3
7694 3
7695 5
7696 3
7697 1
7698 5
7699 2
7700 5
7701 4
7702 3
7703 3
7704 4
7705 3
7706 6
7707 3
7708 5
7709 4
7710 4
7711 1
7712 2
7713 4
7714 5
7715 6
7716 1
7717 4
7718 6
7719 7
7720 6
7721 3
7722 1
7723 3
7724 6
7725 6
7726 4
7727 5
7728 5
7729 3
7730 3
7731 3
7732 3
7733 5
7734 3
7735 4
7736 3
7737 7
7738 7
7739 5
7740 5
7741 1
7742 4
7743 4
7744 6
7745 5
7746 4
7747 6
7748 6
7749 5
7750 4
7751 3
7752 5
7753 6
7754 8
7755 5
7756 5
7757 5
7758 2
7759 6
7760 5
7761 5
7762 5
7763 7
7764 4
7765 5
7766 4
7767 4
7768 4
7769 6
7770 6
7771 3
7772 4
7773 6
7774 7
7775 6
7776 5
7777 3
7778 6
7779 4
7780 6
7781 5
7782 5
7783 4
7784 4
7785 4
7786 4
7787 5
7788 4
7789 1
7790 6
7791 1
7792 5
7793 5
7794 2
7795 1
7796 3
7797 5
7798 4
7799 5
7800 2
7801 3
7802 3
7803 3
7804 2
7805 3
7806 3
7807 5
7808 4
7809 2
7810 4
7811 3
7812 3
7813 2
7814 2
7815 1
7816 3
7817 1
7818 3
7819 3
7820 4
7821 4
7822 3
7823 6
7824 6
7825 5
7826 4
7827 5
7828 3
7829 4
7830 2
7831 3
7832 3
7833 6
7834 3
7835 2
7836 3
7837 6
7838 3
7839 2
7840 5
7841 5
7842 5
7843 4
7844 3
7845 7
7846 4
7847 5
7848 4
7849 2
7850 3
7851 3
7852 4
7853 1
7854 0
7855 2
7856 1
7857 4
7858 7
7859 4
7860 3
7861 2
7862 7
7863 6
7864 3
7865 4
7866 6
7867 6
7868 2
7869 6
7870 4
7871 1
7872 4
7873 2
7874 4
7875 3
7876 2
7877 6
7878 3
7879 5
7880 1
7881 3
7882 1
7883 0
7884 2
7885 3
7886 3
7887 2
7888 3
7889 1
7890 3
7891 3
7892 2
7893 1
7894 4
7895 4
7896 1
7897 5
7898 3
7899 5
7900 7
7901 1
7902 4
7903 2
7904 4
7905 1
7906 4
7907 2
7908 3
7909 6
7910 1
7911 4
7912 3
7913 0
7914 3
7915 5
7916 2
7917 2
7918 2
7919 1
7920 7
7921 2
7922 7
7923 3
7924 3
7925 2
7926 2
7927 4
7928 4
7929 3
7930 3
7931 5
7932 1
7933 3
7934 5
7935 3
7936 7
7937 3
7938 3
7939 3
7940 3
7941 0
7942 1
7943 4
7944 3
7945 1
7946 4
7947 4
7948 4
7949 2
7950 3
7951 4
7952 1
7953 3
7954 2
7955 3
7956 5
7957 2
7958 3
7959 0
7960 4
7961 4
7962 6
7963 4
7964 1
7965 4
7966 2
7967 5
7968 1
7969 5
7970 2
7971 3
7972 0
7973 4
7974 5
7975 2
7976 3
7977 3
7978 4
7979 4
7980 4
7981 6
7982 4
7983 3
7984 3
7985 6
7986 6
7987 3
7988 0
7989 2
7990 7
7991 2
7992 2
7993 5
7994 4
7995 3
7996 5
7997 4
7998 4
7999 1
8000 4
8001 4
8002 3
8003 1
8004 3
8005 5
8006 3
8007 5
8008 3
8009 4
8010 5
8011 2
8012 2
8013 3
8014 4
8015 3
8016 2
8017 3
8018 3
8019 3
8020 6
8021 5
8022 5
8023 5
8024 3
8025 4
8026 3
8027 2
8028 7
8029 1
8030 5
8031 4
8032 3
8033 5
8034 5
8035 2
8036 6
8037 6
8038 6
8039 4
8040 4
8041 3
8042 3
8043 1
8044 4
8045 2
8046 3
8047 3
8048 2
8049 8
8050 1
8051 2
8052 7
8053 2
8054 3
8055 1
8056 2
8057 2
8058 3
8059 4
8060 5
8061 7
8062 6
8063 5
8064 2
8065 6
8066 6
8067 3
8068 3
8069 2
8070 4
8071 2
8072 6
8073 4
8074 6
8075 4
8076 2
8077 3
8078 2
8079 3
8080 7
8081 3
8082 2
8083 6
8084 4
8085 5
8086 4
8087 4
8088 4
8089 4
8090 3
8091 5
8092 0
8093 0
8094 4
8095 5
8096 2
8097 5
8098 3
8099 4
8100 1
8101 3
8102 2
8103 4
8104 3
8105 3
8106 4
8107 2
8108 2
8109 5
8110 4
8111 8
8112 6
8113 3
8114 6
8115 4
8116 4
8117 4
8118 1
8119 4
8120 2
8121 1
8122 2
8123 3
8124 3
8125 4
8126 4
8127 5
8128 6
8129 3
8130 3
8131 5
8132 2
8133 1
8134 8
8135 2
8136 3
8137 5
8138 4
8139 8
8140 1
8141 3
8142 4
8143 4
8144 3
8145 1
8146 2
8147 3
8148 3
8149 7
8150 3
8151 4
8152 2
8153 4
8154 3
8155 4
8156 4
8157 3
8158 8
8159 4
8160 2
8161 1
8162 4
8163 3
8164 4
8165 5
8166 4
8167 8
8168 4
8169 4
8170 0
8171 0
8172 2
8173 4
8174 3
8175 4
8176 3
8177 5
8178 7
8179 5
8180 7
8181 7
8182 6
8183 4
8184 3
8185 4
8186 2
8187 1
8188 4
8189 3
8190 3
8191 4
8192 6
8193 2
8194 4
8195 3
8196 5
8197 3
8198 5
8199 5
8200 5
8201 6
8202 4
8203 4
8204 3
8205 5
8206 6
8207 3
8208 6
8209 4
8210 5
8211 2
8212 5
8213 6
8214 2
8215 4
8216 3
8217 4
8218 3
8219 5
8220 6
8221 5
8222 8
8223 6
8224 5
8225 4
8226 5
8227 1
8228 5
8229 3
8230 6
8231 4
8232 5
8233 3
8234 8
8235 7
8236 9
8237 7
8238 6
8239 4
8240 4
8241 1
8242 3
8243 1
8244 6
8245 7
8246 3
8247 4
8248 4
8249 6
8250 3
8251 7
8252 6
8253 6
8254 5
8255 4
8256 4
8257 2
8258 5
8259 3
8260 4
8261 4
8262 4
8263 5
8264 4
8265 2
8266 4
8267 4
8268 5
8269 3
8270 4
8271 2
8272 4
8273 3
8274 4
8275 3
8276 4
8277 2
8278 6
8279 5
8280 2
8281 2
8282 4
8283 5
8284 2
8285 3
8286 3
8287 4
8288 2
8289 4
8290 3
8291 5
8292 3
8293 6
8294 3
8295 3
8296 1
8297 1
8298 2
8299 4
8300 3
8301 4
8302 6
8303 6
8304 3
8305 4
8306 4
8307 3
8308 4
8309 3
8310 3
8311 4
8312 2
8313 5
8314 2
8315 3
8316 3
8317 3
8318 4
8319 2
8320 3
8321 3
8322 0
8323 1
8324 1
8325 3
8326 1
8327 0
8328 5
8329 4
8330 5
8331 4
8332 4
8333 4
8334 5
8335 4
8336 3
8337 2
8338 2
8339 0
8340 4
8341 5
8342 4
8343 6
8344 5
8345 3
8346 1
8347 2
8348 7
8349 3
8350 7
8351 4
8352 4
8353 1
8354 3
8355 1
8356 3
8357 3
8358 3
8359 4
8360 3
8361 4
8362 4
8363 1
8364 3
8365 5
8366 3
8367 5
8368 5
8369 5
8370 4
8371 4
8372 2
8373 5
8374 3
8375 4
8376 0
8377 2
8378 2
8379 1
8380 4
8381 5
8382 3
8383 3
8384 6
8385 3
8386 3
8387 4
8388 1
8389 5
8390 2
8391 3
8392 4
8393 4
8394 4
8395 4
8396 3
8397 1
8398 0
8399 0
8400 4
8401 2
8402 2
8403 1
8404 4
8405 2
8406 1
8407 3
8408 4
8409 3
8410 2
8411 5
8412 5
8413 2
8414 3
8415 3
8416 4
8417 1
8418 5
8419 3
8420 3
8421 4
8422 2
8423 3
8424 4
8425 2
8426 3
8427 2
8428 3
8429 2
8430 3
8431 2
8432 0
8433 2
8434 2
8435 3
8436 1
8437 2
8438 2
8439 4
8440 5
8441 2
8442 3
8443 4
8444 4
8445 2
8446 2
8447 4
8448 2
8449 3
8450 5
8451 2
8452 5
8453 1
8454 5
8455 3
8456 2
8457 6
8458 3
8459 1
8460 1
8461 3
8462 1
8463 2
8464 3
8465 5
8466 1
8467 2
8468 4
8469 5
8470 2
8471 4
8472 4
8473 2
8474 5
8475 3
8476 3
8477 3
8478 0
8479 3
8480 5
8481 0
8482 4
8483 2
8484 4
8485 4
8486 3
8487 4
8488 3
8489 4
8490 2
8491 1
8492 3
8493 3
8494 2
8495 5
8496 5
8497 5
8498 3
8499 2
8500 4
8501 4
8502 3
8503 4
8504 4
8505 5
8506 4
8507 3
8508 5
8509 3
8510 4
8511 3
8512 4
8513 5
8514 2
8515 5
8516 2
8517 4
8518 6
8519 3
8520 5
8521 1
8522 4
8523 2
8524 4
8525 2
8526 1
8527 2
8528 3
8529 3
8530 6
8531 2
8532 3
8533 1
8534 2
8535 5
8536 3
8537 1
8538 5
8539 4
8540 4
8541 6
8542 2
8543 3
8544 4
8545 3
8546 5
8547 5
8548 5
8549 1
8550 2
8551 6
8552 3
8553 4
8554 4
8555 4
8556 1
8557 2
8558 5
8559 4
8560 3
8561 2
8562 5
8563 5
8564 4
8565 5
8566 2
8567 4
8568 0
8569 2
8570 6
8571 7
8572 4
8573 6
8574 5
8575 5
8576 3
8577 3
8578 6
8579 4
8580 4
8581 4
8582 7
8583 3
8584 5
8585 2
8586 2
8587 7
8588 3
8589 2
8590 2
8591 4
8592 3
8593 0
8594 3
8595 4
8596 5
8597 3
8598 1
8599 2
8600 2
8601 5
8602 7
8603 3
8604 3
8605 4
8606 7
8607 2
8608 2
8609 4
8610 5
8611 1
8612 4
8613 5
8614 2
8615 3
8616 6
8617 3
8618 1
8619 6
8620 8
8621 6
8622 3
8623 4
8624 5
8625 3
8626 5
8627 6
8628 4
8629 4
8630 4
8631 2
8632 2
8633 3
8634 4
8635 2
8636 4
8637 4
8638 4
8639 5
8640 3
8641 4
8642 4
8643 4
8644 4
8645 5
8646 4
8647 4
8648 2
8649 2
8650 4
8651 4
8652 6
8653 3
8654 5
8655 3
8656 2
8657 2
8658 3
8659 3
8660 5
8661 3
8662 4
8663 4
8664 5
8665 3
8666 1
8667 3
8668 2
8669 2
8670 7
8671 7
8672 7
8673 5
8674 5
8675 5
8676 4
8677 4
8678 1
8679 2
8680 4
8681 5
8682 7
8683 3
8684 1
8685 2
8686 4
8687 1
8688 1
8689 3
8690 4
8691 3
8692 4
8693 1
8694 2
8695 4
8696 3
8697 3
8698 3
8699 4
8700 2
8701 5
8702 2
8703 3
8704 4
8705 2
8706 4
8707 6
8708 6
8709 3
8710 5
8711 4
8712 1
8713 3
8714 2
8715 3
8716 1
8717 5
8718 4
8719 4
8720 4
8721 1
8722 1
8723 2
8724 4
8725 2
8726 3
8727 3
8728 2
8729 3
8730 2
8731 2
8732 1
8733 5
8734 5
8735 5
8736 4
8737 5
8738 7
8739 4
8740 7
8741 7
8742 3
8743 5
8744 4
8745 5
8746 9
8747 3
8748 4
8749 4
8750 6
8751 2
8752 4
8753 3
8754 6
8755 2
8756 4
8757 0
8758 4
8759 3
8760 2
8761 5
8762 6
8763 2
8764 6
8765 6
8766 5
8767 5
8768 3
8769 2
8770 1
8771 6
8772 2
8773 2
8774 2
8775 3
8776 5
8777 3
8778 7
8779 7
8780 4
8781 4
8782 2
8783 2
8784 2
8785 1
8786 4
8787 4
8788 4
8789 5
8790 3
8791 1
8792 3
8793 5
8794 3
8795 3
8796 5
8797 3
8798 2
8799 1
8800 3
8801 3
8802 3
8803 3
8804 4
8805 2
8806 3
8807 2
8808 4
8809 3
8810 3
8811 4
8812 6
8813 5
8814 2
8815 3
8816 8
8817 3
8818 4
8819 3
8820 3
8821 4
8822 3
8823 7
8824 5
8825 2
8826 2
8827 4
8828 1
8829 5
8830 4
8831 5
8832 4
8833 3
8834 5
8835 6
8836 3
8837 0
8838 6
8839 5
8840 6
8841 3
8842 3
8843 3
8844 3
8845 1
8846 4
8847 3
8848 5
8849 3
8850 5
8851 3
8852 3
8853 2
8854 2
8855 0
8856 2
8857 0
8858 0
8859 4
8860 1
8861 2
8862 4
8863 1
8864 2
8865 6
8866 2
8867 6
8868 4
8869 2
8870 2
8871 5
8872 1
8873 4
8874 0
8875 3
8876 6
8877 1
8878 2
8879 4
8880 3
8881 5
8882 3
8883 3
8884 4
8885 2
8886 0
8887 3
8888 2
8889 4
8890 5
8891 6
8892 4
8893 4
8894 4
8895 6
8896 3
8897 4
8898 5
8899 4
8900 6
8901 1
8902 5
8903 1
8904 1
8905 4
8906 5
8907 5
8908 5
8909 1
8910 3
8911 4
8912 5
8913 2
8914 8
8915 4
8916 5
8917 3
8918 4
8919 0
8920 2
8921 5
8922 5
8923 4
8924 3
8925 2
8926 2
8927 3
8928 3
8929 3
8930 3
8931 2
8932 3
8933 0
8934 2
8935 3
8936 1
8937 3
8938 1
8939 3
8940 1
8941 1
8942 3
8943 4
8944 3
8945 4
8946 2
8947 3
8948 4
8949 3
8950 3
8951 4
8952 3
8953 2
8954 4
8955 2
8956 0
8957 3
8958 2
8959 4
8960 1
8961 4
8962 2
8963 4
8964 2
8965 5
8966 5
8967 2
8968 1
8969 5
8970 6
8971 2
8972 3
8973 4
8974 2
8975 5
8976 1
8977 4
8978 5
8979 5
8980 3
8981 4
8982 2
8983 2
8984 2
8985 3
8986 4
8987 3
8988 1
8989 6
8990 3
8991 1
8992 4
8993 5
8994 1
8995 5
8996 3
8997 3
8998 5
8999 2
9000 3
9001 6
9002 3
9003 2
9004 3
9005 3
9006 5
9007 4
9008 1
9009 3
9010 2
9011 7
9012 3
9013 3
9014 6
9015 2
9016 1
9017 2
9018 5
9019 1
9020 2
9021 7
9022 0
9023 5
9024 7
9025 1
9026 2
9027 2
9028 6
9029 6
9030 4
9031 3
9032 2
9033 4
9034 3
9035 6
9036 1
9037 5
9038 3
9039 3
9040 4
9041 2
9042 0
9043 3
9044 0
9045 6
9046 6
9047 3
9048 2
9049 5
9050 3
9051 2
9052 3
9053 4
9054 4
9055 1
9056 6
9057 4
9058 2
9059 4
9060 5
9061 3
9062 6
9063 4
9064 4
9065 2
9066 1
9067 1
9068 6
9069 7
9070 6
9071 3
9072 3
9073 4
9074 3
9075 2
9076 2
9077 4
9078 0
9079 3
9080 2
9081 4
9082 4
9083 4
9084 1
9085 5
9086 2
9087 4
9088 2
9089 5
9090 3
9091 3
9092 3
9093 4
9094 4
9095 3
9096 6
9097 3
9098 2
9099 2
9100 4
9101 3
9102 3
9103 4
9104 6
9105 4
9106 4
9107 3
9108 5
9109 3
9110 1
9111 5
9112 2
9113 2
9114 4
9115 2
9116 3
9117 4
9118 3
9119 2
9120 3
9121 4
9122 4
9123 5
9124 5
9125 4
9126 1
9127 3
9128 4
9129 4
9130 4
9131 3
9132 3
9133 3
9134 5
9135 5
9136 3
9137 2
9138 2
9139 3
9140 3
9141 5
9142 4
9143 5
9144 3
9145 5
9146 4
9147 5
9148 5
9149 2
9150 1
9151 4
9152 4
9153 1
9154 6
9155 3
9156 3
9157 4
9158 1
9159 8
9160 4
9161 2
9162 4
9163 1
9164 6
9165 3
9166 5
9167 3
9168 3
9169 4
9170 6
9171 6
9172 4
9173 5
9174 5
9175 2
9176 5
9177 2
9178 3
9179 0
9180 4
9181 2
9182 3
9183 2
9184 4
9185 3
9186 4
9187 5
9188 4
9189 3
9190 5
9191 3
9192 6
9193 4
9194 8
9195 7
9196 5
9197 4
9198 5
9199 3
9200 4
9201 2
9202 3
9203 4
9204 4
9205 6
9206 2
9207 4
9208 5
9209 3
9210 3
9211 5
9212 4
9213 3
9214 4
9215 5
9216 4
9217 5
9218 3
9219 4
9220 3
9221 7
9222 5
9223 2
9224 2
9225 2
9226 2
9227 3
9228 3
9229 3
9230 0
9231 3
9232 4
9233 4
9234 3
9235 5
9236 3
9237 4
9238 3
9239 1
9240 4
9241 2
9242 1
9243 3
9244 6
9245 4
9246 4
9247 3
9248 4
9249 2
9250 4
9251 4
9252 3
9253 4
9254 2
9255 4
9256 4
9257 4
9258 1
9259 2
9260 4
9261 2
9262 3
9263 4
9264 3
9265 3
9266 5
9267 3
9268 5
9269 3
9270 1
9271 2
9272 2
9273 3
9274 3
9275 3
9276 4
9277 4
9278 5
9279 1
9280 3
9281 2
9282 5
9283 0
9284 1
9285 2
9286 2
9287 3
9288 2
9289 1
9290 2
9291 2
9292 3
9293 3
9294 4
9295 3
9296 5
9297 3
9298 2
9299 6
9300 3
9301 4
9302 2
9303 4
9304 4
9305 5
9306 6
9307 4
9308 5
9309 2
9310 3
9311 1
9312 4
9313 1
9314 3
9315 3
9316 2
9317 0
9318 4
9319 1
9320 3
9321 1
9322 2
9323 3
9324 2
9325 2
9326 6
9327 3
9328 3
9329 4
9330 3
9331 4
9332 4
9333 4
9334 2
9335 3
9336 2
9337 1
9338 4
9339 6
9340 5
9341 7
9342 2
9343 5
9344 3
9345 2
9346 1
9347 2
9348 3
9349 4
9350 4
9351 4
9352 2
9353 4
9354 5
9355 4
9356 3
9357 5
9358 6
9359 4
9360 2
9361 5
9362 4
9363 6
9364 5
9365 5
9366 4
9367 0
9368 2
9369 5
9370 4
9371 2
9372 2
9373 7
9374 5
9375 2
9376 1
9377 4
9378 3
9379 4
9380 2
9381 4
9382 5
9383 4
9384 6
9385 2
9386 3
9387 9
9388 3
9389 2
9390 3
9391 5
9392 3
9393 5
9394 6
9395 2
9396 1
9397 2
9398 0
9399 3
9400 4
9401 6
9402 3
9403 3
9404 4
9405 4
9406 2
9407 4
9408 4
9409 6
9410 0
9411 4
9412 4
9413 2
9414 1
9415 3
9416 3
9417 1
9418 4
9419 1
9420 2
9421 5
9422 2
9423 6
9424 3
9425 3
9426 6
9427 1
9428 3
9429 3
9430 6
9431 4
9432 5
9433 4
9434 7
9435 4
9436 4
9437 7
9438 3
9439 1
9440 3
9441 5
9442 4
9443 3
9444 5
9445 5
9446 1
9447 3
9448 5
9449 6
9450 7
9451 4
9452 5
9453 2
9454 4
9455 3
9456 6
9457 5
9458 1
9459 3
9460 1
9461 6
9462 6
9463 4
9464 5
9465 3
9466 1
9467 5
9468 5
9469 4
9470 4
9471 3
9472 3
9473 3
9474 3
9475 5
9476 3
9477 3
9478 4
9479 5
9480 6
9481 4
9482 4
9483 2
9484 6
9485 5
9486 2
9487 3
9488 4
9489 5
9490 2
9491 3
9492 3
9493 4
9494 1
9495 5
9496 2
9497 0
9498 2
9499 4
9500 2
9501 4
9502 1
9503 3
9504 6
9505 3
9506 2
9507 5
9508 2
9509 1
9510 1
9511 3
9512 1
9513 4
9514 3
9515 3
9516 3
9517 3
9518 2
9519 6
9520 4
9521 3
9522 3
9523 6
9524 5
9525 2
9526 6
9527 2
9528 4
9529 5
9530 3
9531 2
9532 4
9533 4
9534 4
9535 4
9536 1
9537 2
9538 2
9539 1
9540 2
9541 2
9542 1
9543 0
9544 3
9545 3
9546 3
9547 3
9548 3
9549 5
9550 7
9551 6
9552 2
9553 4
9554 6
9555 4
9556 7
9557 5
9558 4
9559 2
9560 3
9561 4
9562 7
9563 4
9564 4
9565 3
9566 1
9567 1
9568 4
9569 5
9570 3
9571 3
9572 5
9573 3
9574 3
9575 5
9576 2
9577 1
9578 1
9579 1
9580 5
9581 4
9582 4
9583 2
9584 3
9585 2
9586 4
9587 2
9588 4
9589 3
9590 1
9591 3
9592 5
9593 3
9594 4
9595 1
9596 4
9597 1
9598 3
9599 5
9600 4
9601 3
9602 4
9603 3
9604 5
9605 4
9606 2
9607 2
9608 4
9609 7
9610 2
9611 3
9612 3
9613 3
9614 2
9615 4
9616 2
9617 4
9618 7
9619 2
9620 6
9621 4
9622 3
9623 4
9624 5
9625 5
9626 2
9627 5
9628 4
9629 1
9630 0
9631 2
9632 4
9633 4
9634 1
9635 4
9636 3
9637 4
9638 6
9639 3
9640 7
9641 2
9642 2
9643 4
9644 3
9645 4
9646 5
9647 3
9648 3
9649 4
9650 3
9651 6
9652 5
9653 4
9654 6
9655 4
9656 2
9657 4
9658 3
9659 5
9660 6
9661 7
9662 5
9663 5
9664 6
9665 6
9666 3
9667 4
9668 6
9669 1
9670 1
9671 1
9672 4
9673 3
9674 3
9675 4
9676 2
9677 0
9678 4
9679 2
9680 3
9681 2
9682 1
9683 1
9684 3
9685 3
9686 4
9687 2
9688 4
9689 4
9690 7
9691 3
9692 7
9693 3
9694 4
9695 2
9696 5
9697 4
9698 1
9699 2
9700 4
9701 4
9702 5
9703 2
9704 3
9705 5
9706 4
9707 4
9708 3
9709 2
9710 2
9711 3
9712 1
9713 2
9714 3
9715 4
9716 4
9717 2
9718 4
9719 8
9720 5
9721 4
9722 3
9723 5
9724 8
9725 4
9726 4
9727 2
9728 6
9729 5
9730 5
9731 2
9732 2
9733 4
9734 2
9735 4
9736 4
9737 6
9738 4
9739 2
9740 5
9741 6
9742 4
9743 5
9744 7
9745 5
9746 5
9747 5
9748 3
9749 4
9750 1
9751 4
9752 2
9753 4
9754 4
9755 4
9756 3
9757 4
9758 5
9759 5
9760 1
9761 3
9762 4
9763 4
9764 6
9765 6
9766 5
9767 1
9768 3
9769 4
9770 2
9771 3
9772 2
9773 6
9774 4
9775 5
9776 4
9777 3
9778 3
9779 4
9780 4
9781 5
9782 5
9783 6
9784 3
9785 3
9786 4
9787 6
9788 3
9789 4
9790 4
9791 5
9792 5
9793 3
9794 4
9795 5
9796 2
9797 5
9798 3
9799 4
9800 6
9801 6
9802 1
9803 4
9804 3
9805 5
9806 4
9807 4
9808 3
9809 1
9810 4
9811 6
9812 5
9813 4
9814 3
9815 5
9816 4
9817 5
9818 3
9819 4
9820 7
9821 6
9822 3
9823 2
9824 4
9825 4
9826 4
9827 4
9828 1
9829 5
9830 5
9831 3
9832 4
9833 7
9834 4
9835 4
9836 2
9837 4
9838 3
9839 3
9840 2
9841 2
9842 4
9843 5
9844 6
9845 5
9846 4
9847 8
9848 3
9849 4
9850 7
9851 2
9852 3
9853 4
9854 3
9855 4
9856 3
9857 6
9858 4
9859 3
9860 2
9861 0
9862 0
9863 6
9864 6
9865 5
9866 4
9867 6
9868 2
9869 5
9870 4
9871 4
9872 5
9873 3
9874 6
9875 5
9876 1
9877 1
9878 6
9879 3
9880 4
9881 6
9882 3
9883 2
9884 6
9885 7
9886 5
9887 2
9888 5
9889 0
9890 1
9891 3
9892 3
9893 6
9894 5
9895 4
9896 7
9897 3
9898 3
9899 3
9900 3
9901 6
9902 5
9903 0
9904 4
9905 2
9906 1
9907 6
9908 2
9909 4
9910 3
9911 5
9912 5
9913 3
9914 5
9915 6
9916 2
9917 6
9918 4
9919 5
9920 1
9921 4
9922 5
9923 3
9924 6
9925 5
9926 6
9927 4
9928 2
9929 1
9930 6
9931 6
9932 6
9933 3
9934 4
9935 2
9936 2
9937 6
9938 3
9939 3
9940 5
9941 4
9942 5
9943 6
9944 4
9945 3
9946 3
9947 5
9948 4
9949 3
9950 3
9951 3
9952 5
9953 4
9954 2
9955 4
9956 2
9957 6
9958 5
9959 3
9960 3
9961 2
9962 5
9963 7
9964 4
9965 2
9966 6
9967 4
9968 4
9969 8
9970 4
9971 4
9972 4
9973 1
9974 5
9975 4
9976 7
9977 5
9978 4
9979 4
9980 5
9981 5
9982 3
9983 5
9984 5
9985 5
9986 3
9987 4
9988 5
9989 5
9990 3
9991 4
9992 4
9993 3
9994 2
9995 4
9996 1
9997 4
9998 5
9999 2
10000 5
10001 4
