0 4
1 7
2 3
3 2
4 1
5 3
6 0
7 1
8 1
9 1
10 3
11 0
12 0
13 1
14 2
15 1
16 2
17 1
18 1
19 0
20 0
21 1
22 2
23 2
24 1
25 0
26 0
27 1
28 0
29 0
30 2
31 1
32 0
33 2
34 1
35 0
36 3
37 1
38 1
39 1
40 1
41 2
42 0
43 1
44 1
45 0
46 0
47 0
48 0
49 1
50 0
51 0
52 0
53 0
54 0
55 0
56 1
57 2
58 0
59 1
60 0
61 1
62 1
63 1
64 0
65 1
66 1
67 0
68 1
69 0
70 0
71 0
72 0
73 0
74 0
75 0
76 0
77 0
78 0
79 0
80 0
81 0
82 0
83 0
84 0
85 0
86 0
87 0
88 0
89 1
90 0
91 0
92 1
93 0
94 0
95 0
96 0
97 0
98 1
99 0
100 1
101 0
102 1
103 1
104 0
105 0
106 0
107 0
108 0
109 1
110 1
111 0
112 0
113 0
114 0
115 0
116 0
117 0
118 0
119 1
120 0
121 0
122 0
123 2
124 0
125 0
126 0
127 1
128 0
129 0
130 0
131 1
132 0
133 0
134 1
135 0
136 0
137 0
138 0
139 0
140 0
141 0
142 0
143 0
144 0
145 1
146 0
147 0
148 1
149 0
150 0
151 1
152 1
153 2
154 0
155 1
156 1
157 2
158 1
159 0
160 0
161 0
162 0
163 1
164 1
165 0
166 0
167 0
168 1
169 0
170 0
171 0
172 0
173 0
174 0
175 0
176 0
177 0
178 0
179 0
180 0
181 0
182 0
183 0
184 0
185 0
186 0
187 0
188 0
189 0
190 0
191 0
192 0
193 1
194 0
195 1
196 0
197 0
198 0
199 0
200 1
201 1
202 2
203 0
204 0
205 0
206 0
207 0
208 0
209 0
210 0
211 0
212 0
213 0
214 0
215 0
216 1
217 1
218 0
219 0
220 0
221 0
222 0
223 0
224 0
225 0
226 0
227 0
228 1
229 0
230 0
231 1
232 0
233 0
234 0
235 0
236 0
237 0
238 2
239 0
240 0
241 0
242 1
243 0
244 0
245 0
246 1
247 0
248 0
249 0
250 0
251 0
252 0
253 0
254 1
255 0
256 1
257 0
258 0
259 0
260 1
261 0
262 0
263 0
264 0
265 0
266 0
267 0
268 1
269 0
270 1
271 0
272 1
273 0
274 1
275 0
276 0
277 1
278 0
279 0
280 0
281 0
282 1
283 0
284 0
285 0
286 0
287 0
288 0
289 0
290 1
291 0
292 0
293 0
294 0
295 0
296 0
297 0
298 0
299 0
300 1
301 0
302 0
303 0
304 0
305 0
306 0
307 0
308 0
309 0
310 0
311 0
312 1
313 0
314 1
315 1
316 1
317 0
318 1
319 0
320 1
321 1
322 2
323 0
324 1
325 0
326 0
327 2
328 2
329 1
330 1
331 1
332 0
333 0
334 0
335 1
336 0
337 1
338 1
339 0
340 1
341 0
342 1
343 0
344 0
345 0
346 0
347 0
348 0
349 0
350 0
351 0
352 0
353 0
354 0
355 0
356 0
357 0
358 1
359 2
360 0
361 0
362 0
363 1
364 1
365 1
366 0
367 1
368 1
369 2
370 0
371 1
372 2
373 0
374 2
375 2
376 2
377 0
378 1
379 2
380 0
381 1
382 1
383 1
384 1
385 1
386 1
387 1
388 3
389 1
390 1
391 1
392 1
393 3
394 1
395 2
396 1
397 4
398 2
399 1
400 1
401 2
402 0
403 1
404 1
405 0
406 0
407 3
408 2
409 2
410 1
411 0
412 0
413 1
414 1
415 0
416 0
417 0
418 1
419 0
420 2
421 0
422 0
423 1
424 0
425 2
426 1
427 2
428 1
429 0
430 2
431 1
432 1
433 0
434 0
435 0
436 0
437 0
438 1
439 1
440 0
441 2
442 2
443 0
444 0
445 1
446 0
447 0
448 0
449 0
450 0
451 0
452 0
453 0
454 0
455 0
456 0
457 1
458 0
459 1
460 1
461 0
462 0
463 1
464 0
465 1
466 0
467 0
468 1
469 1
470 1
471 3
472 2
473 0
474 2
475 0
476 1
477 2
478 2
479 1
480 1
481 1
482 0
483 0
484 0
485 1
486 1
487 1
488 2
489 0
490 0
491 2
492 2
493 1
494 1
495 1
496 1
497 0
498 0
499 1
500 1
501 0
502 0
503 1
504 0
505 0
506 1
507 1
508 0
509 0
510 1
511 0
512 1
513 0
514 0
515 0
516 0
517 0
518 2
519 0
520 1
521 1
522 0
523 0
524 0
525 1
526 1
527 0
528 0
529 1
530 0
531 0
532 0
533 0
534 1
535 1
536 0
537 2
538 1
539 1
540 1
541 0
542 0
543 0
544 0
545 0
546 1
547 0
548 0
549 0
550 2
551 1
552 0
553 1
554 0
555 0
556 0
557 1
558 1
559 0
560 0
561 0
562 0
563 0
564 1
565 0
566 2
567 0
568 0
569 1
570 0
571 1
572 1
573 0
574 0
575 0
576 0
577 0
578 0
579 0
580 0
581 0
582 2
583 0
584 1
585 2
586 1
587 1
588 0
589 1
590 0
591 0
592 0
593 0
594 1
595 1
596 0
597 1
598 0
599 2
600 1
601 1
602 0
603 1
604 0
605 1
606 4
607 0
608 1
609 2
610 0
611 0
612 0
613 2
614 1
615 1
616 2
617 1
618 2
619 2
620 1
621 1
622 2
623 0
624 1
625 3
626 2
627 0
628 0
629 0
630 2
631 1
632 1
633 0
634 0
635 1
636 1
637 0
638 0
639 0
640 0
641 1
642 0
643 0
644 1
645 1
646 1
647 0
648 0
649 1
650 1
651 0
652 0
653 0
654 0
655 0
656 1
657 0
658 1
659 0
660 0
661 0
662 0
663 1
664 0
665 1
666 0
667 0
668 0
669 0
670 1
671 0
672 1
673 0
674 0
675 0
676 0
677 1
678 0
679 1
680 0
681 0
682 0
683 0
684 0
685 0
686 0
687 0
688 0
689 0
690 0
691 0
692 0
693 0
694 0
695 0
696 0
697 0
698 1
699 0
700 0
701 0
702 0
703 0
704 0
705 1
706 0
707 0
708 0
709 0
710 0
711 0
712 0
713 0
714 0
715 0
716 0
717 1
718 1
719 0
720 0
721 0
722 0
723 1
724 0
725 0
726 0
727 0
728 0
729 1
730 0
731 1
732 0
733 1
734 1
735 2
736 0
737 0
738 0
739 2
740 0
741 2
742 0
743 1
744 0
745 2
746 0
747 0
748 0
749 2
750 2
751 0
752 0
753 1
754 1
755 0
756 3
757 0
758 1
759 0
760 0
761 0
762 1
763 2
764 0
765 2
766 1
767 0
768 1
769 2
770 0
771 1
772 2
773 0
774 1
775 1
776 1
777 0
778 0
779 1
780 0
781 0
782 0
783 0
784 3
785 0
786 1
787 4
788 3
789 3
790 0
791 0
792 0
793 0
794 2
795 0
796 0
797 0
798 1
799 2
800 0
801 1
802 0
803 0
804 1
805 0
806 0
807 1
808 0
809 2
810 1
811 0
812 1
813 0
814 0
815 2
816 2
817 0
818 1
819 0
820 0
821 0
822 0
823 1
824 2
825 3
826 0
827 0
828 2
829 0
830 1
831 1
832 0
833 1
834 1
835 1
836 1
837 0
838 0
839 0
840 0
841 1
842 0
843 2
844 1
845 0
846 1
847 0
848 2
849 0
850 2
851 1
852 1
853 3
854 0
855 1
856 1
857 0
858 0
859 0
860 1
861 0
862 2
863 0
864 1
865 3
866 1
867 2
868 2
869 0
870 1
871 2
872 0
873 0
874 1
875 0
876 1
877 1
878 0
879 2
880 0
881 0
882 1
883 2
884 1
885 2
886 1
887 0
888 1
889 2
890 1
891 0
892 2
893 2
894 0
895 1
896 3
897 1
898 1
899 1
900 0
901 0
902 0
903 2
904 0
905 0
906 1
907 2
908 0
909 1
910 0
911 1
912 1
913 0
914 0
915 2
916 0
917 1
918 0
919 0
920 1
921 2
922 1
923 0
924 0
925 2
926 0
927 1
928 1
929 0
930 0
931 0
932 2
933 1
934 0
935 0
936 0
937 1
938 0
939 0
940 1
941 0
942 0
943 0
944 1
945 1
946 0
947 2
948 0
949 0
950 0
951 0
952 0
953 0
954 0
955 0
956 0
957 1
958 0
959 0
960 0
961 1
962 0
963 0
964 0
965 0
966 1
967 1
968 0
969 0
970 0
971 2
972 1
973 1
974 1
975 1
976 2
977 1
978 1
979 1
980 1
981 2
982 2
983 0
984 3
985 1
986 0
987 1
988 2
989 0
990 1
991 0
992 0
993 1
994 0
995 0
996 1
997 1
998 3
999 3
1000 0
1001 1
1002 1
1003 2
1004 1
1005 0
1006 0
1007 0
1008 0
1009 1
1010 0
1011 1
1012 1
1013 1
1014 1
1015 0
1016 0
1017 0
1018 0
1019 2
1020 0
1021 1
1022 0
1023 3
1024 1
1025 1
1026 1
1027 2
1028 0
1029 1
1030 0
1031 1
1032 1
1033 1
1034 2
1035 2
1036 0
1037 2
1038 2
1039 1
1040 2
1041 0
1042 2
1043 1
1044 1
1045 1
1046 1
1047 0
1048 0
1049 1
1050 0
1051 0
1052 1
1053 1
1054 3
1055 0
1056 0
1057 3
1058 2
1059 0
1060 0
1061 1
1062 0
1063 0
1064 0
1065 1
1066 2
1067 2
1068 0
1069 2
1070 1
1071 0
1072 0
1073 2
1074 3
1075 1
1076 3
1077 0
1078 2
1079 1
1080 1
1081 2
1082 0
1083 2
1084 0
1085 0
1086 2
1087 0
1088 0
1089 0
1090 1
1091 0
1092 0
1093 2
1094 2
1095 1
1096 0
1097 0
1098 0
1099 0
1100 1
1101 1
1102 2
1103 0
1104 0
1105 2
1106 2
1107 1
1108 1
1109 0
1110 0
1111 0
1112 0
1113 0
1114 0
1115 0
1116 0
1117 0
1118 0
1119 0
1120 0
1121 0
1122 0
1123 0
1124 1
1125 1
1126 2
1127 1
1128 2
1129 0
1130 1
1131 1
1132 2
1133 0
1134 0
1135 0
1136 2
1137 0
1138 0
1139 2
1140 1
1141 0
1142 1
1143 0
1144 2
1145 0
1146 2
1147 0
1148 0
1149 1
1150 1
1151 0
1152 0
1153 3
1154 0
1155 1
1156 1
1157 2
1158 0
1159 1
1160 2
1161 0
1162 0
1163 4
1164 2
1165 0
1166 1
1167 0
1168 0
1169 0
1170 0
1171 1
1172 0
1173 0
1174 0
1175 1
1176 0
1177 0
1178 1
1179 2
1180 0
1181 0
1182 1
1183 0
1184 1
1185 1
1186 1
1187 1
1188 1
1189 3
1190 1
1191 0
1192 4
1193 1
1194 2
1195 1
1196 1
1197 1
1198 1
1199 2
1200 0
1201 3
1202 0
1203 1
1204 0
1205 1
1206 1
1207 0
1208 0
1209 1
1210 0
1211 2
1212 1
1213 1
1214 1
1215 2
1216 1
1217 2
1218 1
1219 0
1220 0
1221 2
1222 1
1223 2
1224 1
1225 1
1226 1
1227 1
1228 1
1229 1
1230 0
1231 1
1232 0
1233 1
1234 2
1235 4
1236 1
1237 1
1238 1
1239 2
1240 3
1241 1
1242 1
1243 0
1244 1
1245 2
1246 1
1247 1
1248 1
1249 1
1250 0
1251 1
1252 0
1253 0
1254 1
1255 1
1256 2
1257 1
1258 0
1259 0
1260 1
1261 1
1262 0
1263 1
1264 0
1265 1
1266 0
1267 0
1268 1
1269 2
1270 0
1271 0
1272 1
1273 0
1274 1
1275 0
1276 0
1277 0
1278 0
1279 1
1280 2
1281 2
1282 2
1283 0
1284 1
1285 1
1286 2
1287 1
1288 0
1289 1
1290 2
1291 1
1292 0
1293 0
1294 0
1295 1
1296 0
1297 5
1298 0
1299 2
1300 1
1301 0
1302 0
1303 2
1304 2
1305 1
1306 3
1307 0
1308 2
1309 0
1310 1
1311 0
1312 3
1313 1
1314 0
1315 2
1316 2
1317 2
1318 4
1319 0
1320 1
1321 0
1322 1
1323 2
1324 2
1325 3
1326 2
1327 1
1328 1
1329 1
1330 1
1331 1
1332 1
1333 1
1334 0
1335 0
1336 1
1337 1
1338 1
1339 0
1340 1
1341 1
1342 1
1343 1
1344 1
1345 3
1346 1
1347 1
1348 0
1349 0
1350 1
1351 1
1352 1
1353 0
1354 1
1355 1
1356 1
1357 2
1358 3
1359 2
1360 1
1361 2
1362 2
1363 4
1364 1
1365 2
1366 1
1367 1
1368 1
1369 0
1370 0
1371 0
1372 2
1373 3
1374 1
1375 2
1376 1
1377 0
1378 1
1379 0
1380 2
1381 2
1382 1
1383 0
1384 0
1385 2
1386 2
1387 2
1388 1
1389 2
1390 0
1391 0
1392 1
1393 0
1394 2
1395 1
1396 0
1397 2
1398 0
1399 1
1400 0
1401 1
1402 2
1403 0
1404 4
1405 1
1406 1
1407 2
1408 1
1409 1
1410 3
1411 1
1412 2
1413 0
1414 0
1415 0
1416 0
1417 0
1418 1
1419 0
1420 0
1421 0
1422 1
1423 0
1424 0
1425 2
1426 1
1427 0
1428 1
1429 0
1430 1
1431 0
1432 2
1433 2
1434 0
1435 1
1436 0
1437 0
1438 1
1439 0
1440 1
1441 1
1442 0
1443 1
1444 0
1445 0
1446 0
1447 1
1448 2
1449 0
1450 0
1451 0
1452 0
1453 1
1454 2
1455 0
1456 1
1457 3
1458 0
1459 1
1460 2
1461 2
1462 1
1463 1
1464 1
1465 1
1466 0
1467 0
1468 0
1469 1
1470 0
1471 1
1472 0
1473 1
1474 1
1475 2
1476 0
1477 0
1478 1
1479 3
1480 0
1481 1
1482 2
1483 2
1484 1
1485 0
1486 1
1487 0
1488 1
1489 0
1490 1
1491 1
1492 0
1493 0
1494 0
1495 0
1496 1
1497 1
1498 0
1499 0
1500 2
1501 1
1502 0
1503 0
1504 1
1505 0
1506 0
1507 1
1508 1
1509 0
1510 1
1511 0
1512 1
1513 1
1514 0
1515 1
1516 0
1517 1
1518 0
1519 0
1520 1
1521 0
1522 0
1523 0
1524 0
1525 1
1526 0
1527 1
1528 2
1529 0
1530 0
1531 0
1532 1
1533 1
1534 0
1535 0
1536 0
1537 0
1538 0
1539 1
1540 0
1541 0
1542 1
1543 2
1544 0
1545 0
1546 1
1547 1
1548 2
1549 0
1550 3
1551 0
1552 1
1553 1
1554 1
1555 0
1556 0
1557 0
1558 1
1559 1
1560 0
1561 0
1562 0
1563 0
1564 2
1565 0
1566 0
1567 0
1568 1
1569 0
1570 1
1571 1
1572 1
1573 1
1574 2
1575 0
1576 1
1577 0
1578 0
1579 0
1580 0
1581 1
1582 0
1583 0
1584 0
1585 0
1586 0
1587 0
1588 0
1589 0
1590 1
1591 0
1592 0
1593 0
1594 0
1595 1
1596 1
1597 0
1598 0
1599 1
1600 0
1601 2
1602 0
1603 0
1604 0
1605 0
1606 0
1607 0
1608 0
1609 0
1610 0
1611 0
1612 0
1613 0
1614 0
1615 0
1616 0
1617 0
1618 0
1619 1
1620 0
1621 0
1622 0
1623 0
1624 0
1625 0
1626 0
1627 0
1628 0
1629 0
1630 0
1631 0
1632 1
1633 0
1634 0
1635 0
1636 0
1637 0
1638 0
1639 0
1640 0
1641 0
1642 0
1643 1
1644 1
1645 1
1646 0
1647 0
1648 1
1649 1
1650 0
1651 0
1652 2
1653 0
1654 1
1655 0
1656 2
1657 2
1658 1
1659 1
1660 1
1661 3
1662 1
1663 0
1664 2
1665 1
1666 0
1667 2
1668 0
1669 0
1670 0
1671 2
1672 0
1673 0
1674 1
1675 3
1676 3
1677 0
1678 1
1679 0
1680 2
1681 3
1682 0
1683 2
1684 0
1685 1
1686 1
1687 3
1688 1
1689 0
1690 2
1691 1
1692 2
1693 3
1694 1
1695 1
1696 1
1697 1
1698 5
1699 2
1700 0
1701 2
1702 1
1703 1
1704 2
1705 0
1706 0
1707 0
1708 2
1709 2
1710 2
1711 1
1712 2
1713 0
1714 1
1715 0
1716 0
1717 2
1718 1
1719 0
1720 1
1721 0
1722 0
1723 2
1724 1
1725 2
1726 0
1727 1
1728 1
1729 1
1730 0
1731 0
1732 2
1733 0
1734 1
1735 2
1736 2
1737 1
1738 0
1739 1
1740 0
1741 3
1742 2
1743 1
1744 0
1745 0
1746 1
1747 0
1748 2
1749 0
1750 2
1751 2
1752 3
1753 3
1754 0
1755 2
1756 2
1757 4
1758 2
1759 0
1760 1
1761 1
1762 2
1763 1
1764 0
1765 1
1766 1
1767 2
1768 1
1769 1
1770 0
1771 0
1772 1
1773 3
1774 1
1775 0
1776 4
1777 1
1778 1
1779 1
1780 0
1781 2
1782 3
1783 0
1784 2
1785 1
1786 0
1787 1
1788 2
1789 2
1790 1
1791 0
1792 1
1793 3
1794 3
1795 2
1796 2
1797 0
1798 0
1799 1
1800 1
1801 1
1802 1
1803 3
1804 2
1805 2
1806 0
1807 1
1808 0
1809 0
1810 1
1811 1
1812 2
1813 1
1814 1
1815 0
1816 0
1817 0
1818 1
1819 2
1820 0
1821 1
1822 1
1823 3
1824 1
1825 1
1826 0
1827 3
1828 1
1829 2
1830 0
1831 0
1832 0
1833 1
1834 0
1835 0
1836 1
1837 1
1838 3
1839 2
1840 1
1841 0
1842 0
1843 1
1844 0
1845 0
1846 0
1847 0
1848 1
1849 0
1850 0
1851 0
1852 1
1853 2
1854 0
1855 1
1856 2
1857 1
1858 0
1859 1
1860 2
1861 0
1862 1
1863 1
1864 1
1865 1
1866 1
1867 1
1868 0
1869 1
1870 2
1871 0
1872 3
1873 2
1874 1
1875 0
1876 2
1877 2
1878 3
1879 2
1880 1
1881 3
1882 1
1883 0
1884 2
1885 1
1886 0
1887 0
1888 0
1889 0
1890 1
1891 0
1892 1
1893 0
1894 0
1895 1
1896 1
1897 2
1898 2
1899 1
1900 1
1901 2
1902 2
1903 1
1904 1
1905 0
1906 0
1907 1
1908 0
1909 2
1910 2
1911 0
1912 2
1913 0
1914 0
1915 1
1916 1
1917 0
1918 1
1919 1
1920 0
1921 3
1922 3
1923 0
1924 1
1925 0
1926 1
1927 2
1928 0
1929 2
1930 0
1931 1
1932 1
1933 0
1934 0
1935 0
1936 0
1937 0
1938 0
1939 0
1940 0
1941 0
1942 1
1943 0
1944 1
1945 1
1946 1
1947 1
1948 0
1949 0
1950 0
1951 2
1952 1
1953 1
1954 1
1955 1
1956 1
1957 0
1958 0
1959 0
1960 2
1961 1
1962 0
1963 1
1964 2
1965 0
1966 1
1967 0
1968 0
1969 2
1970 0
1971 0
1972 0
1973 0
1974 1
1975 1
1976 0
1977 1
1978 0
1979 0
1980 0
1981 0
1982 0
1983 1
1984 0
1985 2
1986 1
1987 0
1988 0
1989 1
1990 1
1991 1
1992 0
1993 0
1994 1
1995 0
1996 1
1997 1
1998 1
1999 0
2000 1
2001 0
2002 1
2003 1
2004 0
2005 0
2006 2
2007 0
2008 2
2009 0
2010 1
2011 1
2012 3
2013 1
2014 1
2015 0
2016 0
2017 0
2018 2
2019 0
2020 2
2021 1
2022 1
2023 3
2024 2
2025 1
2026 0
2027 0
2028 2
2029 1
2030 0
2031 1
2032 1
2033 1
2034 1
2035 0
2036 0
2037 0
2038 0
2039 0
2040 0
2041 1
2042 2
2043 0
2044 0
2045 0
2046 1
2047 1
2048 0
2049 1
2050 0
2051 2
2052 0
2053 1
2054 0
2055 0
2056 0
2057 0
2058 0
2059 0
2060 0
2061 1
2062 0
2063 0
2064 0
2065 0
2066 1
2067 1
2068 0
2069 0
2070 0
2071 0
2072 0
2073 0
2074 0
2075 0
2076 0
2077 2
2078 2
2079 1
2080 1
2081 0
2082 1
2083 0
2084 0
2085 0
2086 1
2087 1
2088 1
2089 0
2090 1
2091 2
2092 2
2093 1
2094 0
2095 1
2096 1
2097 0
2098 0
2099 0
2100 0
2101 0
2102 1
2103 0
2104 0
2105 0
2106 0
2107 0
2108 0
2109 0
2110 0
2111 2
2112 1
2113 0
2114 1
2115 1
2116 0
2117 1
2118 0
2119 0
2120 1
2121 0
2122 1
2123 0
2124 0
2125 1
2126 1
2127 0
2128 1
2129 1
2130 1
2131 1
2132 1
2133 0
2134 4
2135 2
2136 2
2137 2
2138 1
2139 0
2140 3
2141 2
2142 1
2143 1
2144 0
2145 0
2146 4
2147 3
2148 1
2149 2
2150 2
2151 0
2152 2
2153 1
2154 3
2155 1
2156 0
2157 3
2158 3
2159 3
2160 3
2161 1
2162 1
2163 1
2164 3
2165 0
2166 2
2167 2
2168 0
2169 1
2170 0
2171 1
2172 0
2173 0
2174 1
2175 1
2176 1
2177 2
2178 0
2179 1
2180 1
2181 0
2182 0
2183 0
2184 0
2185 0
2186 0
2187 1
2188 0
2189 0
2190 0
2191 0
2192 0
2193 1
2194 0
2195 0
2196 0
2197 2
2198 1
2199 0
2200 0
2201 2
2202 1
2203 1
2204 0
2205 1
2206 0
2207 1
2208 0
2209 1
2210 0
2211 0
2212 0
2213 0
2214 1
2215 1
2216 0
2217 0
2218 0
2219 1
2220 1
2221 2
2222 2
2223 0
2224 1
2225 0
2226 0
2227 2
2228 1
2229 0
2230 0
2231 0
2232 2
2233 2
2234 0
2235 0
2236 0
2237 1
2238 1
2239 1
2240 2
2241 0
2242 0
2243 0
2244 0
2245 1
2246 0
2247 1
2248 1
2249 1
2250 1
2251 0
2252 0
2253 0
2254 0
2255 0
2256 0
2257 0
2258 1
2259 0
2260 2
2261 0
2262 0
2263 1
2264 0
2265 0
2266 1
2267 0
2268 0
2269 0
2270 0
2271 0
2272 0
2273 0
2274 0
2275 0
2276 0
2277 0
2278 0
2279 0
2280 0
2281 0
2282 0
2283 0
2284 1
2285 1
2286 1
2287 1
2288 2
2289 0
2290 0
2291 0
2292 0
2293 1
2294 0
2295 0
2296 1
2297 0
2298 1
2299 0
2300 0
2301 0
2302 0
2303 0
2304 0
2305 1
2306 0
2307 0
2308 1
2309 1
2310 1
2311 0
2312 1
2313 0
2314 0
2315 1
2316 1
2317 0
2318 0
2319 0
2320 1
2321 1
2322 0
2323 0
2324 1
2325 0
2326 1
2327 1
2328 1
2329 0
2330 0
2331 1
2332 0
2333 3
2334 3
2335 0
2336 1
2337 0
2338 1
2339 0
2340 1
2341 2
2342 0
2343 1
2344 0
2345 1
2346 0
2347 2
2348 1
2349 0
2350 1
2351 0
2352 0
2353 0
2354 0
2355 0
2356 0
2357 0
2358 0
2359 0
2360 1
2361 1
2362 0
2363 1
2364 1
2365 0
2366 0
2367 0
2368 0
2369 0
2370 0
2371 0
2372 1
2373 2
2374 0
2375 0
2376 1
2377 3
2378 0
2379 0
2380 0
2381 0
2382 0
2383 0
2384 0
2385 0
2386 2
2387 0
2388 0
2389 0
2390 1
2391 2
2392 0
2393 0
2394 0
2395 0
2396 0
2397 0
2398 0
2399 0
2400 0
2401 1
2402 0
2403 1
2404 1
2405 0
2406 0
2407 1
2408 0
2409 0
2410 0
2411 0
2412 0
2413 1
2414 2
2415 0
2416 0
2417 0
2418 0
2419 0
2420 0
2421 0
2422 0
2423 0
2424 0
2425 0
2426 0
2427 0
2428 0
2429 0
2430 0
2431 0
2432 0
2433 0
2434 0
2435 0
2436 0
2437 0
2438 1
2439 0
2440 0
2441 0
2442 0
2443 0
2444 1
2445 1
2446 0
2447 1
2448 0
2449 1
2450 1
2451 1
2452 1
2453 0
2454 0
2455 0
2456 0
2457 0
2458 0
2459 2
2460 1
2461 2
2462 1
2463 0
2464 0
2465 1
2466 2
2467 1
2468 0
2469 0
2470 1
2471 1
2472 1
2473 1
2474 1
2475 2
2476 0
2477 1
2478 1
2479 0
2480 1
2481 0
2482 0
2483 2
2484 1
2485 1
2486 1
2487 1
2488 0
2489 1
2490 0
2491 0
2492 1
2493 0
2494 2
2495 0
2496 1
2497 0
2498 1
2499 0
2500 0
2501 2
2502 1
2503 0
2504 1
2505 1
2506 0
2507 1
2508 0
2509 2
2510 0
2511 1
2512 1
2513 1
2514 2
2515 2
2516 2
2517 2
2518 1
2519 2
2520 0
2521 0
2522 2
2523 0
2524 0
2525 1
2526 0
2527 0
2528 3
2529 1
2530 2
2531 0
2532 1
2533 3
2534 0
2535 2
2536 3
2537 0
2538 1
2539 0
2540 2
2541 2
2542 2
2543 1
2544 2
2545 2
2546 0
2547 1
2548 1
2549 1
2550 2
2551 1
2552 1
2553 1
2554 3
2555 3
2556 3
2557 1
2558 2
2559 2
2560 2
2561 0
2562 0
2563 1
2564 1
2565 1
2566 0
2567 1
2568 2
2569 2
2570 0
2571 1
2572 2
2573 0
2574 2
2575 2
2576 0
2577 0
2578 2
2579 1
2580 1
2581 2
2582 0
2583 1
2584 1
2585 0
2586 0
2587 2
2588 2
2589 2
2590 0
2591 0
2592 2
2593 0
2594 0
2595 1
2596 3
2597 0
2598 1
2599 1
2600 0
2601 1
2602 0
2603 2
2604 0
2605 2
2606 1
2607 0
2608 1
2609 1
2610 1
2611 1
2612 2
2613 1
2614 2
2615 0
2616 3
2617 0
2618 0
2619 3
2620 2
2621 0
2622 2
2623 1
2624 1
2625 1
2626 2
2627 1
2628 0
2629 1
2630 1
2631 0
2632 1
2633 0
2634 1
2635 1
2636 0
2637 0
2638 1
2639 0
2640 1
2641 0
2642 0
2643 1
2644 1
2645 1
2646 0
2647 1
2648 1
2649 0
2650 0
2651 0
2652 0
2653 0
2654 0
2655 0
2656 0
2657 0
2658 0
2659 1
2660 0
2661 1
2662 0
2663 1
2664 0
2665 0
2666 0
2667 0
2668 0
2669 0
2670 0
2671 0
2672 0
2673 0
2674 0
2675 0
2676 0
2677 2
2678 0
2679 0
2680 1
2681 0
2682 0
2683 0
2684 0
2685 0
2686 0
2687 1
2688 1
2689 0
2690 0
2691 0
2692 1
2693 0
2694 0
2695 2
2696 1
2697 1
2698 1
2699 2
2700 1
2701 2
2702 2
2703 1
2704 1
2705 0
2706 2
2707 1
2708 0
2709 0
2710 0
2711 0
2712 1
2713 1
2714 0
2715 0
2716 1
2717 2
2718 0
2719 1
2720 2
2721 1
2722 2
2723 1
2724 1
2725 1
2726 2
2727 0
2728 2
2729 0
2730 1
2731 0
2732 0
2733 1
2734 0
2735 1
2736 0
2737 0
2738 1
2739 1
2740 0
2741 2
2742 0
2743 1
2744 0
2745 2
2746 2
2747 0
2748 0
2749 0
2750 1
2751 1
2752 1
2753 3
2754 1
2755 4
2756 0
2757 2
2758 1
2759 1
2760 2
2761 1
2762 1
2763 1
2764 0
2765 1
2766 2
2767 2
2768 0
2769 2
2770 0
2771 1
2772 1
2773 0
2774 3
2775 1
2776 1
2777 0
2778 0
2779 0
2780 2
2781 2
2782 1
2783 0
2784 1
2785 2
2786 3
2787 0
2788 0
2789 0
2790 1
2791 0
2792 0
2793 0
2794 0
2795 1
2796 0
2797 0
2798 0
2799 1
2800 1
2801 0
2802 1
2803 0
2804 3
2805 0
2806 3
2807 0
2808 0
2809 2
2810 0
2811 0
2812 0
2813 1
2814 0
2815 0
2816 0
2817 0
2818 0
2819 0
2820 1
2821 1
2822 1
2823 0
2824 0
2825 0
2826 0
2827 0
2828 0
2829 1
2830 0
2831 2
2832 0
2833 0
2834 0
2835 1
2836 0
2837 0
2838 2
2839 1
2840 0
2841 0
2842 1
2843 0
2844 0
2845 0
2846 0
2847 1
2848 1
2849 1
2850 1
2851 1
2852 2
2853 1
2854 1
2855 1
2856 1
2857 1
2858 1
2859 1
2860 0
2861 0
2862 1
2863 1
2864 0
2865 2
2866 0
2867 0
2868 0
2869 0
2870 0
2871 1
2872 2
2873 3
2874 0
2875 1
2876 0
2877 0
2878 0
2879 0
2880 0
2881 0
2882 0
2883 0
2884 0
2885 0
2886 0
2887 1
2888 0
2889 0
2890 0
2891 0
2892 0
2893 0
2894 0
2895 1
2896 0
2897 0
2898 0
2899 0
2900 0
2901 1
2902 0
2903 0
2904 1
2905 1
2906 2
2907 1
2908 0
2909 0
2910 1
2911 1
2912 2
2913 0
2914 0
2915 1
2916 1
2917 1
2918 1
2919 2
2920 1
2921 1
2922 0
2923 0
2924 2
2925 0
2926 0
2927 2
2928 2
2929 0
2930 0
2931 0
2932 2
2933 2
2934 0
2935 2
2936 1
2937 1
2938 0
2939 1
2940 0
2941 0
2942 1
2943 2
2944 1
2945 1
2946 1
2947 0
2948 0
2949 2
2950 0
2951 0
2952 0
2953 1
2954 0
2955 1
2956 0
2957 1
2958 0
2959 0
2960 0
2961 0
2962 1
2963 0
2964 0
2965 2
2966 0
2967 1
2968 3
2969 2
2970 0
2971 0
2972 1
2973 1
2974 2
2975 0
2976 0
2977 0
2978 0
2979 0
2980 2
2981 1
2982 0
2983 0
2984 1
2985 0
2986 0
2987 0
2988 0
2989 0
2990 0
2991 2
2992 1
2993 1
2994 2
2995 0
2996 1
2997 1
2998 1
2999 1
3000 0
3001 0
3002 2
3003 1
3004 0
3005 0
3006 1
3007 0
3008 1
3009 0
3010 0
3011 2
3012 0
3013 1
3014 1
3015 0
3016 0
3017 3
3018 0
3019 1
3020 1
3021 2
3022 1
3023 0
3024 0
3025 1
3026 0
3027 1
3028 0
3029 0
3030 1
3031 1
3032 0
3033 0
3034 0
3035 1
3036 1
3037 1
3038 2
3039 0
3040 1
3041 0
3042 1
3043 0
3044 1
3045 2
3046 0
3047 2
3048 1
3049 2
3050 1
3051 1
3052 0
3053 1
3054 1
3055 1
3056 0
3057 0
3058 0
3059 1
3060 1
3061 3
3062 0
3063 0
3064 0
3065 2
3066 3
3067 0
3068 0
3069 0
3070 3
3071 3
3072 1
3073 1
3074 2
3075 1
3076 2
3077 2
3078 2
3079 1
3080 2
3081 3
3082 1
3083 3
3084 4
3085 1
3086 0
3087 1
3088 1
3089 4
3090 1
3091 2
3092 0
3093 1
3094 3
3095 0
3096 2
3097 1
3098 2
3099 1
3100 1
3101 0
3102 1
3103 3
3104 2
3105 2
3106 1
3107 2
3108 1
3109 2
3110 0
3111 0
3112 0
3113 1
3114 1
3115 0
3116 1
3117 2
3118 0
3119 0
3120 1
3121 0
3122 1
3123 0
3124 1
3125 1
3126 2
3127 0
3128 0
3129 0
3130 0
3131 1
3132 1
3133 2
3134 4
3135 0
3136 1
3137 2
3138 1
3139 2
3140 1
3141 0
3142 0
3143 0
3144 0
3145 1
3146 0
3147 0
3148 0
3149 2
3150 1
3151 0
3152 1
3153 1
3154 0
3155 0
3156 0
3157 0
3158 0
3159 0
3160 0
3161 0
3162 0
3163 1
3164 1
3165 0
3166 0
3167 0
3168 0
3169 0
3170 0
3171 0
3172 0
3173 0
3174 0
3175 0
3176 0
3177 0
3178 0
3179 0
3180 0
3181 0
3182 0
3183 1
3184 1
3185 1
3186 0
3187 0
3188 2
3189 0
3190 0
3191 1
3192 1
3193 0
3194 1
3195 0
3196 0
3197 0
3198 0
3199 1
3200 1
3201 0
3202 0
3203 1
3204 1
3205 0
3206 1
3207 1
3208 0
3209 0
3210 0
3211 0
3212 0
3213 1
3214 1
3215 1
3216 1
3217 0
3218 1
3219 0
3220 0
3221 0
3222 0
3223 0
3224 0
3225 0
3226 0
3227 0
3228 0
3229 0
3230 0
3231 0
3232 0
3233 1
3234 0
3235 1
3236 0
3237 1
3238 0
3239 2
3240 1
3241 0
3242 1
3243 0
3244 1
3245 1
3246 0
3247 0
3248 1
3249 1
3250 0
3251 1
3252 0
3253 2
3254 0
3255 0
3256 1
3257 1
3258 1
3259 0
3260 0
3261 1
3262 1
3263 1
3264 0
3265 1
3266 0
3267 0
3268 0
3269 0
3270 0
3271 0
3272 0
3273 0
3274 0
3275 0
3276 0
3277 0
3278 0
3279 0
3280 0
3281 0
3282 0
3283 0
3284 0
3285 0
3286 0
3287 0
3288 0
3289 0
3290 0
3291 0
3292 1
3293 0
3294 0
3295 0
3296 0
3297 1
3298 0
3299 0
3300 1
3301 0
3302 0
3303 1
3304 1
3305 2
3306 1
3307 0
3308 1
3309 0
3310 1
3311 0
3312 0
3313 0
3314 1
3315 0
3316 0
3317 1
3318 1
3319 0
3320 0
3321 0
3322 1
3323 1
3324 1
3325 0
3326 0
3327 0
3328 1
3329 1
3330 1
3331 0
3332 0
3333 1
3334 0
3335 0
3336 1
3337 0
3338 1
3339 0
3340 0
3341 0
3342 0
3343 0
3344 0
3345 0
3346 0
3347 1
3348 1
3349 1
3350 0
3351 0
3352 0
3353 0
3354 0
3355 0
3356 0
3357 0
3358 0
3359 0
3360 1
3361 0
3362 0
3363 1
3364 1
3365 3
3366 0
3367 0
3368 1
3369 1
3370 0
3371 0
3372 0
3373 1
3374 0
3375 1
3376 0
3377 0
3378 1
3379 0
3380 0
3381 0
3382 0
3383 0
3384 3
3385 0
3386 1
3387 1
3388 0
3389 2
3390 0
3391 0
3392 1
3393 1
3394 0
3395 0
3396 0
3397 0
3398 0
3399 1
3400 0
3401 1
3402 1
3403 1
3404 1
3405 0
3406 0
3407 0
3408 1
3409 0
3410 1
3411 0
3412 3
3413 2
3414 0
3415 0
3416 1
3417 1
3418 0
3419 2
3420 1
3421 0
3422 0
3423 0
3424 0
3425 0
3426 1
3427 1
3428 0
3429 1
3430 1
3431 0
3432 0
3433 0
3434 1
3435 0
3436 1
3437 1
3438 0
3439 0
3440 0
3441 0
3442 0
3443 0
3444 0
3445 0
3446 1
3447 0
3448 0
3449 0
3450 0
3451 0
3452 0
3453 0
3454 0
3455 0
3456 1
3457 0
3458 0
3459 0
3460 1
3461 0
3462 0
3463 0
3464 0
3465 0
3466 0
3467 1
3468 1
3469 1
3470 0
3471 0
3472 0
3473 1
3474 0
3475 0
3476 1
3477 0
3478 0
3479 1
3480 0
3481 0
3482 1
3483 1
3484 0
3485 1
3486 1
3487 2
3488 0
3489 1
3490 0
3491 0
3492 1
3493 0
3494 0
3495 1
3496 0
3497 1
3498 1
3499 0
3500 1
3501 0
3502 0
3503 0
3504 0
3505 0
3506 0
3507 0
3508 0
3509 0
3510 0
3511 0
3512 0
3513 0
3514 0
3515 0
3516 0
3517 0
3518 1
3519 0
3520 1
3521 1
3522 0
3523 0
3524 0
3525 1
3526 0
3527 1
3528 0
3529 0
3530 0
3531 0
3532 0
3533 0
3534 1
3535 0
3536 1
3537 0
3538 0
3539 0
3540 0
3541 1
3542 0
3543 0
3544 0
3545 1
3546 0
3547 0
3548 0
3549 0
3550 0
3551 0
3552 0
3553 0
3554 0
3555 0
3556 0
3557 0
3558 0
3559 0
3560 0
3561 0
3562 0
3563 0
3564 0
3565 0
3566 1
3567 0
3568 0
3569 0
3570 0
3571 0
3572 0
3573 0
3574 0
3575 0
3576 0
3577 0
3578 0
3579 0
3580 0
3581 0
3582 0
3583 0
3584 0
3585 0
3586 0
3587 0
3588 0
3589 0
3590 0
3591 0
3592 1
3593 1
3594 0
3595 1
3596 0
3597 0
3598 0
3599 0
3600 0
3601 0
3602 0
3603 0
3604 0
3605 0
3606 0
3607 0
3608 1
3609 1
3610 1
3611 0
3612 0
3613 0
3614 0
3615 0
3616 0
3617 0
3618 0
3619 0
3620 0
3621 0
3622 0
3623 0
3624 0
3625 0
3626 0
3627 1
3628 1
3629 1
3630 1
3631 0
3632 0
3633 0
3634 0
3635 0
3636 1
3637 0
3638 0
3639 1
3640 0
3641 0
3642 0
3643 0
3644 0
3645 0
3646 0
3647 0
3648 0
3649 0
3650 0
3651 0
3652 1
3653 0
3654 0
3655 1
3656 0
3657 0
3658 0
3659 0
3660 0
3661 0
3662 0
3663 0
3664 1
3665 0
3666 0
3667 0
3668 3
3669 1
3670 1
3671 0
3672 0
3673 1
3674 0
3675 1
3676 0
3677 0
3678 0
3679 0
3680 0
3681 0
3682 2
3683 0
3684 0
3685 0
3686 0
3687 0
3688 0
3689 1
3690 0
3691 1
3692 1
3693 0
3694 0
3695 0
3696 0
3697 1
3698 0
3699 1
3700 0
3701 0
3702 0
3703 0
3704 0
3705 1
3706 0
3707 0
3708 3
3709 0
3710 1
3711 2
3712 1
3713 0
3714 0
3715 0
3716 1
3717 1
3718 1
3719 0
3720 1
3721 0
3722 1
3723 1
3724 0
3725 0
3726 2
3727 0
3728 0
3729 1
3730 0
3731 1
3732 2
3733 0
3734 0
3735 0
3736 1
3737 0
3738 2
3739 0
3740 1
3741 0
3742 0
3743 0
3744 1
3745 0
3746 1
3747 1
3748 0
3749 0
3750 0
3751 0
3752 0
3753 1
3754 0
3755 0
3756 0
3757 0
3758 0
3759 0
3760 0
3761 0
3762 0
3763 0
3764 0
3765 0
3766 0
3767 1
3768 0
3769 0
3770 0
3771 0
3772 0
3773 0
3774 0
3775 0
3776 0
3777 0
3778 0
3779 0
3780 0
3781 1
3782 0
3783 0
3784 0
3785 0
3786 0
3787 0
3788 1
3789 0
3790 0
3791 0
3792 1
3793 1
3794 0
3795 0
3796 0
3797 0
3798 0
3799 0
3800 1
3801 0
3802 0
3803 0
3804 0
3805 1
3806 2
3807 1
3808 0
3809 1
3810 0
3811 1
3812 1
3813 1
3814 0
3815 1
3816 1
3817 2
3818 0
3819 0
3820 0
3821 0
3822 1
3823 0
3824 0
3825 1
3826 1
3827 0
3828 1
3829 0
3830 1
3831 0
3832 0
3833 0
3834 0
3835 0
3836 0
3837 0
3838 0
3839 0
3840 0
3841 0
3842 0
3843 0
3844 0
3845 0
3846 0
3847 2
3848 0
3849 0
3850 1
3851 0
3852 0
3853 1
3854 1
3855 2
3856 1
3857 1
3858 1
3859 0
3860 1
3861 1
3862 1
3863 1
3864 0
3865 1
3866 1
3867 2
3868 0
3869 1
3870 0
3871 0
3872 1
3873 0
3874 1
3875 0
3876 1
3877 0
3878 0
3879 1
3880 0
3881 0
3882 0
3883 0
3884 0
3885 0
3886 0
3887 0
3888 0
3889 0
3890 0
3891 1
3892 0
3893 0
3894 0
3895 2
3896 1
3897 2
3898 1
3899 0
3900 0
3901 1
3902 1
3903 1
3904 1
3905 0
3906 0
3907 0
3908 2
3909 1
3910 1
3911 0
3912 1
3913 0
3914 1
3915 1
3916 1
3917 1
3918 1
3919 0
3920 0
3921 1
3922 0
3923 0
3924 0
3925 0
3926 1
3927 0
3928 2
3929 0
3930 0
3931 0
3932 1
3933 0
3934 0
3935 0
3936 1
3937 0
3938 1
3939 1
3940 0
3941 1
3942 1
3943 0
3944 0
3945 1
3946 1
3947 2
3948 1
3949 0
3950 3
3951 0
3952 0
3953 0
3954 1
3955 0
3956 0
3957 0
3958 0
3959 0
3960 0
3961 0
3962 0
3963 0
3964 0
3965 0
3966 0
3967 0
3968 0
3969 0
3970 0
3971 0
3972 0
3973 2
3974 1
3975 0
3976 0
3977 1
3978 1
3979 0
3980 0
3981 1
3982 0
3983 0
3984 1
3985 0
3986 0
3987 1
3988 0
3989 0
3990 0
3991 2
3992 2
3993 1
3994 0
3995 2
3996 0
3997 0
3998 1
3999 0
4000 1
4001 2
4002 2
4003 1
4004 2
4005 2
4006 0
4007 1
4008 1
4009 1
4010 1
4011 2
4012 0
4013 2
4014 2
4015 0
4016 0
4017 1
4018 1
4019 1
4020 2
4021 0
4022 0
4023 1
4024 0
4025 0
4026 1
4027 0
4028 1
4029 0
4030 1
4031 0
4032 0
4033 3
4034 0
4035 0
4036 0
4037 1
4038 0
4039 1
4040 1
4041 1
4042 1
4043 1
4044 2
4045 0
4046 0
4047 1
4048 1
4049 1
4050 0
4051 0
4052 1
4053 1
4054 0
4055 1
4056 1
4057 1
4058 0
4059 0
4060 0
4061 2
4062 1
4063 2
4064 0
4065 0
4066 0
4067 0
4068 0
4069 1
4070 0
4071 0
4072 0
4073 1
4074 1
4075 0
4076 0
4077 1
4078 1
4079 0
4080 0
4081 1
4082 2
4083 1
4084 0
4085 1
4086 0
4087 0
4088 0
4089 1
4090 1
4091 0
4092 1
4093 1
4094 0
4095 0
4096 0
4097 0
4098 1
4099 1
4100 1
4101 0
4102 2
4103 0
4104 2
4105 1
4106 1
4107 0
4108 0
4109 2
4110 0
4111 1
4112 3
4113 1
4114 1
4115 0
4116 3
4117 0
4118 2
4119 1
4120 1
4121 2
4122 1
4123 0
4124 2
4125 1
4126 1
4127 2
4128 2
4129 0
4130 1
4131 1
4132 1
4133 4
4134 1
4135 1
4136 3
4137 1
4138 2
4139 1
4140 1
4141 0
4142 1
4143 0
4144 1
4145 2
4146 1
4147 0
4148 0
4149 0
4150 0
4151 0
4152 0
4153 0
4154 0
4155 1
4156 1
4157 4
4158 2
4159 1
4160 0
4161 2
4162 1
4163 1
4164 1
4165 2
4166 3
4167 1
4168 1
4169 1
4170 1
4171 0
4172 1
4173 0
4174 2
4175 1
4176 1
4177 2
4178 0
4179 0
4180 0
4181 2
4182 0
4183 1
4184 0
4185 1
4186 0
4187 0
4188 0
4189 0
4190 1
4191 0
4192 0
4193 1
4194 0
4195 1
4196 0
4197 0
4198 0
4199 0
4200 1
4201 0
4202 0
4203 0
4204 0
4205 0
4206 1
4207 0
4208 0
4209 0
4210 0
4211 1
4212 0
4213 0
4214 1
4215 0
4216 0
4217 1
4218 1
4219 0
4220 3
4221 1
4222 1
4223 0
4224 0
4225 0
4226 1
4227 0
4228 1
4229 0
4230 2
4231 1
4232 0
4233 2
4234 0
4235 2
4236 0
4237 1
4238 1
4239 2
4240 2
4241 0
4242 1
4243 0
4244 1
4245 0
4246 0
4247 0
4248 1
4249 1
4250 2
4251 1
4252 0
4253 0
4254 2
4255 0
4256 2
4257 2
4258 0
4259 2
4260 0
4261 1
4262 1
4263 0
4264 0
4265 0
4266 1
4267 1
4268 0
4269 2
4270 1
4271 2
4272 2
4273 1
4274 0
4275 1
4276 1
4277 2
4278 1
4279 0
4280 1
4281 2
4282 1
4283 2
4284 0
4285 1
4286 2
4287 1
4288 1
4289 1
4290 2
4291 1
4292 0
4293 2
4294 2
4295 0
4296 3
4297 1
4298 1
4299 2
4300 0
4301 1
4302 0
4303 1
4304 2
4305 0
4306 1
4307 0
4308 1
4309 1
4310 0
4311 2
4312 0
4313 1
4314 1
4315 1
4316 1
4317 0
4318 2
4319 1
4320 0
4321 1
4322 1
4323 2
4324 0
4325 1
4326 0
4327 0
4328 0
4329 3
4330 0
4331 1
4332 2
4333 0
4334 2
4335 0
4336 0
4337 0
4338 1
4339 1
4340 0
4341 1
4342 0
4343 1
4344 2
4345 1
4346 1
4347 0
4348 1
4349 1
4350 1
4351 0
4352 1
4353 0
4354 1
4355 1
4356 1
4357 1
4358 2
4359 0
4360 0
4361 1
4362 0
4363 1
4364 0
4365 1
4366 0
4367 0
4368 0
4369 2
4370 2
4371 1
4372 2
4373 1
4374 0
4375 2
4376 1
4377 1
4378 2
4379 0
4380 0
4381 3
4382 2
4383 2
4384 0
4385 3
4386 1
4387 1
4388 2
4389 1
4390 1
4391 1
4392 2
4393 1
4394 0
4395 2
4396 2
4397 1
4398 0
4399 2
4400 1
4401 2
4402 0
4403 2
4404 1
4405 3
4406 0
4407 1
4408 3
4409 1
4410 1
4411 1
4412 2
4413 0
4414 1
4415 3
4416 1
4417 0
4418 1
4419 0
4420 2
4421 0
4422 1
4423 1
4424 0
4425 0
4426 1
4427 0
4428 0
4429 1
4430 2
4431 1
4432 3
4433 1
4434 0
4435 1
4436 0
4437 1
4438 1
4439 2
4440 1
4441 1
4442 1
4443 0
4444 2
4445 1
4446 1
4447 0
4448 1
4449 1
4450 1
4451 1
4452 2
4453 1
4454 1
4455 0
4456 0
4457 0
4458 2
4459 1
4460 2
4461 0
4462 0
4463 0
4464 1
4465 1
4466 1
4467 0
4468 1
4469 1
4470 2
4471 1
4472 0
4473 0
4474 1
4475 1
4476 1
4477 0
4478 4
4479 2
4480 0
4481 0
4482 1
4483 1
4484 0
4485 0
4486 0
4487 2
4488 0
4489 1
4490 3
4491 1
4492 2
4493 1
4494 0
4495 0
4496 0
4497 0
4498 1
4499 1
4500 1
4501 1
4502 0
4503 1
4504 2
4505 1
4506 3
4507 0
4508 2
4509 0
4510 0
4511 0
4512 0
4513 0
4514 3
4515 1
4516 2
4517 1
4518 0
4519 2
4520 0
4521 3
4522 1
4523 0
4524 1
4525 0
4526 0
4527 1
4528 1
4529 1
4530 1
4531 0
4532 0
4533 0
4534 0
4535 0
4536 1
4537 2
4538 0
4539 0
4540 0
4541 0
4542 0
4543 0
4544 0
4545 0
4546 0
4547 1
4548 0
4549 1
4550 0
4551 0
4552 0
4553 0
4554 0
4555 0
4556 1
4557 0
4558 0
4559 0
4560 1
4561 0
4562 1
4563 0
4564 0
4565 0
4566 0
4567 0
4568 0
4569 0
4570 0
4571 0
4572 1
4573 1
4574 0
4575 0
4576 1
4577 0
4578 3
4579 2
4580 2
4581 0
4582 1
4583 0
4584 0
4585 0
4586 1
4587 0
4588 0
4589 0
4590 0
4591 0
4592 0
4593 1
4594 0
4595 0
4596 0
4597 0
4598 0
4599 0
4600 0
4601 2
4602 0
4603 1
4604 1
4605 0
4606 1
4607 0
4608 0
4609 0
4610 0
4611 1
4612 0
4613 1
4614 2
4615 0
4616 2
4617 2
4618 1
4619 2
4620 0
4621 0
4622 0
4623 1
4624 1
4625 0
4626 1
4627 1
4628 1
4629 0
4630 0
4631 0
4632 0
4633 0
4634 0
4635 1
4636 0
4637 0
4638 0
4639 0
4640 0
4641 0
4642 0
4643 1
4644 0
4645 0
4646 0
4647 0
4648 0
4649 0
4650 0
4651 0
4652 0
4653 0
4654 0
4655 0
4656 0
4657 0
4658 0
4659 0
4660 0
4661 0
4662 0
4663 0
4664 0
4665 0
4666 0
4667 0
4668 0
4669 1
4670 0
4671 0
4672 0
4673 0
4674 0
4675 0
4676 0
4677 0
4678 0
4679 0
4680 0
4681 1
4682 0
4683 0
4684 0
4685 0
4686 0
4687 0
4688 0
4689 0
4690 0
4691 0
4692 0
4693 0
4694 0
4695 0
4696 0
4697 0
4698 0
4699 0
4700 0
4701 0
4702 0
4703 0
4704 0
4705 0
4706 0
4707 0
4708 1
4709 0
4710 0
4711 0
4712 0
4713 0
4714 0
4715 0
4716 0
4717 0
4718 0
4719 0
4720 0
4721 0
4722 0
4723 1
4724 0
4725 0
4726 0
4727 0
4728 0
4729 0
4730 1
4731 0
4732 0
4733 0
4734 0
4735 0
4736 1
4737 1
4738 1
4739 0
4740 0
4741 0
4742 0
4743 0
4744 0
4745 0
4746 1
4747 1
4748 0
4749 0
4750 0
4751 1
4752 0
4753 1
4754 0
4755 0
4756 0
4757 1
4758 0
4759 0
4760 0
4761 1
4762 1
4763 1
4764 0
4765 0
4766 0
4767 0
4768 0
4769 1
4770 1
4771 1
4772 1
4773 0
4774 0
4775 1
4776 1
4777 1
4778 0
4779 1
4780 0
4781 2
4782 0
4783 0
4784 0
4785 0
4786 1
4787 0
4788 1
4789 0
4790 2
4791 0
4792 0
4793 0
4794 2
4795 3
4796 0
4797 2
4798 0
4799 0
4800 2
4801 2
4802 1
4803 0
4804 1
4805 1
4806 1
4807 0
4808 0
4809 0
4810 0
4811 1
4812 0
4813 1
4814 1
4815 0
4816 0
4817 0
4818 0
4819 0
4820 0
4821 0
4822 1
4823 2
4824 0
4825 2
4826 2
4827 0
4828 1
4829 1
4830 0
4831 0
4832 0
4833 1
4834 0
4835 1
4836 1
4837 1
4838 1
4839 1
4840 1
4841 0
4842 1
4843 0
4844 1
4845 0
4846 1
4847 2
4848 1
4849 0
4850 1
4851 1
4852 1
4853 1
4854 0
4855 0
4856 2
4857 1
4858 0
4859 0
4860 1
4861 0
4862 0
4863 2
4864 2
4865 1
4866 2
4867 1
4868 1
4869 0
4870 1
4871 0
4872 1
4873 3
4874 2
4875 1
4876 0
4877 0
4878 0
4879 2
4880 1
4881 1
4882 0
4883 1
4884 0
4885 1
4886 3
4887 0
4888 0
4889 0
4890 2
4891 0
4892 1
4893 0
4894 0
4895 0
4896 1
4897 0
4898 0
4899 0
4900 2
4901 0
4902 0
4903 2
4904 0
4905 0
4906 0
4907 1
4908 0
4909 0
4910 0
4911 0
4912 0
4913 1
4914 1
4915 1
4916 2
4917 1
4918 0
4919 1
4920 0
4921 2
4922 1
4923 1
4924 0
4925 0
4926 1
4927 2
4928 0
4929 0
4930 1
4931 0
4932 1
4933 1
4934 0
4935 1
4936 2
4937 1
4938 2
4939 2
4940 0
4941 1
4942 0
4943 1
4944 4
4945 2
4946 3
4947 2
4948 2
4949 0
4950 1
4951 2
4952 2
4953 2
4954 0
4955 1
4956 2
4957 0
4958 1
4959 3
4960 0
4961 0
4962 1
4963 2
4964 0
4965 2
4966 1
4967 1
4968 1
4969 2
4970 2
4971 3
4972 1
4973 0
4974 2
4975 1
4976 1
4977 2
4978 1
4979 1
4980 0
4981 2
4982 2
4983 0
4984 2
4985 0
4986 2
4987 2
4988 0
4989 1
4990 2
4991 0
4992 2
4993 0
4994 0
4995 1
4996 1
4997 0
4998 2
4999 1
5000 2
5001 1
5002 3
5003 1
5004 1
5005 1
5006 1
5007 0
5008 1
5009 0
5010 0
5011 3
5012 2
5013 2
5014 0
5015 2
5016 0
5017 0
5018 3
5019 3
5020 3
5021 2
5022 2
5023 1
5024 0
5025 2
5026 1
5027 2
5028 1
5029 0
5030 2
5031 1
5032 1
5033 1
5034 2
5035 2
5036 0
5037 1
5038 1
5039 0
5040 1
5041 0
5042 1
5043 0
5044 0
5045 0
5046 4
5047 0
5048 2
5049 2
5050 1
5051 0
5052 1
5053 1
5054 2
5055 2
5056 1
5057 3
5058 2
5059 1
5060 2
5061 2
5062 1
5063 1
5064 4
5065 1
5066 0
5067 2
5068 2
5069 0
5070 1
5071 0
5072 3
5073 1
5074 1
5075 2
5076 1
5077 2
5078 0
5079 2
5080 1
5081 2
5082 2
5083 1
5084 0
5085 3
5086 1
5087 0
5088 1
5089 1
5090 1
5091 2
5092 3
5093 0
5094 2
5095 1
5096 0
5097 0
5098 0
5099 0
5100 0
5101 1
5102 0
5103 2
5104 3
5105 1
5106 1
5107 1
5108 1
5109 2
5110 2
5111 0
5112 0
5113 0
5114 1
5115 0
5116 3
5117 1
5118 2
5119 2
5120 1
5121 1
5122 2
5123 3
5124 1
5125 2
5126 3
5127 1
5128 1
5129 0
5130 0
5131 0
5132 0
5133 1
5134 1
5135 0
5136 1
5137 1
5138 1
5139 2
5140 0
5141 1
5142 2
5143 1
5144 0
5145 2
5146 0
5147 2
5148 3
5149 2
5150 1
5151 1
5152 0
5153 1
5154 2
5155 0
5156 0
5157 0
5158 0
5159 1
5160 0
5161 2
5162 1
5163 0
5164 3
5165 2
5166 0
5167 0
5168 1
5169 1
5170 1
5171 1
5172 1
5173 0
5174 0
5175 1
5176 2
5177 2
5178 2
5179 1
5180 1
5181 1
5182 0
5183 4
5184 1
5185 0
5186 2
5187 0
5188 1
5189 1
5190 1
5191 4
5192 0
5193 0
5194 0
5195 1
5196 1
5197 2
5198 1
5199 1
5200 0
5201 1
5202 1
5203 2
5204 0
5205 2
5206 2
5207 1
5208 0
5209 2
5210 3
5211 2
5212 3
5213 1
5214 2
5215 1
5216 1
5217 1
5218 1
5219 0
5220 1
5221 2
5222 1
5223 2
5224 0
5225 1
5226 2
5227 0
5228 3
5229 2
5230 1
5231 1
5232 0
5233 1
5234 3
5235 2
5236 0
5237 2
5238 2
5239 1
5240 1
5241 1
5242 0
5243 1
5244 1
5245 1
5246 3
5247 2
5248 3
5249 2
5250 2
5251 0
5252 2
5253 2
5254 1
5255 2
5256 1
5257 1
5258 0
5259 0
5260 1
5261 2
5262 0
5263 1
5264 1
5265 1
5266 2
5267 0
5268 2
5269 1
5270 0
5271 1
5272 0
5273 0
5274 0
5275 2
5276 2
5277 1
5278 0
5279 2
5280 1
5281 0
5282 1
5283 0
5284 0
5285 1
5286 0
5287 0
5288 4
5289 0
5290 0
5291 1
5292 1
5293 2
5294 0
5295 0
5296 0
5297 1
5298 1
5299 0
5300 0
5301 0
5302 1
5303 0
5304 2
5305 0
5306 1
5307 0
5308 1
5309 1
5310 0
5311 0
5312 1
5313 0
5314 1
5315 2
5316 2
5317 0
5318 2
5319 2
5320 1
5321 0
5322 2
5323 1
5324 3
5325 0
5326 0
5327 0
5328 3
5329 2
5330 3
5331 3
5332 3
5333 1
5334 2
5335 3
5336 1
5337 1
5338 0
5339 0
5340 1
5341 4
5342 2
5343 3
5344 0
5345 1
5346 1
5347 1
5348 0
5349 1
5350 0
5351 0
5352 0
5353 1
5354 1
5355 0
5356 0
5357 0
5358 2
5359 0
5360 0
5361 0
5362 2
5363 4
5364 0
5365 1
5366 0
5367 0
5368 2
5369 0
5370 1
5371 1
5372 1
5373 0
5374 2
5375 1
5376 0
5377 2
5378 1
5379 0
5380 2
5381 1
5382 1
5383 0
5384 0
5385 1
5386 1
5387 3
5388 2
5389 2
5390 2
5391 0
5392 2
5393 3
5394 1
5395 1
5396 0
5397 0
5398 3
5399 1
5400 3
5401 5
5402 1
5403 3
5404 0
5405 0
5406 3
5407 2
5408 0
5409 1
5410 1
5411 0
5412 1
5413 0
5414 2
5415 3
5416 1
5417 1
5418 0
5419 0
5420 1
5421 0
5422 1
5423 2
5424 1
5425 2
5426 2
5427 0
5428 2
5429 1
5430 2
5431 0
5432 2
5433 3
5434 1
5435 2
5436 1
5437 0
5438 0
5439 1
5440 3
5441 1
5442 2
5443 1
5444 1
5445 0
5446 1
5447 1
5448 3
5449 1
5450 0
5451 0
5452 0
5453 2
5454 0
5455 1
5456 0
5457 1
5458 0
5459 1
5460 1
5461 2
5462 3
5463 1
5464 0
5465 0
5466 1
5467 0
5468 2
5469 1
5470 2
5471 1
5472 3
5473 0
5474 1
5475 1
5476 1
5477 2
5478 0
5479 2
5480 2
5481 1
5482 2
5483 2
5484 0
5485 0
5486 1
5487 0
5488 0
5489 0
5490 1
5491 1
5492 2
5493 1
5494 1
5495 3
5496 1
5497 0
5498 1
5499 1
5500 0
5501 3
5502 2
5503 1
5504 2
5505 1
5506 0
5507 1
5508 1
5509 1
5510 1
5511 0
5512 1
5513 1
5514 0
5515 1
5516 1
5517 1
5518 1
5519 0
5520 1
5521 0
5522 1
5523 2
5524 0
5525 1
5526 1
5527 0
5528 1
5529 0
5530 0
5531 0
5532 1
5533 1
5534 0
5535 0
5536 0
5537 1
5538 1
5539 0
5540 0
5541 1
5542 2
5543 0
5544 0
5545 0
5546 0
5547 0
5548 0
5549 0
5550 0
5551 2
5552 1
5553 1
5554 1
5555 0
5556 1
5557 1
5558 1
5559 0
5560 1
5561 2
5562 0
5563 0
5564 0
5565 1
5566 1
5567 1
5568 1
5569 0
5570 1
5571 1
5572 1
5573 0
5574 0
5575 0
5576 1
5577 1
5578 1
5579 0
5580 1
5581 2
5582 0
5583 0
5584 0
5585 0
5586 1
5587 2
5588 0
5589 1
5590 0
5591 0
5592 0
5593 1
5594 1
5595 2
5596 2
5597 1
5598 1
5599 0
5600 4
5601 1
5602 3
5603 0
5604 2
5605 3
5606 1
5607 1
5608 1
5609 1
5610 0
5611 1
5612 0
5613 0
5614 1
5615 0
5616 0
5617 1
5618 1
5619 0
5620 1
5621 0
5622 0
5623 1
5624 1
5625 2
5626 2
5627 0
5628 1
5629 0
5630 0
5631 0
5632 0
5633 0
5634 0
5635 0
5636 0
5637 0
5638 0
5639 0
5640 0
5641 0
5642 0
5643 0
5644 0
5645 0
5646 0
5647 0
5648 0
5649 0
5650 0
5651 0
5652 1
5653 0
5654 0
5655 0
5656 0
5657 1
5658 0
5659 0
5660 0
5661 0
5662 0
5663 2
5664 0
5665 1
5666 1
5667 0
5668 0
5669 2
5670 2
5671 1
5672 0
5673 1
5674 0
5675 2
5676 1
5677 0
5678 0
5679 0
5680 0
5681 2
5682 0
5683 0
5684 2
5685 2
5686 2
5687 2
5688 1
5689 0
5690 1
5691 0
5692 0
5693 0
5694 1
5695 1
5696 1
5697 0
5698 0
5699 0
5700 0
5701 1
5702 0
5703 1
5704 0
5705 0
5706 0
5707 0
5708 1
5709 1
5710 1
5711 1
5712 1
5713 0
5714 1
5715 2
5716 0
5717 0
5718 0
5719 2
5720 1
5721 0
5722 0
5723 0
5724 0
5725 0
5726 1
5727 1
5728 0
5729 1
5730 0
5731 0
5732 0
5733 1
5734 1
5735 0
5736 0
5737 0
5738 0
5739 0
5740 0
5741 0
5742 1
5743 0
5744 0
5745 0
5746 0
5747 0
5748 0
5749 0
5750 2
5751 0
5752 0
5753 0
5754 0
5755 1
5756 1
5757 0
5758 0
5759 1
5760 1
5761 4
5762 3
5763 0
5764 1
5765 1
5766 0
5767 0
5768 0
5769 0
5770 1
5771 0
5772 0
5773 1
5774 0
5775 0
5776 0
5777 1
5778 0
5779 1
5780 1
5781 1
5782 0
5783 0
5784 1
5785 0
5786 0
5787 0
5788 0
5789 0
5790 0
5791 1
5792 0
5793 0
5794 0
5795 1
5796 2
5797 2
5798 1
5799 0
5800 1
5801 0
5802 0
5803 0
5804 0
5805 1
5806 0
5807 1
5808 0
5809 0
5810 0
5811 0
5812 0
5813 0
5814 1
5815 0
5816 0
5817 0
5818 0
5819 0
5820 0
5821 0
5822 0
5823 1
5824 1
5825 2
5826 0
5827 0
5828 0
5829 0
5830 1
5831 0
5832 0
5833 0
5834 0
5835 0
5836 0
5837 0
5838 0
5839 0
5840 0
5841 0
5842 0
5843 1
5844 1
5845 0
5846 1
5847 0
5848 1
5849 0
5850 0
5851 1
5852 1
5853 1
5854 0
5855 2
5856 1
5857 0
5858 1
5859 0
5860 0
5861 0
5862 0
5863 1
5864 0
5865 2
5866 0
5867 0
5868 0
5869 0
5870 1
5871 0
5872 0
5873 0
5874 0
5875 0
5876 3
5877 1
5878 0
5879 1
5880 3
5881 0
5882 0
5883 0
5884 0
5885 1
5886 0
5887 0
5888 0
5889 0
5890 0
5891 0
5892 1
5893 0
5894 0
5895 0
5896 0
5897 0
5898 2
5899 0
5900 0
5901 1
5902 0
5903 0
5904 0
5905 0
5906 0
5907 0
5908 0
5909 2
5910 0
5911 1
5912 0
5913 1
5914 1
5915 0
5916 1
5917 0
5918 0
5919 2
5920 2
5921 1
5922 0
5923 1
5924 0
5925 1
5926 0
5927 0
5928 0
5929 0
5930 0
5931 0
5932 0
5933 0
5934 0
5935 0
5936 0
5937 0
5938 1
5939 0
5940 0
5941 0
5942 0
5943 0
5944 0
5945 0
5946 0
5947 1
5948 0
5949 0
5950 0
5951 0
5952 0
5953 0
5954 0
5955 0
5956 0
5957 1
5958 0
5959 0
5960 0
5961 3
5962 1
5963 0
5964 0
5965 1
5966 0
5967 0
5968 0
5969 0
5970 0
5971 0
5972 2
5973 0
5974 1
5975 0
5976 0
5977 0
5978 0
5979 1
5980 1
5981 0
5982 2
5983 0
5984 0
5985 1
5986 0
5987 1
5988 0
5989 1
5990 0
5991 0
5992 1
5993 0
5994 0
5995 0
5996 1
5997 1
5998 0
5999 0
6000 0
6001 0
6002 1
6003 0
6004 0
6005 2
6006 1
6007 1
6008 1
6009 0
6010 0
6011 0
6012 0
6013 0
6014 1
6015 1
6016 0
6017 1
6018 0
6019 0
6020 1
6021 0
6022 0
6023 0
6024 0
6025 3
6026 2
6027 0
6028 2
6029 1
6030 3
6031 1
6032 0
6033 1
6034 2
6035 2
6036 0
6037 0
6038 1
6039 0
6040 1
6041 1
6042 2
6043 1
6044 2
6045 1
6046 1
6047 0
6048 0
6049 1
6050 1
6051 0
6052 1
6053 1
6054 1
6055 0
6056 0
6057 0
6058 1
6059 1
6060 2
6061 0
6062 0
6063 1
6064 1
6065 0
6066 1
6067 0
6068 1
6069 0
6070 0
6071 1
6072 0
6073 1
6074 0
6075 0
6076 0
6077 1
6078 2
6079 1
6080 1
6081 1
6082 1
6083 2
6084 1
6085 1
6086 1
6087 0
6088 0
6089 0
6090 0
6091 0
6092 0
6093 3
6094 0
6095 0
6096 0
6097 0
6098 0
6099 0
6100 0
6101 0
6102 1
6103 0
6104 0
6105 1
6106 0
6107 1
6108 0
6109 1
6110 0
6111 1
6112 1
6113 1
6114 2
6115 0
6116 1
6117 3
6118 1
6119 1
6120 0
6121 3
6122 1
6123 1
6124 1
6125 0
6126 3
6127 2
6128 2
6129 4
6130 1
6131 2
6132 0
6133 2
6134 0
6135 1
6136 2
6137 2
6138 1
6139 0
6140 2
6141 1
6142 3
6143 1
6144 2
6145 1
6146 1
6147 0
6148 0
6149 0
6150 0
6151 0
6152 0
6153 1
6154 1
6155 0
6156 3
6157 0
6158 0
6159 2
6160 2
6161 1
6162 0
6163 2
6164 2
6165 1
6166 1
6167 1
6168 3
6169 0
6170 0
6171 0
6172 2
6173 0
6174 1
6175 1
6176 0
6177 1
6178 0
6179 0
6180 0
6181 0
6182 0
6183 0
6184 0
6185 2
6186 2
6187 2
6188 0
6189 1
6190 1
6191 1
6192 1
6193 0
6194 0
6195 1
6196 0
6197 1
6198 2
6199 0
6200 0
6201 3
6202 1
6203 1
6204 1
6205 0
6206 2
6207 1
6208 0
6209 0
6210 0
6211 0
6212 1
6213 2
6214 1
6215 0
6216 1
6217 1
6218 2
6219 0
6220 1
6221 0
6222 0
6223 2
6224 0
6225 1
6226 3
6227 3
6228 2
6229 1
6230 2
6231 1
6232 1
6233 0
6234 1
6235 1
6236 1
6237 0
6238 3
6239 4
6240 1
6241 1
6242 2
6243 0
6244 3
6245 0
6246 3
6247 1
6248 4
6249 1
6250 2
6251 0
6252 1
6253 3
6254 1
6255 3
6256 0
6257 2
6258 3
6259 2
6260 3
6261 1
6262 2
6263 0
6264 2
6265 1
6266 2
6267 2
6268 1
6269 2
6270 4
6271 2
6272 1
6273 1
6274 1
6275 1
6276 3
6277 2
6278 3
6279 2
6280 1
6281 1
6282 0
6283 3
6284 1
6285 2
6286 2
6287 2
6288 2
6289 0
6290 0
6291 3
6292 2
6293 3
6294 2
6295 3
6296 0
6297 0
6298 0
6299 0
6300 0
6301 0
6302 1
6303 0
6304 1
6305 0
6306 1
6307 3
6308 2
6309 0
6310 1
6311 1
6312 1
6313 0
6314 0
6315 0
6316 1
6317 1
6318 1
6319 1
6320 0
6321 2
6322 0
6323 0
6324 1
6325 0
6326 0
6327 2
6328 0
6329 0
6330 0
6331 0
6332 1
6333 0
6334 0
6335 0
6336 1
6337 1
6338 1
6339 0
6340 0
6341 0
6342 1
6343 0
6344 0
6345 0
6346 2
6347 1
6348 0
6349 0
6350 0
6351 0
6352 0
6353 1
6354 0
6355 0
6356 0
6357 1
6358 0
6359 0
6360 0
6361 0
6362 0
6363 0
6364 0
6365 0
6366 0
6367 0
6368 0
6369 0
6370 0
6371 1
6372 1
6373 0
6374 0
6375 0
6376 0
6377 0
6378 1
6379 0
6380 0
6381 1
6382 1
6383 0
6384 0
6385 0
6386 1
6387 2
6388 0
6389 0
6390 1
6391 0
6392 0
6393 0
6394 1
6395 2
6396 1
6397 0
6398 0
6399 1
6400 1
6401 0
6402 1
6403 0
6404 1
6405 0
6406 0
6407 1
6408 0
6409 3
6410 1
6411 0
6412 1
6413 1
6414 1
6415 1
6416 0
6417 1
6418 0
6419 0
6420 1
6421 0
6422 0
6423 1
6424 0
6425 1
6426 1
6427 0
6428 1
6429 0
6430 1
6431 1
6432 0
6433 0
6434 0
6435 1
6436 2
6437 0
6438 0
6439 0
6440 0
6441 1
6442 1
6443 0
6444 1
6445 0
6446 0
6447 0
6448 0
6449 0
6450 2
6451 1
6452 2
6453 0
6454 0
6455 0
6456 0
6457 0
6458 0
6459 1
6460 0
6461 2
6462 1
6463 1
6464 1
6465 1
6466 0
6467 2
6468 1
6469 0
6470 0
6471 1
6472 0
6473 0
6474 0
6475 0
6476 1
6477 1
6478 1
6479 1
6480 0
6481 0
6482 1
6483 1
6484 0
6485 1
6486 0
6487 0
6488 0
6489 1
6490 0
6491 1
6492 2
6493 1
6494 1
6495 2
6496 2
6497 2
6498 2
6499 2
6500 2
6501 1
6502 1
6503 0
6504 1
6505 0
6506 0
6507 0
6508 1
6509 0
6510 0
6511 1
6512 0
6513 1
6514 2
6515 1
6516 0
6517 1
6518 2
6519 0
6520 2
6521 1
6522 1
6523 0
6524 0
6525 0
6526 1
6527 0
6528 1
6529 0
6530 0
6531 1
6532 0
6533 0
6534 0
6535 1
6536 0
6537 0
6538 0
6539 0
6540 0
6541 1
6542 1
6543 1
6544 0
6545 0
6546 0
6547 0
6548 0
6549 0
6550 1
6551 0
6552 0
6553 0
6554 1
6555 0
6556 0
6557 0
6558 0
6559 0
6560 0
6561 0
6562 0
6563 0
6564 0
6565 1
6566 1
6567 0
6568 0
6569 0
6570 0
6571 0
6572 0
6573 0
6574 0
6575 0
6576 1
6577 0
6578 0
6579 0
6580 0
6581 0
6582 0
6583 0
6584 0
6585 1
6586 0
6587 0
6588 0
6589 0
6590 0
6591 0
6592 0
6593 0
6594 0
6595 1
6596 0
6597 1
6598 1
6599 1
6600 0
6601 0
6602 0
6603 0
6604 0
6605 0
6606 0
6607 0
6608 0
6609 0
6610 0
6611 1
6612 0
6613 1
6614 0
6615 0
6616 0
6617 0
6618 1
6619 2
6620 0
6621 1
6622 2
6623 1
6624 1
6625 1
6626 2
6627 1
6628 0
6629 1
6630 0
6631 0
6632 1
6633 2
6634 1
6635 1
6636 1
6637 2
6638 0
6639 2
6640 0
6641 1
6642 3
6643 2
6644 1
6645 0
6646 1
6647 0
6648 1
6649 0
6650 1
6651 0
6652 1
6653 0
6654 3
6655 0
6656 1
6657 0
6658 2
6659 0
6660 1
6661 0
6662 0
6663 0
6664 0
6665 0
6666 0
6667 0
6668 0
6669 0
6670 0
6671 0
6672 0
6673 1
6674 1
6675 1
6676 0
6677 0
6678 1
6679 1
6680 1
6681 0
6682 1
6683 2
6684 1
6685 1
6686 0
6687 1
6688 0
6689 0
6690 0
6691 0
6692 0
6693 3
6694 0
6695 0
6696 0
6697 1
6698 2
6699 1
6700 1
6701 1
6702 2
6703 0
6704 1
6705 0
6706 0
6707 1
6708 0
6709 1
6710 2
6711 0
6712 1
6713 2
6714 0
6715 2
6716 1
6717 0
6718 0
6719 2
6720 2
6721 1
6722 1
6723 0
6724 1
6725 1
6726 0
6727 1
6728 2
6729 1
6730 2
6731 1
6732 3
6733 0
6734 2
6735 1
6736 1
6737 1
6738 1
6739 1
6740 0
6741 0
6742 0
6743 0
6744 0
6745 1
6746 0
6747 1
6748 1
6749 1
6750 0
6751 0
6752 0
6753 1
6754 0
6755 0
6756 0
6757 1
6758 0
6759 0
6760 0
6761 0
6762 0
6763 1
6764 1
6765 1
6766 3
6767 2
6768 1
6769 1
6770 0
6771 0
6772 0
6773 2
6774 1
6775 1
6776 1
6777 0
6778 0
6779 0
6780 2
6781 0
6782 1
6783 1
6784 1
6785 1
6786 1
6787 1
6788 1
6789 1
6790 2
6791 1
6792 2
6793 2
6794 2
6795 0
6796 1
6797 1
6798 0
6799 1
6800 1
6801 0
6802 0
6803 1
6804 0
6805 1
6806 1
6807 2
6808 0
6809 1
6810 0
6811 3
6812 1
6813 2
6814 0
6815 0
6816 1
6817 0
6818 0
6819 0
6820 1
6821 0
6822 0
6823 0
6824 0
6825 2
6826 0
6827 2
6828 0
6829 0
6830 1
6831 2
6832 3
6833 1
6834 1
6835 4
6836 1
6837 2
6838 1
6839 0
6840 0
6841 2
6842 1
6843 4
6844 2
6845 2
6846 1
6847 2
6848 4
6849 1
6850 1
6851 0
6852 1
6853 2
6854 1
6855 0
6856 1
6857 1
6858 3
6859 2
6860 0
6861 3
6862 2
6863 2
6864 2
6865 2
6866 3
6867 0
6868 1
6869 2
6870 2
6871 3
6872 3
6873 2
6874 1
6875 1
6876 2
6877 1
6878 2
6879 3
6880 2
6881 1
6882 2
6883 1
6884 5
6885 1
6886 2
6887 1
6888 1
6889 0
6890 0
6891 1
6892 1
6893 1
6894 1
6895 2
6896 2
6897 1
6898 3
6899 2
6900 0
6901 0
6902 2
6903 3
6904 0
6905 1
6906 2
6907 1
6908 1
6909 2
6910 1
6911 3
6912 2
6913 2
6914 3
6915 0
6916 1
6917 0
6918 1
6919 1
6920 2
6921 2
6922 3
6923 0
6924 0
6925 0
6926 0
6927 0
6928 1
6929 2
6930 2
6931 0
6932 4
6933 3
6934 2
6935 0
6936 0
6937 3
6938 3
6939 1
6940 2
6941 1
6942 2
6943 1
6944 3
6945 3
6946 1
6947 1
6948 1
6949 2
6950 0
6951 2
6952 1
6953 0
6954 0
6955 0
6956 0
6957 1
6958 1
6959 1
6960 2
6961 0
6962 1
6963 3
6964 1
6965 3
6966 0
6967 1
6968 3
6969 0
6970 2
6971 1
6972 0
6973 1
6974 0
6975 1
6976 1
6977 1
6978 1
6979 3
6980 2
6981 1
6982 2
6983 1
6984 1
6985 0
6986 0
6987 1
6988 0
6989 2
6990 1
6991 0
6992 1
6993 1
6994 0
6995 3
6996 0
6997 0
6998 2
6999 1
7000 1
7001 1
7002 1
7003 0
7004 0
7005 1
7006 0
7007 2
7008 0
7009 1
7010 1
7011 0
7012 1
7013 1
7014 2
7015 1
7016 0
7017 1
7018 0
7019 0
7020 1
7021 2
7022 3
7023 2
7024 3
7025 1
7026 0
7027 2
7028 2
7029 1
7030 0
7031 2
7032 0
7033 0
7034 0
7035 1
7036 0
7037 1
7038 1
7039 2
7040 0
7041 2
7042 1
7043 2
7044 2
7045 2
7046 0
7047 2
7048 1
7049 0
7050 0
7051 1
7052 1
7053 0
7054 0
7055 1
7056 1
7057 2
7058 2
7059 0
7060 2
7061 1
7062 1
7063 1
7064 1
7065 0
7066 4
7067 0
7068 1
7069 1
7070 0
7071 1
7072 1
7073 0
7074 0
7075 1
7076 1
7077 1
7078 1
7079 2
7080 1
7081 2
7082 2
7083 0
7084 1
7085 1
7086 1
7087 2
7088 1
7089 1
7090 1
7091 1
7092 1
7093 1
7094 2
7095 3
7096 0
7097 1
7098 1
7099 0
7100 2
7101 1
7102 3
7103 1
7104 0
7105 0
7106 1
7107 1
7108 0
7109 1
7110 0
7111 0
7112 0
7113 0
7114 1
7115 2
7116 2
7117 0
7118 1
7119 0
7120 0
7121 0
7122 0
7123 1
7124 1
7125 1
7126 0
7127 1
7128 1
7129 1
7130 0
7131 0
7132 0
7133 1
7134 0
7135 0
7136 0
7137 1
7138 0
7139 1
7140 0
7141 1
7142 1
7143 2
7144 0
7145 2
7146 1
7147 0
7148 0
7149 0
7150 1
7151 0
7152 0
7153 0
7154 1
7155 0
7156 0
7157 0
7158 0
7159 0
7160 1
7161 1
7162 1
7163 2
7164 0
7165 2
7166 1
7167 0
7168 1
7169 0
7170 0
7171 0
7172 1
7173 0
7174 0
7175 1
7176 1
7177 0
7178 0
7179 2
7180 0
7181 1
7182 3
7183 1
7184 0
7185 0
7186 2
7187 0
7188 1
7189 1
7190 0
7191 0
7192 2
7193 1
7194 1
7195 0
7196 1
7197 0
7198 0
7199 2
7200 1
7201 2
7202 2
7203 1
7204 1
7205 0
7206 0
7207 2
7208 2
7209 0
7210 0
7211 2
7212 1
7213 0
7214 0
7215 2
7216 1
7217 0
7218 1
7219 1
7220 0
7221 2
7222 1
7223 1
7224 0
7225 0
7226 0
7227 2
7228 1
7229 0
7230 2
7231 0
7232 0
7233 1
7234 0
7235 0
7236 2
7237 0
7238 0
7239 2
7240 1
7241 1
7242 1
7243 1
7244 2
7245 0
7246 0
7247 0
7248 0
7249 1
7250 0
7251 1
7252 0
7253 0
7254 0
7255 0
7256 2
7257 1
7258 1
7259 0
7260 1
7261 1
7262 2
7263 3
7264 3
7265 2
7266 0
7267 0
7268 1
7269 0
7270 1
7271 0
7272 2
7273 2
7274 1
7275 0
7276 0
7277 0
7278 1
7279 1
7280 0
7281 0
7282 2
7283 4
7284 0
7285 0
7286 2
7287 0
7288 2
7289 0
7290 1
7291 2
7292 1
7293 4
7294 0
7295 2
7296 0
7297 1
7298 1
7299 1
7300 2
7301 1
7302 3
7303 0
7304 0
7305 0
7306 0
7307 2
7308 1
7309 1
7310 1
7311 0
7312 2
7313 0
7314 0
7315 0
7316 1
7317 1
7318 0
7319 0
7320 2
7321 0
7322 0
7323 1
7324 2
7325 1
7326 0
7327 1
7328 2
7329 0
7330 1
7331 2
7332 2
7333 1
7334 1
7335 0
7336 0
7337 0
7338 1
7339 0
7340 1
7341 0
7342 0
7343 1
7344 3
7345 0
7346 0
7347 0
7348 3
7349 1
7350 1
7351 0
7352 0
7353 1
7354 2
7355 0
7356 0
7357 1
7358 2
7359 2
7360 1
7361 1
7362 0
7363 0
7364 0
7365 1
7366 0
7367 0
7368 0
7369 0
7370 0
7371 0
7372 1
7373 2
7374 1
7375 4
7376 0
7377 0
7378 0
7379 1
7380 0
7381 2
7382 0
7383 1
7384 0
7385 1
7386 1
7387 2
7388 0
7389 1
7390 1
7391 0
7392 1
7393 1
7394 0
7395 1
7396 1
7397 2
7398 0
7399 1
7400 0
7401 0
7402 0
7403 1
7404 1
7405 1
7406 2
7407 0
7408 0
7409 0
7410 1
7411 2
7412 1
7413 0
7414 0
7415 0
7416 1
7417 0
7418 0
7419 0
7420 0
7421 0
7422 0
7423 0
7424 1
7425 0
7426 0
7427 0
7428 2
7429 1
7430 0
7431 1
7432 0
7433 0
7434 0
7435 0
7436 0
7437 2
7438 0
7439 0
7440 1
7441 0
7442 0
7443 0
7444 0
7445 0
7446 0
7447 0
7448 1
7449 0
7450 1
7451 0
7452 0
7453 1
7454 0
7455 1
7456 0
7457 0
7458 1
7459 0
7460 1
7461 2
7462 0
7463 0
7464 0
7465 0
7466 0
7467 0
7468 1
7469 0
7470 0
7471 0
7472 0
7473 0
7474 1
7475 0
7476 0
7477 0
7478 0
7479 1
7480 2
7481 1
7482 0
7483 1
7484 1
7485 1
7486 3
7487 0
7488 1
7489 1
7490 2
7491 1
7492 0
7493 0
7494 0
7495 0
7496 0
7497 1
7498 0
7499 0
7500 0
7501 0
7502 0
7503 0
7504 0
7505 2
7506 1
7507 1
7508 0
7509 0
7510 1
7511 0
7512 0
7513 0
7514 1
7515 1
7516 1
7517 0
7518 1
7519 1
7520 1
7521 0
7522 0
7523 0
7524 1
7525 2
7526 0
7527 1
7528 1
7529 1
7530 2
7531 1
7532 2
7533 0
7534 2
7535 1
7536 1
7537 1
7538 2
7539 0
7540 3
7541 0
7542 0
7543 0
7544 1
7545 1
7546 2
7547 3
7548 0
7549 1
7550 1
7551 0
7552 1
7553 0
7554 0
7555 0
7556 2
7557 0
7558 1
7559 0
7560 1
7561 1
7562 0
7563 0
7564 1
7565 1
7566 2
7567 1
7568 1
7569 1
7570 2
7571 0
7572 0
7573 0
7574 0
7575 1
7576 0
7577 0
7578 0
7579 0
7580 1
7581 0
7582 0
7583 0
7584 0
7585 1
7586 0
7587 0
7588 0
7589 2
7590 0
7591 0
7592 2
7593 0
7594 0
7595 2
7596 0
7597 0
7598 0
7599 1
7600 0
7601 0
7602 0
7603 1
7604 0
7605 0
7606 0
7607 0
7608 0
7609 1
7610 0
7611 0
7612 0
7613 0
7614 0
7615 0
7616 0
7617 1
7618 0
7619 0
7620 0
7621 2
7622 0
7623 0
7624 0
7625 0
7626 1
7627 0
7628 0
7629 0
7630 0
7631 0
7632 1
7633 0
7634 0
7635 0
7636 1
7637 0
7638 0
7639 2
7640 0
7641 0
7642 1
7643 1
7644 1
7645 0
7646 0
7647 1
7648 1
7649 1
7650 0
7651 1
7652 0
7653 0
7654 2
7655 2
7656 1
7657 1
7658 1
7659 1
7660 0
7661 0
7662 0
7663 0
7664 1
7665 0
7666 0
7667 0
7668 0
7669 0
7670 0
7671 0
7672 0
7673 1
7674 0
7675 0
7676 1
7677 0
7678 0
7679 0
7680 0
7681 1
7682 0
7683 0
7684 0
7685 0
7686 0
7687 0
7688 1
7689 0
7690 0
7691 0
7692 1
7693 0
7694 0
7695 0
7696 0
7697 0
7698 0
7699 0
7700 0
7701 0
7702 1
7703 0
7704 0
7705 0
7706 0
7707 0
7708 0
7709 0
7710 1
7711 0
7712 0
7713 0
7714 0
7715 1
7716 0
7717 0
7718 2
7719 2
7720 1
7721 0
7722 1
7723 0
7724 0
7725 0
7726 0
7727 1
7728 0
7729 0
7730 1
7731 0
7732 1
7733 0
7734 0
7735 0
7736 0
7737 0
7738 1
7739 0
7740 0
7741 0
7742 0
7743 0
7744 0
7745 1
7746 0
7747 2
7748 2
7749 0
7750 1
7751 0
7752 0
7753 0
7754 1
7755 1
7756 1
7757 1
7758 0
7759 2
7760 1
7761 0
7762 0
7763 1
7764 1
7765 1
7766 1
7767 1
7768 1
7769 1
7770 0
7771 1
7772 0
7773 1
7774 1
7775 0
7776 1
7777 1
7778 1
7779 0
7780 0
7781 1
7782 2
7783 1
7784 0
7785 0
7786 0
7787 0
7788 1
7789 0
7790 1
7791 0
7792 0
7793 0
7794 1
7795 4
7796 0
7797 3
7798 0
7799 1
7800 0
7801 2
7802 3
7803 2
7804 1
7805 0
7806 1
7807 1
7808 0
7809 1
7810 2
7811 1
7812 0
7813 0
7814 1
7815 2
7816 3
7817 1
7818 1
7819 1
7820 1
7821 1
7822 1
7823 0
7824 0
7825 1
7826 1
7827 1
7828 2
7829 0
7830 3
7831 1
7832 1
7833 1
7834 1
7835 1
7836 0
7837 2
7838 0
7839 2
7840 2
7841 0
7842 1
7843 2
7844 0
7845 1
7846 0
7847 0
7848 0
7849 0
7850 0
7851 0
7852 0
7853 0
7854 0
7855 0
7856 0
7857 0
7858 0
7859 1
7860 0
7861 0
7862 0
7863 1
7864 0
7865 0
7866 1
7867 1
7868 0
7869 0
7870 1
7871 1
7872 0
7873 1
7874 0
7875 0
7876 1
7877 0
7878 0
7879 0
7880 1
7881 1
7882 1
7883 0
7884 0
7885 1
7886 0
7887 2
7888 0
7889 0
7890 0
7891 0
7892 1
7893 1
7894 1
7895 0
7896 0
7897 0
7898 0
7899 0
7900 0
7901 0
7902 1
7903 0
7904 0
7905 0
7906 0
7907 0
7908 0
7909 0
7910 2
7911 2
7912 0
7913 1
7914 1
7915 0
7916 0
7917 0
7918 0
7919 2
7920 0
7921 0
7922 0
7923 0
7924 0
7925 0
7926 1
7927 0
7928 0
7929 0
7930 0
7931 0
7932 0
7933 0
7934 0
7935 1
7936 1
7937 0
7938 0
7939 0
7940 0
7941 0
7942 2
7943 0
7944 1
7945 0
7946 0
7947 1
7948 1
7949 0
7950 0
7951 0
7952 0
7953 0
7954 1
7955 0
7956 1
7957 0
7958 1
7959 1
7960 0
7961 0
7962 0
7963 0
7964 0
7965 0
7966 0
7967 0
7968 0
7969 1
7970 1
7971 0
7972 0
7973 1
7974 0
7975 1
7976 0
7977 0
7978 0
7979 0
7980 0
7981 0
7982 0
7983 0
7984 0
7985 0
7986 0
7987 0
7988 0
7989 0
7990 0
7991 0
7992 0
7993 0
7994 1
7995 0
7996 0
7997 0
7998 0
7999 0
8000 0
8001 0
8002 0
8003 0
8004 0
8005 0
8006 0
8007 0
8008 0
8009 0
8010 0
8011 0
8012 0
8013 0
8014 0
8015 0
8016 0
8017 0
8018 1
8019 0
8020 0
8021 1
8022 0
8023 0
8024 0
8025 0
8026 0
8027 0
8028 0
8029 0
8030 0
8031 1
8032 0
8033 1
8034 0
8035 1
8036 1
8037 0
8038 0
8039 1
8040 0
8041 0
8042 0
8043 0
8044 0
8045 0
8046 0
8047 0
8048 0
8049 0
8050 0
8051 0
8052 0
8053 0
8054 0
8055 0
8056 0
8057 0
8058 1
8059 0
8060 0
8061 0
8062 0
8063 0
8064 0
8065 0
8066 0
8067 0
8068 0
8069 0
8070 0
8071 0
8072 0
8073 0
8074 0
8075 0
8076 1
8077 0
8078 0
8079 0
8080 0
8081 0
8082 0
8083 0
8084 1
8085 0
8086 1
8087 0
8088 0
8089 0
8090 2
8091 0
8092 0
8093 0
8094 0
8095 0
8096 0
8097 0
8098 0
8099 0
8100 0
8101 0
8102 0
8103 0
8104 0
8105 0
8106 0
8107 0
8108 0
8109 0
8110 1
8111 1
8112 0
8113 1
8114 0
8115 0
8116 0
8117 0
8118 0
8119 1
8120 0
8121 0
8122 0
8123 0
8124 0
8125 0
8126 1
8127 0
8128 0
8129 0
8130 1
8131 1
8132 0
8133 1
8134 0
8135 0
8136 1
8137 0
8138 1
8139 0
8140 0
8141 0
8142 0
8143 0
8144 0
8145 0
8146 0
8147 0
8148 1
8149 0
8150 0
8151 0
8152 0
8153 0
8154 0
8155 0
8156 0
8157 0
8158 0
8159 0
8160 0
8161 0
8162 1
8163 0
8164 2
8165 0
8166 1
8167 1
8168 1
8169 0
8170 0
8171 0
8172 0
8173 0
8174 0
8175 0
8176 0
8177 0
8178 0
8179 0
8180 0
8181 1
8182 1
8183 0
8184 0
8185 0
8186 0
8187 0
8188 0
8189 0
8190 0
8191 0
8192 0
8193 1
8194 0
8195 0
8196 0
8197 0
8198 0
8199 1
8200 2
8201 0
8202 0
8203 0
8204 1
8205 2
8206 1
8207 1
8208 0
8209 0
8210 0
8211 0
8212 1
8213 0
8214 1
8215 1
8216 0
8217 1
8218 0
8219 0
8220 0
8221 0
8222 0
8223 0
8224 1
8225 0
8226 0
8227 0
8228 0
8229 0
8230 2
8231 1
8232 0
8233 0
8234 0
8235 0
8236 0
8237 0
8238 0
8239 0
8240 3
8241 1
8242 2
8243 3
8244 0
8245 0
8246 1
8247 2
8248 0
8249 0
8250 0
8251 0
8252 0
8253 1
8254 0
8255 0
8256 0
8257 0
8258 2
8259 0
8260 0
8261 1
8262 0
8263 0
8264 0
8265 0
8266 0
8267 0
8268 1
8269 0
8270 0
8271 0
8272 0
8273 0
8274 0
8275 1
8276 1
8277 2
8278 0
8279 0
8280 1
8281 1
8282 1
8283 0
8284 2
8285 1
8286 0
8287 0
8288 1
8289 1
8290 0
8291 1
8292 1
8293 1
8294 0
8295 2
8296 1
8297 2
8298 3
8299 1
8300 1
8301 0
8302 2
8303 0
8304 2
8305 1
8306 2
8307 0
8308 1
8309 3
8310 0
8311 1
8312 1
8313 1
8314 0
8315 1
8316 2
8317 0
8318 0
8319 1
8320 1
8321 0
8322 0
8323 1
8324 1
8325 0
8326 1
8327 1
8328 1
8329 0
8330 1
8331 1
8332 0
8333 1
8334 2
8335 0
8336 1
8337 0
8338 0
8339 0
8340 0
8341 0
8342 2
8343 0
8344 0
8345 0
8346 1
8347 0
8348 3
8349 0
8350 1
8351 0
8352 0
8353 0
8354 1
8355 0
8356 1
8357 0
8358 1
8359 0
8360 1
8361 0
8362 0
8363 1
8364 1
8365 0
8366 0
8367 0
8368 0
8369 1
8370 0
8371 1
8372 0
8373 0
8374 0
8375 0
8376 0
8377 1
8378 1
8379 2
8380 2
8381 2
8382 2
8383 1
8384 2
8385 0
8386 0
8387 1
8388 2
8389 1
8390 2
8391 1
8392 1
8393 1
8394 1
8395 0
8396 0
8397 1
8398 0
8399 0
8400 0
8401 0
8402 1
8403 0
8404 1
8405 0
8406 1
8407 0
8408 2
8409 1
8410 0
8411 0
8412 1
8413 0
8414 1
8415 2
8416 0
8417 1
8418 0
8419 0
8420 0
8421 0
8422 0
8423 0
8424 1
8425 0
8426 2
8427 0
8428 0
8429 0
8430 2
8431 0
8432 0
8433 0
8434 2
8435 1
8436 0
8437 2
8438 0
8439 1
8440 0
8441 0
8442 0
8443 0
8444 0
8445 0
8446 0
8447 0
8448 1
8449 0
8450 2
8451 1
8452 0
8453 1
8454 0
8455 0
8456 1
8457 1
8458 0
8459 0
8460 1
8461 0
8462 1
8463 0
8464 0
8465 0
8466 1
8467 0
8468 0
8469 1
8470 1
8471 0
8472 0
8473 1
8474 0
8475 1
8476 1
8477 2
8478 1
8479 0
8480 3
8481 3
8482 2
8483 0
8484 1
8485 0
8486 0
8487 0
8488 0
8489 0
8490 1
8491 0
8492 0
8493 4
8494 2
8495 1
8496 0
8497 1
8498 0
8499 1
8500 0
8501 0
8502 1
8503 0
8504 1
8505 0
8506 0
8507 1
8508 0
8509 0
8510 1
8511 0
8512 0
8513 1
8514 0
8515 0
8516 2
8517 0
8518 0
8519 1
8520 0
8521 0
8522 0
8523 2
8524 0
8525 1
8526 0
8527 0
8528 0
8529 0
8530 1
8531 1
8532 0
8533 1
8534 0
8535 1
8536 0
8537 1
8538 0
8539 0
8540 1
8541 1
8542 0
8543 0
8544 1
8545 1
8546 0
8547 0
8548 1
8549 1
8550 3
8551 2
8552 0
8553 1
8554 0
8555 1
8556 0
8557 1
8558 0
8559 0
8560 0
8561 1
8562 1
8563 0
8564 2
8565 1
8566 2
8567 0
8568 0
8569 0
8570 0
8571 0
8572 0
8573 2
8574 0
8575 1
8576 0
8577 0
8578 1
8579 0
8580 5
8581 0
8582 1
8583 0
8584 0
8585 1
8586 0
8587 0
8588 0
8589 0
8590 0
8591 1
8592 1
8593 0
8594 0
8595 0
8596 0
8597 0
8598 2
8599 0
8600 0
8601 0
8602 0
8603 2
8604 0
8605 0
8606 0
8607 1
8608 1
8609 1
8610 1
8611 0
8612 1
8613 1
8614 1
8615 1
8616 0
8617 1
8618 0
8619 0
8620 1
8621 1
8622 1
8623 0
8624 0
8625 0
8626 1
8627 0
8628 0
8629 0
8630 1
8631 1
8632 0
8633 0
8634 0
8635 1
8636 0
8637 0
8638 0
8639 0
8640 0
8641 3
8642 1
8643 0
8644 0
8645 1
8646 1
8647 0
8648 0
8649 0
8650 0
8651 0
8652 1
8653 1
8654 1
8655 1
8656 0
8657 1
8658 0
8659 0
8660 1
8661 1
8662 0
8663 0
8664 0
8665 0
8666 1
8667 0
8668 0
8669 1
8670 1
8671 0
8672 1
8673 0
8674 1
8675 0
8676 0
8677 1
8678 1
8679 1
8680 2
8681 1
8682 0
8683 0
8684 1
8685 0
8686 1
8687 0
8688 0
8689 1
8690 1
8691 0
8692 1
8693 0
8694 1
8695 0
8696 0
8697 0
8698 0
8699 0
8700 0
8701 0
8702 0
8703 0
8704 0
8705 3
8706 0
8707 0
8708 1
8709 3
8710 1
8711 0
8712 1
8713 1
8714 1
8715 3
8716 1
8717 1
8718 2
8719 1
8720 0
8721 1
8722 0
8723 0
8724 0
8725 0
8726 0
8727 0
8728 1
8729 0
8730 1
8731 1
8732 2
8733 3
8734 1
8735 1
8736 1
8737 0
8738 0
8739 1
8740 2
8741 1
8742 1
8743 1
8744 0
8745 0
8746 0
8747 0
8748 1
8749 1
8750 0
8751 1
8752 1
8753 0
8754 0
8755 1
8756 0
8757 1
8758 1
8759 0
8760 0
8761 0
8762 0
8763 0
8764 1
8765 2
8766 1
8767 1
8768 1
8769 1
8770 1
8771 0
8772 1
8773 1
8774 0
8775 0
8776 0
8777 2
8778 1
8779 2
8780 0
8781 1
8782 2
8783 1
8784 1
8785 0
8786 2
8787 1
8788 1
8789 2
8790 1
8791 0
8792 1
8793 1
8794 1
8795 2
8796 0
8797 1
8798 0
8799 3
8800 1
8801 2
8802 1
8803 0
8804 0
8805 0
8806 0
8807 1
8808 0
8809 0
8810 2
8811 2
8812 3
8813 1
8814 1
8815 2
8816 1
8817 0
8818 1
8819 1
8820 1
8821 0
8822 1
8823 2
8824 0
8825 1
8826 0
8827 2
8828 0
8829 0
8830 1
8831 1
8832 1
8833 1
8834 0
8835 0
8836 1
8837 0
8838 0
8839 1
8840 0
8841 0
8842 0
8843 0
8844 0
8845 0
8846 0
8847 2
8848 2
8849 1
8850 0
8851 0
8852 1
8853 0
8854 0
8855 0
8856 1
8857 0
8858 2
8859 0
8860 3
8861 0
8862 0
8863 0
8864 1
8865 0
8866 0
8867 1
8868 0
8869 0
8870 0
8871 1
8872 1
8873 0
8874 0
8875 0
8876 1
8877 0
8878 0
8879 3
8880 1
8881 1
8882 0
8883 2
8884 1
8885 2
8886 0
8887 0
8888 0
8889 1
8890 3
8891 1
8892 2
8893 1
8894 2
8895 0
8896 0
8897 0
8898 2
8899 1
8900 3
8901 1
8902 1
8903 1
8904 1
8905 0
8906 3
8907 3
8908 3
8909 0
8910 1
8911 0
8912 4
8913 1
8914 0
8915 1
8916 1
8917 1
8918 1
8919 0
8920 1
8921 0
8922 0
8923 1
8924 2
8925 2
8926 1
8927 2
8928 1
8929 3
8930 0
8931 2
8932 1
8933 2
8934 2
8935 3
8936 5
8937 3
8938 4
8939 2
8940 3
8941 4
8942 1
8943 0
8944 4
8945 1
8946 1
8947 1
8948 0
8949 0
8950 1
8951 0
8952 0
8953 1
8954 1
8955 1
8956 1
8957 1
8958 1
8959 1
8960 0
8961 0
8962 0
8963 0
8964 0
8965 1
8966 3
8967 0
8968 2
8969 4
8970 1
8971 0
8972 0
8973 1
8974 0
8975 3
8976 1
8977 0
8978 1
8979 1
8980 0
8981 3
8982 2
8983 1
8984 0
8985 3
8986 1
8987 3
8988 2
8989 2
8990 1
8991 2
8992 2
8993 1
8994 3
8995 0
8996 0
8997 1
8998 2
8999 0
9000 1
9001 0
9002 2
9003 1
9004 1
9005 0
9006 0
9007 0
9008 2
9009 2
9010 1
9011 1
9012 1
9013 2
9014 3
9015 2
9016 0
9017 1
9018 1
9019 1
9020 1
9021 2
9022 1
9023 1
9024 1
9025 2
9026 0
9027 0
9028 2
9029 0
9030 0
9031 2
9032 1
9033 3
9034 1
9035 1
9036 2
9037 3
9038 0
9039 2
9040 0
9041 1
9042 3
9043 3
9044 2
9045 0
9046 2
9047 0
9048 1
9049 1
9050 3
9051 3
9052 1
9053 2
9054 2
9055 2
9056 0
9057 0
9058 1
9059 0
9060 3
9061 0
9062 3
9063 3
9064 1
9065 1
9066 5
9067 0
9068 1
9069 1
9070 1
9071 1
9072 1
9073 2
9074 1
9075 0
9076 0
9077 0
9078 1
9079 1
9080 2
9081 0
9082 0
9083 0
9084 0
9085 1
9086 0
9087 1
9088 0
9089 1
9090 1
9091 0
9092 1
9093 2
9094 2
9095 0
9096 0
9097 0
9098 0
9099 0
9100 1
9101 0
9102 0
9103 1
9104 2
9105 1
9106 3
9107 0
9108 1
9109 0
9110 0
9111 3
9112 0
9113 0
9114 1
9115 2
9116 0
9117 0
9118 0
9119 2
9120 1
9121 3
9122 1
9123 1
9124 1
9125 2
9126 1
9127 2
9128 2
9129 0
9130 1
9131 2
9132 1
9133 5
9134 3
9135 3
9136 0
9137 1
9138 0
9139 1
9140 1
9141 0
9142 0
9143 0
9144 1
9145 2
9146 0
9147 1
9148 0
9149 0
9150 2
9151 0
9152 1
9153 0
9154 3
9155 0
9156 3
9157 2
9158 1
9159 0
9160 2
9161 1
9162 2
9163 1
9164 0
9165 0
9166 1
9167 1
9168 1
9169 3
9170 2
9171 1
9172 0
9173 3
9174 3
9175 1
9176 4
9177 2
9178 3
9179 3
9180 1
9181 2
9182 4
9183 2
9184 0
9185 4
9186 4
9187 3
9188 1
9189 2
9190 1
9191 2
9192 1
9193 0
9194 1
9195 2
9196 4
9197 0
9198 1
9199 1
9200 0
9201 1
9202 2
9203 1
9204 5
9205 3
9206 2
9207 1
9208 1
9209 3
9210 1
9211 0
9212 1
9213 1
9214 3
9215 2
9216 2
9217 1
9218 0
9219 3
9220 0
9221 1
9222 0
9223 2
9224 0
9225 0
9226 1
9227 0
9228 0
9229 0
9230 0
9231 0
9232 0
9233 0
9234 2
9235 0
9236 2
9237 2
9238 1
9239 1
9240 0
9241 0
9242 0
9243 1
9244 0
9245 0
9246 2
9247 0
9248 2
9249 0
9250 2
9251 0
9252 1
9253 1
9254 0
9255 1
9256 2
9257 1
9258 0
9259 0
9260 0
9261 0
9262 1
9263 1
9264 0
9265 1
9266 0
9267 0
9268 1
9269 0
9270 0
9271 2
9272 0
9273 0
9274 1
9275 1
9276 0
9277 1
9278 0
9279 1
9280 1
9281 0
9282 1
9283 1
9284 2
9285 1
9286 0
9287 0
9288 0
9289 0
9290 1
9291 0
9292 1
9293 0
9294 0
9295 2
9296 3
9297 1
9298 1
9299 0
9300 1
9301 0
9302 1
9303 1
9304 1
9305 4
9306 0
9307 2
9308 1
9309 1
9310 1
9311 1
9312 1
9313 2
9314 1
9315 3
9316 2
9317 1
9318 1
9319 0
9320 1
9321 0
9322 0
9323 2
9324 0
9325 1
9326 0
9327 3
9328 0
9329 1
9330 2
9331 1
9332 0
9333 1
9334 0
9335 1
9336 3
9337 2
9338 0
9339 2
9340 3
9341 0
9342 0
9343 1
9344 2
9345 1
9346 3
9347 0
9348 0
9349 0
9350 1
9351 0
9352 1
9353 0
9354 0
9355 1
9356 1
9357 2
9358 0
9359 2
9360 2
9361 0
9362 1
9363 3
9364 1
9365 2
9366 1
9367 0
9368 1
9369 2
9370 3
9371 2
9372 2
9373 1
9374 1
9375 1
9376 1
9377 1
9378 1
9379 0
9380 0
9381 2
9382 0
9383 0
9384 0
9385 1
9386 1
9387 1
9388 1
9389 2
9390 1
9391 0
9392 2
9393 2
9394 1
9395 2
9396 3
9397 1
9398 2
9399 1
9400 2
9401 0
9402 1
9403 0
9404 0
9405 1
9406 1
9407 0
9408 0
9409 1
9410 1
9411 1
9412 1
9413 0
9414 0
9415 0
9416 2
9417 1
9418 1
9419 1
9420 0
9421 2
9422 2
9423 0
9424 0
9425 3
9426 1
9427 2
9428 1
9429 1
9430 2
9431 0
9432 0
9433 0
9434 0
9435 1
9436 2
9437 1
9438 1
9439 0
9440 1
9441 1
9442 0
9443 0
9444 2
9445 2
9446 2
9447 1
9448 2
9449 2
9450 0
9451 0
9452 1
9453 1
9454 0
9455 1
9456 1
9457 1
9458 1
9459 0
9460 0
9461 0
9462 1
9463 0
9464 1
9465 0
9466 2
9467 0
9468 1
9469 1
9470 2
9471 0
9472 0
9473 0
9474 1
9475 0
9476 3
9477 1
9478 2
9479 3
9480 1
9481 0
9482 0
9483 0
9484 2
9485 0
9486 1
9487 0
9488 1
9489 1
9490 0
9491 2
9492 0
9493 1
9494 2
9495 0
9496 0
9497 1
9498 0
9499 0
9500 0
9501 0
9502 1
9503 0
9504 0
9505 1
9506 0
9507 1
9508 1
9509 2
9510 1
9511 2
9512 2
9513 2
9514 1
9515 1
9516 0
9517 1
9518 1
9519 0
9520 2
9521 0
9522 2
9523 0
9524 0
9525 1
9526 2
9527 2
9528 1
9529 1
9530 2
9531 1
9532 2
9533 0
9534 0
9535 0
9536 2
9537 0
9538 1
9539 0
9540 2
9541 1
9542 1
9543 0
9544 0
9545 0
9546 2
9547 3
9548 0
9549 2
9550 0
9551 0
9552 2
9553 4
9554 0
9555 1
9556 1
9557 1
9558 2
9559 0
9560 0
9561 0
9562 0
9563 0
9564 2
9565 0
9566 1
9567 0
9568 0
9569 1
9570 0
9571 1
9572 1
9573 1
9574 1
9575 1
9576 2
9577 1
9578 1
9579 2
9580 1
9581 0
9582 1
9583 0
9584 0
9585 2
9586 1
9587 1
9588 0
9589 1
9590 0
9591 0
9592 0
9593 0
9594 1
9595 1
9596 0
9597 1
9598 2
9599 2
9600 1
9601 1
9602 1
9603 1
9604 1
9605 1
9606 0
9607 2
9608 0
9609 1
9610 0
9611 0
9612 0
9613 1
9614 0
9615 0
9616 1
9617 1
9618 1
9619 0
9620 1
9621 0
9622 0
9623 1
9624 0
9625 2
9626 0
9627 0
9628 0
9629 2
9630 0
9631 1
9632 0
9633 1
9634 0
9635 0
9636 2
9637 2
9638 0
9639 0
9640 1
9641 1
9642 2
9643 1
9644 0
9645 0
9646 1
9647 0
9648 0
9649 0
9650 1
9651 1
9652 2
9653 0
9654 1
9655 0
9656 1
9657 2
9658 2
9659 0
9660 0
9661 0
9662 1
9663 2
9664 1
9665 1
9666 1
9667 3
9668 4
9669 2
9670 0
9671 0
9672 1
9673 1
9674 0
9675 1
9676 1
9677 1
9678 0
9679 0
9680 1
9681 0
9682 0
9683 0
9684 1
9685 0
9686 1
9687 1
9688 0
9689 1
9690 1
9691 1
9692 0
9693 1
9694 0
9695 0
9696 1
9697 2
9698 0
9699 2
9700 1
9701 0
9702 3
9703 0
9704 1
9705 0
9706 0
9707 0
9708 0
9709 1
9710 0
9711 1
9712 1
9713 0
9714 1
9715 0
9716 0
9717 0
9718 0
9719 0
9720 1
9721 0
9722 1
9723 1
9724 2
9725 0
9726 1
9727 1
9728 1
9729 0
9730 0
9731 0
9732 0
9733 0
9734 0
9735 0
9736 0
9737 0
9738 0
9739 0
9740 0
9741 0
9742 0
9743 0
9744 0
9745 1
9746 0
9747 0
9748 0
9749 0
9750 1
9751 0
9752 0
9753 1
9754 0
9755 1
9756 1
9757 0
9758 0
9759 0
9760 1
9761 1
9762 0
9763 0
9764 0
9765 0
9766 0
9767 0
9768 0
9769 0
9770 0
9771 0
9772 0
9773 0
9774 0
9775 1
9776 0
9777 0
9778 0
9779 1
9780 0
9781 0
9782 1
9783 0
9784 0
9785 0
9786 0
9787 0
9788 0
9789 1
9790 0
9791 1
9792 0
9793 0
9794 0
9795 0
9796 0
9797 1
9798 0
9799 1
9800 0
9801 0
9802 0
9803 0
9804 0
9805 0
9806 0
9807 0
9808 0
9809 0
9810 0
9811 1
9812 0
9813 0
9814 0
9815 0
9816 0
9817 0
9818 0
9819 0
9820 1
9821 0
9822 0
9823 1
9824 1
9825 0
9826 1
9827 0
9828 1
9829 0
9830 0
9831 0
9832 0
9833 2
9834 0
9835 0
9836 0
9837 0
9838 0
9839 0
9840 0
9841 0
9842 1
9843 0
9844 0
9845 1
9846 0
9847 1
9848 0
9849 0
9850 1
9851 0
9852 0
9853 0
9854 0
9855 0
9856 0
9857 0
9858 0
9859 0
9860 1
9861 0
9862 0
9863 1
9864 0
9865 0
9866 1
9867 0
9868 1
9869 0
9870 0
9871 1
9872 0
9873 0
9874 0
9875 0
9876 1
9877 0
9878 1
9879 0
9880 0
9881 0
9882 0
9883 0
9884 0
9885 0
9886 0
9887 0
9888 0
9889 0
9890 0
9891 0
9892 0
9893 0
9894 0
9895 0
9896 0
9897 0
9898 1
9899 1
9900 0
9901 1
9902 1
9903 0
9904 3
9905 0
9906 1
9907 1
9908 1
9909 0
9910 0
9911 2
9912 1
9913 1
9914 2
9915 0
9916 0
9917 0
9918 2
9919 1
9920 1
9921 0
9922 0
9923 0
9924 0
9925 0
9926 0
9927 0
9928 0
9929 0
9930 0
9931 0
9932 0
9933 0
9934 0
9935 0
9936 0
9937 0
9938 0
9939 0
9940 0
9941 0
9942 0
9943 0
9944 0
9945 0
9946 0
9947 0
9948 0
9949 0
9950 0
9951 0
9952 1
9953 0
9954 0
9955 0
9956 0
9957 1
9958 0
9959 0
9960 0
9961 2
9962 0
9963 0
9964 1
9965 1
9966 0
9967 0
9968 1
9969 0
9970 0
9971 0
9972 0
9973 0
9974 0
9975 0
9976 1
9977 0
9978 0
9979 0
9980 1
9981 0
9982 0
9983 1
9984 0
9985 0
9986 0
9987 0
9988 0
9989 0
9990 0
9991 0
9992 0
9993 0
9994 0
9995 0
9996 0
9997 0
9998 1
9999 0
10000 0
10001 1
