0 4
1 6
2 2
3 2
4 2
5 3
6 2
7 3
8 3
9 1
10 1
11 1
12 4
13 4
14 1
15 2
16 1
17 2
18 4
19 1
20 2
21 2
22 3
23 2
24 1
25 2
26 3
27 1
28 1
29 3
30 2
31 2
32 1
33 1
34 1
35 0
36 3
37 2
38 2
39 1
40 1
41 0
42 0
43 2
44 0
45 1
46 1
47 1
48 2
49 4
50 0
51 1
52 3
53 1
54 1
55 0
56 3
57 5
58 1
59 0
60 2
61 3
62 1
63 3
64 1
65 3
66 1
67 1
68 3
69 1
70 0
71 6
72 1
73 0
74 0
75 0
76 2
77 4
78 2
79 3
80 1
81 1
82 4
83 2
84 1
85 2
86 2
87 2
88 1
89 4
90 3
91 3
92 2
93 2
94 1
95 4
96 4
97 1
98 2
99 1
100 3
101 0
102 0
103 2
104 4
105 3
106 0
107 3
108 0
109 1
110 1
111 0
112 0
113 2
114 2
115 1
116 1
117 0
118 1
119 0
120 1
121 2
122 1
123 1
124 2
125 1
126 0
127 2
128 0
129 0
130 1
131 1
132 2
133 1
134 0
135 0
136 0
137 0
138 0
139 1
140 1
141 1
142 1
143 0
144 1
145 1
146 0
147 1
148 1
149 0
150 0
151 1
152 2
153 0
154 0
155 0
156 0
157 1
158 0
159 3
160 1
161 0
162 2
163 1
164 1
165 2
166 2
167 0
168 0
169 0
170 0
171 1
172 1
173 2
174 1
175 0
176 0
177 1
178 0
179 1
180 0
181 1
182 0
183 0
184 0
185 0
186 1
187 1
188 0
189 0
190 1
191 1
192 0
193 1
194 0
195 0
196 0
197 0
198 0
199 0
200 0
201 1
202 0
203 1
204 0
205 1
206 1
207 0
208 0
209 0
210 0
211 0
212 0
213 1
214 0
215 1
216 0
217 2
218 1
219 1
220 1
221 1
222 2
223 0
224 0
225 1
226 1
227 0
228 1
229 1
230 0
231 0
232 0
233 1
234 0
235 1
236 0
237 0
238 0
239 1
240 0
241 0
242 0
243 1
244 0
245 1
246 0
247 2
248 1
249 0
250 2
251 0
252 1
253 1
254 0
255 0
256 0
257 0
258 0
259 0
260 1
261 0
262 3
263 0
264 0
265 0
266 0
267 1
268 0
269 0
270 0
271 0
272 0
273 0
274 0
275 2
276 1
277 0
278 0
279 0
280 0
281 0
282 0
283 0
284 1
285 0
286 0
287 0
288 0
289 1
290 1
291 1
292 0
293 1
294 0
295 0
296 1
297 0
298 0
299 0
300 0
301 0
302 0
303 0
304 0
305 0
306 0
307 2
308 0
309 0
310 0
311 0
312 0
313 0
314 0
315 0
316 0
317 0
318 0
319 1
320 1
321 0
322 0
323 1
324 0
325 0
326 1
327 1
328 1
329 0
330 0
331 0
332 0
333 0
334 0
335 2
336 0
337 0
338 0
339 0
340 1
341 0
342 0
343 1
344 0
345 1
346 1
347 1
348 0
349 1
350 0
351 0
352 0
353 0
354 0
355 2
356 0
357 0
358 0
359 0
360 1
361 0
362 1
363 0
364 0
365 0
366 0
367 0
368 0
369 0
370 0
371 0
372 0
373 0
374 0
375 1
376 2
377 1
378 1
379 0
380 0
381 0
382 0
383 1
384 2
385 0
386 1
387 0
388 2
389 0
390 0
391 1
392 1
393 0
394 0
395 1
396 0
397 1
398 0
399 0
400 0
401 0
402 0
403 0
404 0
405 0
406 0
407 1
408 1
409 0
410 1
411 0
412 0
413 1
414 1
415 0
416 2
417 1
418 1
419 0
420 1
421 0
422 1
423 0
424 1
425 0
426 1
427 2
428 1
429 1
430 0
431 0
432 1
433 1
434 0
435 0
436 1
437 0
438 1
439 0
440 1
441 0
442 1
443 0
444 0
445 2
446 1
447 0
448 0
449 0
450 1
451 1
452 0
453 2
454 1
455 1
456 0
457 1
458 0
459 1
460 1
461 2
462 0
463 0
464 1
465 1
466 0
467 0
468 2
469 0
470 2
471 2
472 1
473 0
474 1
475 0
476 0
477 0
478 2
479 0
480 0
481 0
482 0
483 2
484 0
485 0
486 0
487 1
488 0
489 0
490 1
491 0
492 1
493 2
494 1
495 2
496 1
497 0
498 0
499 1
500 0
501 1
502 0
503 1
504 2
505 0
506 0
507 0
508 0
509 0
510 1
511 1
512 0
513 0
514 1
515 0
516 0
517 0
518 0
519 0
520 0
521 0
522 0
523 0
524 0
525 0
526 1
527 0
528 1
529 0
530 0
531 1
532 0
533 0
534 0
535 1
536 1
537 0
538 2
539 1
540 0
541 1
542 1
543 0
544 0
545 0
546 0
547 1
548 0
549 0
550 0
551 0
552 0
553 0
554 0
555 0
556 0
557 0
558 0
559 1
560 1
561 1
562 1
563 1
564 0
565 1
566 0
567 0
568 2
569 0
570 0
571 1
572 0
573 1
574 2
575 1
576 2
577 1
578 0
579 0
580 1
581 0
582 1
583 0
584 0
585 1
586 2
587 1
588 1
589 2
590 1
591 1
592 1
593 1
594 0
595 1
596 1
597 2
598 0
599 0
600 0
601 1
602 0
603 1
604 0
605 1
606 1
607 1
608 0
609 1
610 0
611 0
612 1
613 3
614 2
615 0
616 1
617 1
618 2
619 0
620 2
621 0
622 0
623 1
624 1
625 2
626 2
627 2
628 1
629 1
630 1
631 1
632 0
633 2
634 2
635 1
636 0
637 2
638 1
639 2
640 1
641 1
642 0
643 1
644 2
645 1
646 1
647 0
648 0
649 2
650 2
651 1
652 2
653 0
654 1
655 0
656 1
657 0
658 2
659 1
660 0
661 0
662 2
663 0
664 0
665 0
666 3
667 2
668 3
669 1
670 1
671 0
672 2
673 0
674 1
675 1
676 1
677 0
678 0
679 1
680 1
681 0
682 0
683 1
684 2
685 1
686 3
687 2
688 1
689 1
690 0
691 0
692 0
693 0
694 0
695 0
696 0
697 1
698 0
699 1
700 0
701 0
702 1
703 1
704 0
705 1
706 1
707 2
708 1
709 1
710 2
711 0
712 0
713 0
714 1
715 0
716 0
717 1
718 0
719 0
720 3
721 3
722 2
723 0
724 0
725 2
726 2
727 0
728 1
729 0
730 0
731 0
732 0
733 0
734 0
735 0
736 0
737 0
738 1
739 0
740 2
741 0
742 0
743 0
744 2
745 2
746 0
747 0
748 1
749 0
750 0
751 1
752 1
753 0
754 0
755 0
756 0
757 0
758 0
759 1
760 0
761 0
762 1
763 0
764 0
765 0
766 1
767 1
768 0
769 0
770 0
771 2
772 0
773 0
774 0
775 2
776 1
777 0
778 0
779 0
780 0
781 1
782 2
783 3
784 0
785 1
786 0
787 1
788 0
789 0
790 1
791 1
792 1
793 0
794 0
795 1
796 0
797 0
798 0
799 0
800 0
801 0
802 0
803 0
804 0
805 0
806 0
807 0
808 0
809 0
810 1
811 0
812 1
813 1
814 0
815 0
816 1
817 1
818 1
819 0
820 0
821 0
822 1
823 1
824 0
825 1
826 1
827 0
828 1
829 0
830 2
831 0
832 0
833 0
834 0
835 0
836 1
837 1
838 0
839 0
840 1
841 0
842 0
843 0
844 0
845 0
846 0
847 0
848 0
849 0
850 0
851 1
852 1
853 0
854 1
855 0
856 0
857 0
858 0
859 0
860 0
861 0
862 0
863 0
864 0
865 0
866 1
867 0
868 0
869 0
870 0
871 0
872 0
873 0
874 0
875 0
876 2
877 0
878 0
879 0
880 0
881 1
882 0
883 0
884 0
885 1
886 0
887 0
888 0
889 0
890 1
891 0
892 0
893 2
894 1
895 0
896 0
897 0
898 1
899 0
900 0
901 0
902 0
903 0
904 1
905 0
906 0
907 0
908 0
909 0
910 0
911 0
912 1
913 0
914 0
915 0
916 0
917 0
918 1
919 0
920 1
921 0
922 1
923 0
924 0
925 0
926 0
927 0
928 0
929 0
930 0
931 0
932 0
933 0
934 1
935 0
936 0
937 1
938 0
939 1
940 0
941 1
942 0
943 2
944 0
945 1
946 0
947 2
948 2
949 0
950 1
951 0
952 0
953 0
954 1
955 1
956 1
957 1
958 1
959 0
960 0
961 0
962 0
963 1
964 0
965 0
966 1
967 0
968 0
969 2
970 1
971 0
972 0
973 0
974 0
975 0
976 0
977 1
978 0
979 2
980 0
981 0
982 0
983 0
984 1
985 0
986 0
987 0
988 0
989 0
990 0
991 1
992 0
993 0
994 0
995 1
996 0
997 0
998 0
999 0
1000 0
1001 0
1002 1
1003 0
1004 1
1005 0
1006 1
1007 0
1008 1
1009 0
1010 0
1011 1
1012 0
1013 0
1014 1
1015 1
1016 0
1017 0
1018 0
1019 0
1020 0
1021 0
1022 0
1023 0
1024 1
1025 0
1026 0
1027 0
1028 2
1029 1
1030 2
1031 3
1032 1
1033 0
1034 0
1035 0
1036 1
1037 0
1038 0
1039 0
1040 1
1041 0
1042 1
1043 1
1044 0
1045 0
1046 0
1047 0
1048 0
1049 0
1050 2
1051 0
1052 0
1053 1
1054 0
1055 0
1056 0
1057 1
1058 0
1059 3
1060 2
1061 2
1062 1
1063 1
1064 2
1065 0
1066 2
1067 0
1068 1
1069 2
1070 1
1071 2
1072 2
1073 2
1074 0
1075 1
1076 1
1077 1
1078 1
1079 0
1080 1
1081 0
1082 0
1083 0
1084 1
1085 1
1086 1
1087 0
1088 1
1089 1
1090 0
1091 0
1092 1
1093 1
1094 0
1095 0
1096 0
1097 0
1098 0
1099 0
1100 0
1101 0
1102 0
1103 0
1104 0
1105 2
1106 1
1107 0
1108 0
1109 0
1110 1
1111 1
1112 1
1113 0
1114 0
1115 1
1116 1
1117 1
1118 0
1119 0
1120 0
1121 1
1122 0
1123 0
1124 0
1125 1
1126 1
1127 0
1128 1
1129 0
1130 0
1131 0
1132 2
1133 1
1134 2
1135 2
1136 2
1137 2
1138 0
1139 0
1140 2
1141 0
1142 0
1143 1
1144 0
1145 0
1146 0
1147 0
1148 0
1149 1
1150 0
1151 0
1152 0
1153 1
1154 0
1155 0
1156 1
1157 0
1158 0
1159 0
1160 0
1161 0
1162 0
1163 0
1164 0
1165 0
1166 0
1167 0
1168 0
1169 1
1170 1
1171 1
1172 0
1173 1
1174 1
1175 0
1176 0
1177 0
1178 0
1179 1
1180 0
1181 0
1182 1
1183 0
1184 0
1185 3
1186 0
1187 0
1188 0
1189 1
1190 0
1191 0
1192 1
1193 1
1194 2
1195 1
1196 0
1197 0
1198 0
1199 1
1200 0
1201 2
1202 0
1203 0
1204 0
1205 2
1206 2
1207 1
1208 1
1209 0
1210 0
1211 0
1212 1
1213 1
1214 0
1215 1
1216 0
1217 1
1218 1
1219 1
1220 0
1221 2
1222 0
1223 0
1224 0
1225 0
1226 0
1227 1
1228 0
1229 1
1230 2
1231 1
1232 1
1233 1
1234 0
1235 0
1236 2
1237 0
1238 2
1239 1
1240 0
1241 1
1242 0
1243 1
1244 1
1245 0
1246 0
1247 0
1248 1
1249 0
1250 0
1251 2
1252 1
1253 1
1254 0
1255 0
1256 0
1257 1
1258 1
1259 0
1260 1
1261 0
1262 0
1263 0
1264 0
1265 1
1266 1
1267 0
1268 0
1269 0
1270 0
1271 0
1272 0
1273 0
1274 0
1275 1
1276 0
1277 0
1278 0
1279 1
1280 0
1281 0
1282 0
1283 0
1284 0
1285 0
1286 0
1287 0
1288 0
1289 0
1290 0
1291 1
1292 0
1293 1
1294 1
1295 0
1296 0
1297 1
1298 0
1299 0
1300 0
1301 0
1302 1
1303 3
1304 0
1305 0
1306 0
1307 0
1308 0
1309 0
1310 0
1311 0
1312 0
1313 1
1314 0
1315 0
1316 0
1317 0
1318 0
1319 0
1320 0
1321 0
1322 0
1323 0
1324 0
1325 0
1326 0
1327 0
1328 0
1329 0
1330 0
1331 0
1332 0
1333 0
1334 0
1335 0
1336 0
1337 0
1338 0
1339 0
1340 0
1341 0
1342 0
1343 0
1344 1
1345 0
1346 1
1347 2
1348 0
1349 0
1350 0
1351 0
1352 0
1353 0
1354 0
1355 0
1356 0
1357 0
1358 0
1359 0
1360 0
1361 0
1362 0
1363 1
1364 0
1365 2
1366 3
1367 1
1368 0
1369 0
1370 0
1371 1
1372 1
1373 1
1374 0
1375 1
1376 1
1377 1
1378 0
1379 0
1380 0
1381 0
1382 2
1383 0
1384 2
1385 0
1386 0
1387 0
1388 0
1389 1
1390 0
1391 1
1392 0
1393 0
1394 2
1395 1
1396 0
1397 1
1398 0
1399 1
1400 0
1401 1
1402 1
1403 2
1404 0
1405 2
1406 2
1407 2
1408 0
1409 1
1410 1
1411 1
1412 2
1413 0
1414 0
1415 3
1416 1
1417 0
1418 0
1419 0
1420 3
1421 3
1422 0
1423 0
1424 1
1425 1
1426 1
1427 3
1428 3
1429 0
1430 2
1431 1
1432 0
1433 0
1434 0
1435 1
1436 1
1437 1
1438 1
1439 2
1440 0
1441 0
1442 1
1443 0
1444 3
1445 1
1446 3
1447 1
1448 2
1449 0
1450 3
1451 2
1452 3
1453 1
1454 2
1455 2
1456 1
1457 1
1458 1
1459 0
1460 2
1461 2
1462 1
1463 0
1464 4
1465 2
1466 2
1467 1
1468 1
1469 1
1470 3
1471 2
1472 1
1473 3
1474 1
1475 2
1476 3
1477 1
1478 1
1479 2
1480 1
1481 0
1482 1
1483 1
1484 2
1485 2
1486 2
1487 0
1488 2
1489 1
1490 0
1491 2
1492 2
1493 0
1494 1
1495 0
1496 0
1497 0
1498 3
1499 0
1500 0
1501 2
1502 2
1503 3
1504 1
1505 0
1506 0
1507 0
1508 0
1509 2
1510 2
1511 4
1512 1
1513 0
1514 1
1515 1
1516 2
1517 1
1518 2
1519 2
1520 0
1521 0
1522 0
1523 0
1524 2
1525 2
1526 1
1527 3
1528 1
1529 2
1530 2
1531 0
1532 1
1533 2
1534 0
1535 0
1536 0
1537 3
1538 1
1539 2
1540 1
1541 3
1542 1
1543 2
1544 0
1545 1
1546 1
1547 0
1548 1
1549 2
1550 0
1551 0
1552 2
1553 3
1554 2
1555 1
1556 1
1557 2
1558 1
1559 0
1560 1
1561 1
1562 0
1563 1
1564 1
1565 2
1566 0
1567 2
1568 1
1569 0
1570 0
1571 0
1572 2
1573 1
1574 0
1575 1
1576 0
1577 0
1578 2
1579 0
1580 0
1581 1
1582 0
1583 2
1584 0
1585 0
1586 1
1587 0
1588 0
1589 0
1590 0
1591 1
1592 1
1593 1
1594 0
1595 0
1596 1
1597 0
1598 1
1599 1
1600 1
1601 1
1602 0
1603 0
1604 2
1605 0
1606 1
1607 0
1608 0
1609 0
1610 1
1611 1
1612 2
1613 1
1614 1
1615 1
1616 1
1617 0
1618 1
1619 1
1620 2
1621 1
1622 0
1623 0
1624 4
1625 1
1626 0
1627 1
1628 0
1629 0
1630 1
1631 1
1632 1
1633 2
1634 3
1635 2
1636 1
1637 2
1638 3
1639 1
1640 2
1641 0
1642 1
1643 0
1644 2
1645 0
1646 0
1647 1
1648 0
1649 3
1650 1
1651 1
1652 2
1653 1
1654 2
1655 2
1656 0
1657 4
1658 1
1659 0
1660 2
1661 1
1662 2
1663 1
1664 2
1665 0
1666 3
1667 1
1668 0
1669 1
1670 1
1671 1
1672 0
1673 1
1674 1
1675 2
1676 1
1677 0
1678 0
1679 0
1680 1
1681 0
1682 0
1683 1
1684 1
1685 1
1686 0
1687 2
1688 1
1689 2
1690 1
1691 0
1692 0
1693 0
1694 1
1695 2
1696 1
1697 0
1698 1
1699 0
1700 0
1701 2
1702 1
1703 0
1704 0
1705 0
1706 0
1707 2
1708 1
1709 1
1710 0
1711 0
1712 1
1713 0
1714 4
1715 1
1716 0
1717 1
1718 0
1719 1
1720 0
1721 0
1722 0
1723 0
1724 0
1725 0
1726 0
1727 0
1728 0
1729 0
1730 1
1731 0
1732 1
1733 2
1734 0
1735 0
1736 0
1737 2
1738 1
1739 1
1740 0
1741 0
1742 0
1743 0
1744 0
1745 0
1746 0
1747 2
1748 1
1749 1
1750 1
1751 1
1752 0
1753 1
1754 1
1755 1
1756 0
1757 1
1758 0
1759 1
1760 0
1761 0
1762 0
1763 0
1764 0
1765 0
1766 2
1767 0
1768 1
1769 3
1770 1
1771 1
1772 2
1773 1
1774 1
1775 0
1776 1
1777 0
1778 1
1779 2
1780 1
1781 2
1782 1
1783 1
1784 0
1785 0
1786 2
1787 1
1788 0
1789 2
1790 1
1791 1
1792 3
1793 1
1794 3
1795 1
1796 2
1797 2
1798 3
1799 4
1800 1
1801 0
1802 3
1803 2
1804 2
1805 4
1806 0
1807 3
1808 1
1809 1
1810 0
1811 1
1812 1
1813 3
1814 1
1815 2
1816 0
1817 0
1818 2
1819 2
1820 3
1821 1
1822 1
1823 4
1824 3
1825 3
1826 1
1827 1
1828 0
1829 1
1830 1
1831 2
1832 3
1833 1
1834 4
1835 1
1836 1
1837 4
1838 0
1839 3
1840 0
1841 4
1842 3
1843 1
1844 4
1845 2
1846 2
1847 0
1848 1
1849 4
1850 1
1851 2
1852 3
1853 1
1854 1
1855 3
1856 0
1857 1
1858 3
1859 1
1860 1
1861 0
1862 1
1863 1
1864 1
1865 2
1866 3
1867 1
1868 1
1869 3
1870 1
1871 2
1872 2
1873 1
1874 1
1875 4
1876 2
1877 1
1878 1
1879 1
1880 3
1881 3
1882 2
1883 1
1884 2
1885 2
1886 0
1887 2
1888 1
1889 3
1890 1
1891 2
1892 2
1893 4
1894 2
1895 1
1896 1
1897 2
1898 5
1899 2
1900 2
1901 0
1902 1
1903 0
1904 2
1905 0
1906 6
1907 2
1908 1
1909 2
1910 1
1911 3
1912 2
1913 1
1914 1
1915 2
1916 2
1917 2
1918 3
1919 2
1920 2
1921 3
1922 2
1923 2
1924 3
1925 2
1926 4
1927 1
1928 0
1929 5
1930 3
1931 1
1932 2
1933 0
1934 2
1935 4
1936 2
1937 1
1938 2
1939 1
1940 0
1941 1
1942 0
1943 4
1944 3
1945 0
1946 2
1947 2
1948 2
1949 0
1950 0
1951 2
1952 0
1953 1
1954 0
1955 2
1956 1
1957 1
1958 1
1959 1
1960 0
1961 0
1962 3
1963 3
1964 1
1965 1
1966 2
1967 1
1968 3
1969 2
1970 1
1971 0
1972 2
1973 2
1974 0
1975 1
1976 2
1977 1
1978 4
1979 3
1980 2
1981 1
1982 0
1983 0
1984 0
1985 1
1986 1
1987 1
1988 2
1989 4
1990 0
1991 1
1992 2
1993 0
1994 1
1995 2
1996 1
1997 0
1998 2
1999 0
2000 1
2001 1
2002 0
2003 0
2004 2
2005 3
2006 0
2007 2
2008 1
2009 1
2010 1
2011 2
2012 1
2013 3
2014 4
2015 1
2016 0
2017 0
2018 2
2019 0
2020 1
2021 0
2022 0
2023 2
2024 0
2025 1
2026 0
2027 2
2028 2
2029 0
2030 2
2031 1
2032 0
2033 1
2034 1
2035 1
2036 2
2037 1
2038 0
2039 0
2040 2
2041 0
2042 2
2043 0
2044 1
2045 1
2046 0
2047 0
2048 1
2049 0
2050 1
2051 0
2052 2
2053 1
2054 0
2055 0
2056 1
2057 1
2058 1
2059 0
2060 0
2061 0
2062 1
2063 1
2064 1
2065 2
2066 1
2067 2
2068 2
2069 0
2070 1
2071 0
2072 1
2073 3
2074 1
2075 2
2076 0
2077 0
2078 0
2079 4
2080 2
2081 2
2082 1
2083 1
2084 1
2085 3
2086 1
2087 3
2088 0
2089 2
2090 0
2091 2
2092 2
2093 5
2094 1
2095 0
2096 1
2097 0
2098 1
2099 1
2100 1
2101 0
2102 1
2103 1
2104 2
2105 0
2106 1
2107 1
2108 0
2109 1
2110 0
2111 2
2112 0
2113 1
2114 0
2115 2
2116 1
2117 1
2118 2
2119 3
2120 1
2121 2
2122 3
2123 2
2124 1
2125 1
2126 1
2127 0
2128 1
2129 0
2130 2
2131 1
2132 2
2133 2
2134 0
2135 1
2136 0
2137 0
2138 1
2139 2
2140 3
2141 2
2142 1
2143 2
2144 0
2145 0
2146 2
2147 1
2148 0
2149 1
2150 0
2151 1
2152 1
2153 0
2154 0
2155 1
2156 1
2157 1
2158 1
2159 0
2160 2
2161 0
2162 0
2163 1
2164 0
2165 0
2166 1
2167 3
2168 1
2169 1
2170 1
2171 0
2172 1
2173 0
2174 0
2175 0
2176 0
2177 1
2178 0
2179 0
2180 0
2181 1
2182 0
2183 1
2184 1
2185 0
2186 2
2187 0
2188 0
2189 0
2190 1
2191 1
2192 0
2193 0
2194 2
2195 1
2196 1
2197 0
2198 2
2199 0
2200 0
2201 2
2202 1
2203 1
2204 2
2205 0
2206 1
2207 1
2208 1
2209 2
2210 1
2211 1
2212 0
2213 0
2214 1
2215 1
2216 3
2217 0
2218 0
2219 0
2220 1
2221 1
2222 0
2223 1
2224 0
2225 2
2226 0
2227 0
2228 0
2229 0
2230 0
2231 1
2232 1
2233 0
2234 2
2235 3
2236 0
2237 1
2238 1
2239 0
2240 2
2241 0
2242 0
2243 1
2244 0
2245 1
2246 0
2247 0
2248 0
2249 0
2250 0
2251 0
2252 0
2253 0
2254 0
2255 0
2256 0
2257 0
2258 0
2259 0
2260 1
2261 0
2262 1
2263 0
2264 0
2265 0
2266 0
2267 0
2268 0
2269 1
2270 0
2271 0
2272 1
2273 1
2274 0
2275 0
2276 0
2277 0
2278 0
2279 0
2280 0
2281 0
2282 0
2283 0
2284 0
2285 0
2286 0
2287 1
2288 1
2289 0
2290 1
2291 0
2292 0
2293 0
2294 0
2295 0
2296 0
2297 3
2298 2
2299 2
2300 0
2301 2
2302 0
2303 0
2304 2
2305 3
2306 1
2307 2
2308 0
2309 4
2310 0
2311 3
2312 1
2313 0
2314 2
2315 2
2316 0
2317 1
2318 1
2319 2
2320 0
2321 1
2322 1
2323 2
2324 0
2325 1
2326 1
2327 2
2328 0
2329 0
2330 1
2331 1
2332 2
2333 0
2334 2
2335 1
2336 1
2337 0
2338 1
2339 0
2340 2
2341 0
2342 1
2343 0
2344 2
2345 1
2346 2
2347 1
2348 0
2349 2
2350 1
2351 1
2352 0
2353 1
2354 3
2355 4
2356 1
2357 0
2358 2
2359 4
2360 3
2361 0
2362 1
2363 1
2364 1
2365 0
2366 1
2367 1
2368 0
2369 0
2370 2
2371 1
2372 0
2373 2
2374 2
2375 1
2376 1
2377 0
2378 1
2379 0
2380 1
2381 1
2382 1
2383 3
2384 0
2385 0
2386 0
2387 1
2388 1
2389 0
2390 1
2391 0
2392 2
2393 0
2394 0
2395 0
2396 1
2397 0
2398 0
2399 0
2400 3
2401 0
2402 1
2403 1
2404 0
2405 0
2406 1
2407 1
2408 1
2409 2
2410 2
2411 1
2412 2
2413 0
2414 0
2415 0
2416 2
2417 2
2418 2
2419 1
2420 0
2421 1
2422 0
2423 1
2424 2
2425 1
2426 0
2427 0
2428 1
2429 0
2430 3
2431 1
2432 1
2433 1
2434 2
2435 1
2436 1
2437 0
2438 2
2439 0
2440 2
2441 0
2442 1
2443 0
2444 1
2445 1
2446 0
2447 2
2448 1
2449 0
2450 1
2451 1
2452 0
2453 0
2454 1
2455 0
2456 0
2457 1
2458 0
2459 1
2460 0
2461 0
2462 1
2463 1
2464 1
2465 0
2466 1
2467 1
2468 0
2469 1
2470 1
2471 0
2472 1
2473 2
2474 2
2475 0
2476 0
2477 0
2478 1
2479 0
2480 2
2481 0
2482 0
2483 1
2484 2
2485 1
2486 0
2487 0
2488 1
2489 0
2490 0
2491 2
2492 0
2493 1
2494 0
2495 1
2496 0
2497 0
2498 0
2499 0
2500 0
2501 0
2502 1
2503 3
2504 1
2505 0
2506 0
2507 1
2508 0
2509 1
2510 3
2511 0
2512 1
2513 0
2514 0
2515 1
2516 0
2517 0
2518 0
2519 0
2520 1
2521 1
2522 0
2523 0
2524 2
2525 0
2526 0
2527 0
2528 0
2529 1
2530 3
2531 0
2532 1
2533 1
2534 1
2535 0
2536 1
2537 1
2538 2
2539 0
2540 0
2541 0
2542 1
2543 1
2544 2
2545 0
2546 0
2547 1
2548 0
2549 1
2550 1
2551 3
2552 0
2553 1
2554 1
2555 1
2556 2
2557 1
2558 2
2559 2
2560 0
2561 1
2562 2
2563 1
2564 1
2565 1
2566 1
2567 1
2568 0
2569 0
2570 0
2571 0
2572 2
2573 1
2574 0
2575 0
2576 0
2577 1
2578 2
2579 2
2580 1
2581 2
2582 2
2583 1
2584 1
2585 0
2586 0
2587 1
2588 0
2589 3
2590 1
2591 1
2592 1
2593 0
2594 1
2595 1
2596 0
2597 1
2598 1
2599 1
2600 0
2601 1
2602 1
2603 1
2604 0
2605 2
2606 2
2607 1
2608 1
2609 0
2610 1
2611 0
2612 1
2613 1
2614 0
2615 1
2616 1
2617 0
2618 0
2619 1
2620 0
2621 1
2622 0
2623 0
2624 0
2625 1
2626 1
2627 1
2628 1
2629 1
2630 0
2631 0
2632 0
2633 1
2634 0
2635 0
2636 2
2637 0
2638 0
2639 0
2640 0
2641 1
2642 0
2643 1
2644 1
2645 1
2646 1
2647 0
2648 1
2649 2
2650 2
2651 2
2652 0
2653 1
2654 0
2655 1
2656 0
2657 0
2658 0
2659 0
2660 1
2661 1
2662 0
2663 0
2664 2
2665 1
2666 0
2667 1
2668 0
2669 0
2670 3
2671 0
2672 2
2673 0
2674 0
2675 0
2676 0
2677 2
2678 0
2679 0
2680 1
2681 2
2682 1
2683 0
2684 0
2685 0
2686 1
2687 1
2688 1
2689 0
2690 1
2691 0
2692 2
2693 0
2694 0
2695 0
2696 1
2697 3
2698 1
2699 4
2700 2
2701 4
2702 2
2703 0
2704 1
2705 1
2706 1
2707 1
2708 2
2709 1
2710 0
2711 1
2712 0
2713 0
2714 1
2715 1
2716 0
2717 2
2718 1
2719 1
2720 1
2721 1
2722 0
2723 2
2724 2
2725 1
2726 1
2727 0
2728 2
2729 0
2730 2
2731 1
2732 1
2733 0
2734 1
2735 1
2736 1
2737 1
2738 2
2739 1
2740 3
2741 2
2742 1
2743 0
2744 3
2745 2
2746 0
2747 2
2748 3
2749 2
2750 1
2751 1
2752 0
2753 1
2754 2
2755 2
2756 1
2757 1
2758 5
2759 2
2760 1
2761 1
2762 3
2763 1
2764 0
2765 1
2766 2
2767 1
2768 1
2769 0
2770 3
2771 1
2772 2
2773 4
2774 2
2775 1
2776 2
2777 1
2778 2
2779 1
2780 1
2781 0
2782 1
2783 1
2784 0
2785 0
2786 0
2787 2
2788 1
2789 1
2790 2
2791 4
2792 3
2793 0
2794 1
2795 1
2796 2
2797 0
2798 0
2799 1
2800 1
2801 2
2802 3
2803 1
2804 0
2805 0
2806 1
2807 1
2808 1
2809 1
2810 1
2811 2
2812 2
2813 0
2814 1
2815 0
2816 2
2817 0
2818 1
2819 2
2820 2
2821 0
2822 1
2823 0
2824 0
2825 2
2826 4
2827 0
2828 3
2829 0
2830 0
2831 1
2832 1
2833 2
2834 2
2835 1
2836 0
2837 1
2838 2
2839 2
2840 2
2841 1
2842 4
2843 1
2844 2
2845 1
2846 1
2847 1
2848 2
2849 0
2850 1
2851 0
2852 1
2853 0
2854 0
2855 0
2856 0
2857 0
2858 0
2859 1
2860 0
2861 2
2862 2
2863 0
2864 0
2865 1
2866 1
2867 0
2868 1
2869 0
2870 2
2871 0
2872 0
2873 0
2874 0
2875 0
2876 2
2877 1
2878 0
2879 0
2880 0
2881 1
2882 1
2883 3
2884 1
2885 2
2886 1
2887 0
2888 0
2889 0
2890 0
2891 1
2892 1
2893 2
2894 1
2895 1
2896 1
2897 1
2898 1
2899 0
2900 1
2901 0
2902 0
2903 0
2904 1
2905 1
2906 1
2907 1
2908 0
2909 1
2910 1
2911 0
2912 0
2913 1
2914 0
2915 0
2916 1
2917 0
2918 0
2919 1
2920 1
2921 1
2922 1
2923 1
2924 0
2925 0
2926 1
2927 0
2928 2
2929 1
2930 0
2931 0
2932 0
2933 1
2934 1
2935 0
2936 0
2937 0
2938 0
2939 0
2940 0
2941 0
2942 0
2943 0
2944 0
2945 0
2946 0
2947 1
2948 0
2949 0
2950 0
2951 0
2952 0
2953 0
2954 0
2955 0
2956 0
2957 1
2958 0
2959 1
2960 2
2961 0
2962 0
2963 1
2964 1
2965 1
2966 0
2967 1
2968 1
2969 0
2970 0
2971 1
2972 0
2973 0
2974 0
2975 2
2976 0
2977 2
2978 0
2979 0
2980 1
2981 1
2982 1
2983 0
2984 0
2985 1
2986 0
2987 1
2988 2
2989 0
2990 2
2991 2
2992 0
2993 1
2994 1
2995 1
2996 2
2997 1
2998 0
2999 1
3000 0
3001 1
3002 0
3003 0
3004 1
3005 2
3006 1
3007 1
3008 1
3009 0
3010 0
3011 1
3012 1
3013 0
3014 0
3015 1
3016 0
3017 0
3018 0
3019 0
3020 0
3021 2
3022 0
3023 0
3024 0
3025 0
3026 0
3027 1
3028 1
3029 1
3030 0
3031 0
3032 0
3033 1
3034 1
3035 0
3036 0
3037 1
3038 2
3039 1
3040 1
3041 0
3042 1
3043 1
3044 2
3045 2
3046 0
3047 0
3048 1
3049 1
3050 0
3051 0
3052 1
3053 1
3054 0
3055 1
3056 0
3057 0
3058 0
3059 0
3060 1
3061 0
3062 2
3063 0
3064 0
3065 0
3066 0
3067 3
3068 0
3069 2
3070 0
3071 0
3072 0
3073 0
3074 1
3075 1
3076 2
3077 0
3078 0
3079 0
3080 1
3081 1
3082 0
3083 2
3084 0
3085 1
3086 0
3087 1
3088 1
3089 2
3090 0
3091 0
3092 1
3093 0
3094 0
3095 2
3096 0
3097 1
3098 1
3099 0
3100 0
3101 0
3102 1
3103 1
3104 0
3105 3
3106 1
3107 1
3108 0
3109 2
3110 0
3111 0
3112 0
3113 0
3114 1
3115 1
3116 0
3117 0
3118 0
3119 2
3120 0
3121 1
3122 1
3123 0
3124 0
3125 3
3126 0
3127 2
3128 2
3129 0
3130 3
3131 0
3132 1
3133 0
3134 1
3135 0
3136 0
3137 0
3138 0
3139 1
3140 0
3141 1
3142 1
3143 0
3144 0
3145 0
3146 0
3147 0
3148 0
3149 0
3150 1
3151 1
3152 2
3153 0
3154 0
3155 0
3156 1
3157 0
3158 0
3159 0
3160 0
3161 0
3162 0
3163 0
3164 1
3165 0
3166 0
3167 2
3168 0
3169 1
3170 1
3171 1
3172 0
3173 0
3174 1
3175 0
3176 1
3177 0
3178 1
3179 0
3180 1
3181 0
3182 1
3183 2
3184 1
3185 1
3186 0
3187 1
3188 0
3189 0
3190 2
3191 1
3192 1
3193 1
3194 1
3195 0
3196 1
3197 0
3198 0
3199 1
3200 0
3201 0
3202 0
3203 1
3204 2
3205 1
3206 0
3207 0
3208 0
3209 0
3210 0
3211 2
3212 0
3213 0
3214 1
3215 0
3216 0
3217 0
3218 0
3219 0
3220 0
3221 1
3222 0
3223 2
3224 1
3225 0
3226 1
3227 0
3228 0
3229 1
3230 1
3231 0
3232 0
3233 0
3234 1
3235 0
3236 0
3237 1
3238 0
3239 0
3240 0
3241 2
3242 0
3243 0
3244 1
3245 0
3246 1
3247 0
3248 1
3249 0
3250 0
3251 0
3252 0
3253 0
3254 0
3255 0
3256 0
3257 2
3258 0
3259 0
3260 0
3261 1
3262 3
3263 0
3264 2
3265 2
3266 1
3267 1
3268 0
3269 2
3270 2
3271 2
3272 2
3273 1
3274 2
3275 1
3276 2
3277 1
3278 2
3279 1
3280 1
3281 1
3282 2
3283 1
3284 1
3285 1
3286 1
3287 1
3288 1
3289 0
3290 1
3291 0
3292 0
3293 1
3294 0
3295 1
3296 1
3297 1
3298 1
3299 1
3300 0
3301 2
3302 0
3303 1
3304 1
3305 1
3306 0
3307 0
3308 2
3309 1
3310 1
3311 0
3312 1
3313 2
3314 0
3315 5
3316 1
3317 0
3318 0
3319 2
3320 2
3321 2
3322 1
3323 1
3324 0
3325 1
3326 2
3327 1
3328 2
3329 1
3330 2
3331 1
3332 1
3333 3
3334 1
3335 1
3336 0
3337 3
3338 0
3339 1
3340 3
3341 2
3342 2
3343 1
3344 2
3345 0
3346 1
3347 2
3348 2
3349 0
3350 0
3351 4
3352 1
3353 2
3354 2
3355 1
3356 3
3357 1
3358 1
3359 3
3360 0
3361 2
3362 1
3363 2
3364 2
3365 1
3366 1
3367 0
3368 1
3369 0
3370 0
3371 1
3372 1
3373 3
3374 2
3375 1
3376 2
3377 2
3378 2
3379 1
3380 1
3381 2
3382 1
3383 4
3384 1
3385 1
3386 0
3387 1
3388 0
3389 2
3390 1
3391 2
3392 0
3393 3
3394 0
3395 1
3396 1
3397 1
3398 1
3399 2
3400 0
3401 0
3402 3
3403 4
3404 1
3405 3
3406 1
3407 1
3408 2
3409 1
3410 0
3411 1
3412 3
3413 1
3414 6
3415 2
3416 2
3417 2
3418 3
3419 0
3420 0
3421 1
3422 0
3423 0
3424 0
3425 3
3426 3
3427 2
3428 0
3429 0
3430 1
3431 1
3432 0
3433 2
3434 2
3435 2
3436 1
3437 2
3438 1
3439 3
3440 1
3441 0
3442 0
3443 4
3444 0
3445 0
3446 1
3447 0
3448 1
3449 2
3450 1
3451 3
3452 2
3453 1
3454 1
3455 3
3456 1
3457 1
3458 1
3459 0
3460 1
3461 2
3462 4
3463 2
3464 1
3465 1
3466 2
3467 2
3468 2
3469 1
3470 3
3471 1
3472 5
3473 3
3474 1
3475 2
3476 2
3477 3
3478 3
3479 0
3480 1
3481 2
3482 1
3483 0
3484 2
3485 2
3486 2
3487 1
3488 1
3489 0
3490 3
3491 2
3492 3
3493 1
3494 1
3495 1
3496 2
3497 3
3498 0
3499 0
3500 3
3501 1
3502 0
3503 2
3504 1
3505 1
3506 0
3507 0
3508 1
3509 1
3510 2
3511 2
3512 1
3513 1
3514 2
3515 1
3516 0
3517 4
3518 2
3519 0
3520 0
3521 1
3522 1
3523 2
3524 0
3525 3
3526 0
3527 2
3528 1
3529 0
3530 2
3531 2
3532 2
3533 2
3534 1
3535 3
3536 2
3537 2
3538 0
3539 2
3540 2
3541 0
3542 2
3543 2
3544 2
3545 1
3546 2
3547 2
3548 2
3549 0
3550 1
3551 1
3552 0
3553 0
3554 1
3555 2
3556 0
3557 0
3558 0
3559 0
3560 1
3561 1
3562 1
3563 2
3564 0
3565 1
3566 4
3567 4
3568 2
3569 2
3570 2
3571 1
3572 1
3573 0
3574 2
3575 0
3576 1
3577 0
3578 0
3579 1
3580 1
3581 1
3582 1
3583 1
3584 0
3585 1
3586 2
3587 3
3588 0
3589 1
3590 1
3591 2
3592 0
3593 0
3594 2
3595 1
3596 3
3597 1
3598 3
3599 3
3600 1
3601 2
3602 2
3603 1
3604 2
3605 2
3606 2
3607 1
3608 0
3609 0
3610 0
3611 0
3612 3
3613 0
3614 3
3615 0
3616 2
3617 2
3618 3
3619 0
3620 0
3621 1
3622 0
3623 2
3624 1
3625 0
3626 0
3627 2
3628 2
3629 0
3630 0
3631 4
3632 1
3633 1
3634 2
3635 0
3636 0
3637 1
3638 1
3639 1
3640 2
3641 2
3642 0
3643 0
3644 0
3645 0
3646 0
3647 2
3648 2
3649 2
3650 2
3651 0
3652 1
3653 1
3654 2
3655 0
3656 1
3657 4
3658 0
3659 1
3660 1
3661 1
3662 0
3663 1
3664 2
3665 2
3666 1
3667 2
3668 0
3669 0
3670 1
3671 2
3672 0
3673 3
3674 1
3675 2
3676 2
3677 0
3678 0
3679 1
3680 0
3681 1
3682 1
3683 5
3684 3
3685 0
3686 2
3687 1
3688 1
3689 0
3690 0
3691 0
3692 2
3693 1
3694 2
3695 0
3696 3
3697 0
3698 0
3699 1
3700 1
3701 1
3702 0
3703 1
3704 0
3705 2
3706 0
3707 1
3708 1
3709 0
3710 1
3711 1
3712 1
3713 1
3714 0
3715 1
3716 0
3717 0
3718 0
3719 0
3720 0
3721 0
3722 0
3723 0
3724 0
3725 1
3726 0
3727 0
3728 1
3729 0
3730 1
3731 0
3732 1
3733 3
3734 1
3735 0
3736 2
3737 1
3738 0
3739 0
3740 0
3741 0
3742 1
3743 1
3744 2
3745 0
3746 0
3747 0
3748 2
3749 3
3750 1
3751 1
3752 1
3753 0
3754 0
3755 0
3756 0
3757 1
3758 0
3759 0
3760 0
3761 0
3762 0
3763 1
3764 1
3765 0
3766 1
3767 1
3768 1
3769 1
3770 1
3771 0
3772 1
3773 1
3774 0
3775 0
3776 0
3777 1
3778 1
3779 1
3780 0
3781 0
3782 2
3783 0
3784 0
3785 0
3786 0
3787 2
3788 0
3789 3
3790 0
3791 3
3792 1
3793 0
3794 1
3795 0
3796 3
3797 1
3798 0
3799 0
3800 0
3801 0
3802 2
3803 1
3804 0
3805 1
3806 0
3807 0
3808 2
3809 0
3810 2
3811 0
3812 0
3813 0
3814 1
3815 2
3816 1
3817 1
3818 0
3819 2
3820 1
3821 1
3822 0
3823 1
3824 1
3825 3
3826 1
3827 2
3828 1
3829 0
3830 2
3831 0
3832 0
3833 0
3834 1
3835 1
3836 2
3837 1
3838 2
3839 0
3840 2
3841 0
3842 0
3843 1
3844 0
3845 0
3846 2
3847 2
3848 2
3849 0
3850 1
3851 1
3852 0
3853 1
3854 0
3855 1
3856 0
3857 0
3858 1
3859 1
3860 1
3861 1
3862 2
3863 0
3864 0
3865 1
3866 0
3867 0
3868 1
3869 0
3870 3
3871 0
3872 0
3873 0
3874 2
3875 2
3876 1
3877 1
3878 1
3879 0
3880 0
3881 0
3882 0
3883 1
3884 1
3885 1
3886 0
3887 1
3888 2
3889 0
3890 1
3891 1
3892 0
3893 0
3894 0
3895 0
3896 0
3897 3
3898 2
3899 1
3900 0
3901 0
3902 0
3903 0
3904 0
3905 0
3906 0
3907 0
3908 0
3909 0
3910 0
3911 1
3912 1
3913 1
3914 1
3915 1
3916 0
3917 1
3918 0
3919 0
3920 1
3921 1
3922 1
3923 0
3924 1
3925 0
3926 1
3927 0
3928 0
3929 0
3930 1
3931 0
3932 1
3933 0
3934 1
3935 1
3936 1
3937 0
3938 0
3939 1
3940 0
3941 1
3942 1
3943 0
3944 0
3945 0
3946 0
3947 0
3948 0
3949 1
3950 2
3951 1
3952 0
3953 0
3954 0
3955 0
3956 0
3957 1
3958 1
3959 0
3960 1
3961 0
3962 1
3963 1
3964 1
3965 1
3966 3
3967 1
3968 2
3969 0
3970 1
3971 0
3972 2
3973 1
3974 2
3975 0
3976 1
3977 0
3978 0
3979 2
3980 0
3981 0
3982 0
3983 0
3984 0
3985 0
3986 1
3987 0
3988 1
3989 1
3990 1
3991 1
3992 0
3993 0
3994 2
3995 1
3996 1
3997 1
3998 1
3999 1
4000 1
4001 1
4002 1
4003 2
4004 0
4005 1
4006 3
4007 1
4008 2
4009 0
4010 1
4011 0
4012 0
4013 1
4014 3
4015 0
4016 1
4017 1
4018 1
4019 1
4020 1
4021 1
4022 0
4023 1
4024 0
4025 0
4026 1
4027 2
4028 0
4029 1
4030 1
4031 0
4032 1
4033 2
4034 0
4035 1
4036 0
4037 0
4038 2
4039 0
4040 3
4041 2
4042 2
4043 1
4044 1
4045 1
4046 2
4047 4
4048 0
4049 0
4050 1
4051 0
4052 0
4053 1
4054 1
4055 0
4056 1
4057 1
4058 1
4059 0
4060 0
4061 2
4062 1
4063 3
4064 1
4065 0
4066 1
4067 1
4068 2
4069 1
4070 0
4071 0
4072 0
4073 1
4074 0
4075 1
4076 2
4077 1
4078 2
4079 1
4080 1
4081 3
4082 1
4083 1
4084 2
4085 2
4086 1
4087 1
4088 0
4089 2
4090 2
4091 1
4092 3
4093 2
4094 2
4095 2
4096 0
4097 1
4098 1
4099 1
4100 2
4101 1
4102 0
4103 3
4104 2
4105 2
4106 0
4107 2
4108 2
4109 1
4110 2
4111 0
4112 1
4113 0
4114 0
4115 1
4116 0
4117 0
4118 0
4119 2
4120 1
4121 0
4122 1
4123 1
4124 0
4125 2
4126 0
4127 3
4128 1
4129 2
4130 1
4131 0
4132 1
4133 2
4134 0
4135 2
4136 0
4137 1
4138 1
4139 0
4140 1
4141 0
4142 0
4143 0
4144 1
4145 3
4146 3
4147 2
4148 3
4149 1
4150 0
4151 1
4152 2
4153 1
4154 0
4155 2
4156 1
4157 2
4158 1
4159 1
4160 3
4161 0
4162 2
4163 0
4164 0
4165 0
4166 1
4167 0
4168 1
4169 0
4170 1
4171 2
4172 2
4173 2
4174 0
4175 1
4176 1
4177 2
4178 0
4179 1
4180 2
4181 2
4182 2
4183 2
4184 2
4185 1
4186 1
4187 2
4188 2
4189 1
4190 1
4191 2
4192 1
4193 2
4194 1
4195 1
4196 0
4197 2
4198 1
4199 0
4200 0
4201 0
4202 1
4203 0
4204 3
4205 0
4206 2
4207 2
4208 0
4209 0
4210 0
4211 1
4212 0
4213 0
4214 1
4215 2
4216 1
4217 0
4218 2
4219 2
4220 2
4221 2
4222 0
4223 0
4224 1
4225 0
4226 1
4227 1
4228 0
4229 3
4230 2
4231 0
4232 4
4233 0
4234 1
4235 2
4236 0
4237 2
4238 1
4239 0
4240 0
4241 0
4242 2
4243 1
4244 1
4245 3
4246 1
4247 1
4248 1
4249 3
4250 0
4251 1
4252 1
4253 1
4254 1
4255 0
4256 2
4257 1
4258 2
4259 1
4260 0
4261 0
4262 2
4263 2
4264 1
4265 0
4266 1
4267 1
4268 1
4269 1
4270 2
4271 3
4272 4
4273 1
4274 1
4275 3
4276 2
4277 1
4278 0
4279 0
4280 4
4281 1
4282 2
4283 3
4284 2
4285 1
4286 2
4287 1
4288 3
4289 1
4290 1
4291 1
4292 1
4293 2
4294 0
4295 1
4296 1
4297 2
4298 1
4299 2
4300 4
4301 3
4302 0
4303 0
4304 1
4305 0
4306 0
4307 2
4308 0
4309 1
4310 2
4311 0
4312 1
4313 2
4314 1
4315 3
4316 3
4317 1
4318 0
4319 3
4320 2
4321 1
4322 2
4323 1
4324 1
4325 2
4326 2
4327 1
4328 2
4329 3
4330 1
4331 1
4332 3
4333 1
4334 2
4335 0
4336 1
4337 1
4338 0
4339 3
4340 3
4341 0
4342 2
4343 2
4344 3
4345 2
4346 0
4347 4
4348 0
4349 3
4350 2
4351 5
4352 2
4353 1
4354 1
4355 1
4356 4
4357 2
4358 3
4359 0
4360 3
4361 0
4362 1
4363 1
4364 2
4365 0
4366 1
4367 0
4368 1
4369 3
4370 1
4371 0
4372 1
4373 1
4374 2
4375 1
4376 0
4377 2
4378 0
4379 1
4380 1
4381 2
4382 2
4383 0
4384 0
4385 2
4386 1
4387 1
4388 1
4389 1
4390 0
4391 1
4392 1
4393 0
4394 1
4395 0
4396 1
4397 1
4398 0
4399 0
4400 1
4401 2
4402 0
4403 0
4404 2
4405 0
4406 0
4407 1
4408 0
4409 0
4410 1
4411 1
4412 1
4413 1
4414 1
4415 0
4416 0
4417 3
4418 1
4419 2
4420 1
4421 0
4422 0
4423 1
4424 0
4425 0
4426 1
4427 0
4428 1
4429 1
4430 0
4431 0
4432 2
4433 2
4434 2
4435 2
4436 1
4437 2
4438 0
4439 2
4440 0
4441 1
4442 0
4443 1
4444 1
4445 2
4446 1
4447 3
4448 1
4449 0
4450 2
4451 2
4452 1
4453 2
4454 1
4455 0
4456 0
4457 2
4458 2
4459 5
4460 1
4461 3
4462 0
4463 1
4464 1
4465 3
4466 1
4467 2
4468 2
4469 1
4470 3
4471 1
4472 2
4473 0
4474 1
4475 1
4476 1
4477 1
4478 0
4479 4
4480 2
4481 3
4482 1
4483 1
4484 1
4485 2
4486 2
4487 2
4488 1
4489 0
4490 1
4491 0
4492 1
4493 0
4494 4
4495 2
4496 2
4497 1
4498 2
4499 1
4500 0
4501 1
4502 4
4503 1
4504 1
4505 3
4506 3
4507 0
4508 2
4509 1
4510 2
4511 1
4512 0
4513 2
4514 3
4515 2
4516 2
4517 1
4518 2
4519 3
4520 4
4521 0
4522 3
4523 0
4524 2
4525 4
4526 4
4527 4
4528 3
4529 3
4530 2
4531 1
4532 3
4533 1
4534 1
4535 1
4536 1
4537 0
4538 1
4539 3
4540 4
4541 2
4542 1
4543 1
4544 2
4545 3
4546 3
4547 3
4548 0
4549 0
4550 0
4551 3
4552 0
4553 1
4554 1
4555 0
4556 2
4557 0
4558 3
4559 1
4560 0
4561 0
4562 1
4563 1
4564 2
4565 3
4566 1
4567 1
4568 1
4569 1
4570 2
4571 0
4572 1
4573 2
4574 2
4575 1
4576 1
4577 2
4578 2
4579 1
4580 2
4581 2
4582 2
4583 4
4584 2
4585 1
4586 1
4587 2
4588 1
4589 1
4590 1
4591 0
4592 0
4593 1
4594 3
4595 2
4596 5
4597 2
4598 1
4599 2
4600 1
4601 3
4602 1
4603 0
4604 1
4605 2
4606 3
4607 0
4608 0
4609 4
4610 1
4611 2
4612 2
4613 0
4614 0
4615 1
4616 1
4617 2
4618 1
4619 0
4620 3
4621 1
4622 2
4623 0
4624 1
4625 1
4626 0
4627 1
4628 4
4629 0
4630 2
4631 1
4632 4
4633 1
4634 0
4635 1
4636 0
4637 2
4638 1
4639 2
4640 3
4641 2
4642 0
4643 0
4644 1
4645 2
4646 0
4647 0
4648 1
4649 2
4650 3
4651 0
4652 2
4653 0
4654 1
4655 1
4656 1
4657 0
4658 2
4659 1
4660 0
4661 2
4662 2
4663 0
4664 2
4665 2
4666 1
4667 0
4668 3
4669 2
4670 1
4671 0
4672 2
4673 2
4674 1
4675 1
4676 4
4677 0
4678 2
4679 0
4680 1
4681 1
4682 2
4683 0
4684 1
4685 2
4686 0
4687 1
4688 2
4689 1
4690 3
4691 2
4692 3
4693 1
4694 2
4695 2
4696 2
4697 1
4698 2
4699 1
4700 2
4701 0
4702 1
4703 4
4704 1
4705 2
4706 1
4707 1
4708 0
4709 2
4710 1
4711 1
4712 1
4713 2
4714 0
4715 1
4716 2
4717 1
4718 0
4719 0
4720 1
4721 1
4722 0
4723 3
4724 0
4725 1
4726 0
4727 2
4728 1
4729 0
4730 1
4731 0
4732 0
4733 0
4734 0
4735 0
4736 0
4737 1
4738 2
4739 2
4740 0
4741 0
4742 0
4743 3
4744 1
4745 0
4746 1
4747 0
4748 0
4749 1
4750 2
4751 0
4752 1
4753 0
4754 1
4755 1
4756 0
4757 1
4758 2
4759 0
4760 1
4761 1
4762 1
4763 2
4764 1
4765 1
4766 0
4767 0
4768 1
4769 2
4770 1
4771 0
4772 0
4773 0
4774 0
4775 3
4776 0
4777 1
4778 2
4779 1
4780 1
4781 1
4782 1
4783 4
4784 0
4785 1
4786 2
4787 3
4788 3
4789 5
4790 2
4791 3
4792 0
4793 1
4794 1
4795 3
4796 0
4797 2
4798 2
4799 1
4800 2
4801 2
4802 3
4803 1
4804 1
4805 1
4806 0
4807 2
4808 1
4809 0
4810 3
4811 1
4812 1
4813 1
4814 2
4815 2
4816 1
4817 0
4818 2
4819 1
4820 1
4821 2
4822 1
4823 1
4824 4
4825 1
4826 0
4827 1
4828 1
4829 1
4830 2
4831 0
4832 0
4833 1
4834 0
4835 0
4836 0
4837 0
4838 2
4839 1
4840 0
4841 1
4842 2
4843 2
4844 0
4845 0
4846 2
4847 0
4848 0
4849 0
4850 1
4851 1
4852 1
4853 0
4854 0
4855 0
4856 0
4857 0
4858 0
4859 0
4860 0
4861 0
4862 0
4863 0
4864 0
4865 0
4866 1
4867 0
4868 0
4869 1
4870 0
4871 1
4872 0
4873 0
4874 0
4875 0
4876 2
4877 0
4878 0
4879 2
4880 1
4881 0
4882 1
4883 1
4884 0
4885 1
4886 1
4887 0
4888 0
4889 0
4890 1
4891 1
4892 0
4893 0
4894 0
4895 1
4896 1
4897 0
4898 0
4899 0
4900 0
4901 1
4902 1
4903 0
4904 1
4905 1
4906 0
4907 1
4908 0
4909 1
4910 1
4911 0
4912 2
4913 1
4914 0
4915 0
4916 0
4917 0
4918 1
4919 1
4920 1
4921 1
4922 1
4923 1
4924 1
4925 3
4926 1
4927 1
4928 1
4929 0
4930 2
4931 2
4932 2
4933 0
4934 0
4935 0
4936 1
4937 0
4938 0
4939 0
4940 0
4941 1
4942 0
4943 0
4944 0
4945 0
4946 1
4947 1
4948 0
4949 0
4950 2
4951 1
4952 0
4953 2
4954 1
4955 2
4956 1
4957 2
4958 0
4959 1
4960 0
4961 0
4962 0
4963 2
4964 1
4965 0
4966 2
4967 0
4968 0
4969 3
4970 0
4971 2
4972 1
4973 2
4974 0
4975 0
4976 0
4977 1
4978 2
4979 0
4980 1
4981 3
4982 3
4983 2
4984 1
4985 1
4986 0
4987 2
4988 0
4989 3
4990 1
4991 1
4992 1
4993 0
4994 2
4995 0
4996 1
4997 1
4998 0
4999 1
5000 1
5001 5
5002 2
5003 1
5004 2
5005 3
5006 1
5007 1
5008 1
5009 1
5010 1
5011 1
5012 2
5013 1
5014 1
5015 2
5016 1
5017 0
5018 4
5019 3
5020 1
5021 2
5022 1
5023 1
5024 3
5025 0
5026 3
5027 3
5028 2
5029 1
5030 0
5031 0
5032 2
5033 0
5034 1
5035 2
5036 0
5037 2
5038 1
5039 1
5040 2
5041 1
5042 3
5043 2
5044 2
5045 1
5046 1
5047 1
5048 2
5049 1
5050 5
5051 2
5052 2
5053 1
5054 0
5055 0
5056 3
5057 2
5058 4
5059 2
5060 2
5061 0
5062 0
5063 2
5064 0
5065 3
5066 1
5067 0
5068 0
5069 0
5070 0
5071 0
5072 0
5073 0
5074 0
5075 1
5076 1
5077 0
5078 1
5079 1
5080 0
5081 1
5082 1
5083 1
5084 2
5085 2
5086 2
5087 0
5088 1
5089 3
5090 1
5091 0
5092 1
5093 0
5094 0
5095 0
5096 0
5097 1
5098 1
5099 3
5100 2
5101 1
5102 0
5103 1
5104 1
5105 1
5106 0
5107 1
5108 0
5109 1
5110 1
5111 2
5112 1
5113 0
5114 0
5115 0
5116 0
5117 1
5118 0
5119 2
5120 1
5121 0
5122 0
5123 0
5124 1
5125 1
5126 2
5127 1
5128 1
5129 1
5130 0
5131 3
5132 0
5133 1
5134 1
5135 0
5136 1
5137 1
5138 1
5139 0
5140 1
5141 1
5142 1
5143 0
5144 2
5145 0
5146 2
5147 0
5148 3
5149 1
5150 0
5151 0
5152 0
5153 0
5154 1
5155 2
5156 1
5157 0
5158 1
5159 2
5160 1
5161 1
5162 2
5163 3
5164 0
5165 1
5166 0
5167 1
5168 1
5169 1
5170 1
5171 1
5172 0
5173 1
5174 1
5175 1
5176 0
5177 0
5178 0
5179 1
5180 1
5181 1
5182 2
5183 0
5184 1
5185 0
5186 2
5187 1
5188 2
5189 3
5190 1
5191 4
5192 2
5193 0
5194 4
5195 3
5196 4
5197 2
5198 1
5199 2
5200 2
5201 2
5202 3
5203 1
5204 1
5205 2
5206 2
5207 2
5208 2
5209 4
5210 1
5211 4
5212 3
5213 1
5214 1
5215 3
5216 0
5217 2
5218 0
5219 3
5220 2
5221 2
5222 3
5223 2
5224 1
5225 0
5226 2
5227 1
5228 2
5229 1
5230 0
5231 1
5232 3
5233 3
5234 1
5235 0
5236 0
5237 1
5238 2
5239 1
5240 1
5241 2
5242 0
5243 0
5244 0
5245 0
5246 0
5247 1
5248 0
5249 0
5250 0
5251 1
5252 3
5253 1
5254 0
5255 1
5256 1
5257 0
5258 1
5259 1
5260 0
5261 1
5262 0
5263 1
5264 0
5265 0
5266 1
5267 1
5268 0
5269 0
5270 1
5271 1
5272 1
5273 0
5274 0
5275 0
5276 0
5277 0
5278 0
5279 1
5280 0
5281 0
5282 2
5283 2
5284 1
5285 1
5286 3
5287 0
5288 0
5289 1
5290 0
5291 0
5292 1
5293 1
5294 2
5295 0
5296 0
5297 0
5298 0
5299 0
5300 1
5301 0
5302 2
5303 1
5304 1
5305 1
5306 1
5307 1
5308 1
5309 0
5310 0
5311 1
5312 1
5313 1
5314 1
5315 2
5316 0
5317 1
5318 0
5319 0
5320 2
5321 0
5322 0
5323 0
5324 0
5325 1
5326 0
5327 1
5328 0
5329 1
5330 0
5331 1
5332 1
5333 2
5334 0
5335 1
5336 1
5337 0
5338 1
5339 1
5340 1
5341 0
5342 0
5343 0
5344 0
5345 0
5346 0
5347 0
5348 0
5349 0
5350 0
5351 1
5352 1
5353 0
5354 0
5355 0
5356 0
5357 1
5358 1
5359 0
5360 1
5361 0
5362 0
5363 0
5364 0
5365 0
5366 0
5367 0
5368 0
5369 0
5370 0
5371 0
5372 0
5373 0
5374 1
5375 0
5376 0
5377 0
5378 0
5379 0
5380 1
5381 1
5382 0
5383 0
5384 2
5385 0
5386 0
5387 1
5388 1
5389 0
5390 1
5391 0
5392 0
5393 1
5394 1
5395 0
5396 2
5397 0
5398 0
5399 0
5400 0
5401 2
5402 0
5403 0
5404 2
5405 1
5406 1
5407 0
5408 1
5409 0
5410 0
5411 1
5412 0
5413 1
5414 2
5415 0
5416 0
5417 2
5418 1
5419 0
5420 1
5421 2
5422 0
5423 1
5424 1
5425 2
5426 2
5427 2
5428 2
5429 1
5430 1
5431 1
5432 0
5433 2
5434 0
5435 0
5436 1
5437 0
5438 1
5439 0
5440 2
5441 2
5442 1
5443 1
5444 1
5445 1
5446 0
5447 0
5448 0
5449 0
5450 2
5451 1
5452 0
5453 1
5454 1
5455 0
5456 0
5457 0
5458 0
5459 1
5460 1
5461 1
5462 1
5463 0
5464 1
5465 0
5466 1
5467 1
5468 1
5469 1
5470 0
5471 3
5472 0
5473 0
5474 0
5475 1
5476 0
5477 0
5478 2
5479 0
5480 1
5481 0
5482 1
5483 2
5484 0
5485 0
5486 1
5487 0
5488 1
5489 0
5490 0
5491 2
5492 2
5493 1
5494 2
5495 2
5496 2
5497 2
5498 1
5499 3
5500 1
5501 1
5502 1
5503 0
5504 0
5505 1
5506 1
5507 1
5508 3
5509 0
5510 0
5511 2
5512 0
5513 0
5514 0
5515 2
5516 2
5517 3
5518 0
5519 0
5520 0
5521 0
5522 1
5523 1
5524 0
5525 1
5526 1
5527 0
5528 1
5529 1
5530 0
5531 0
5532 0
5533 1
5534 1
5535 2
5536 1
5537 1
5538 0
5539 1
5540 0
5541 0
5542 2
5543 1
5544 0
5545 1
5546 0
5547 0
5548 0
5549 0
5550 0
5551 0
5552 1
5553 1
5554 0
5555 2
5556 0
5557 2
5558 1
5559 1
5560 0
5561 1
5562 0
5563 1
5564 0
5565 2
5566 0
5567 0
5568 0
5569 1
5570 1
5571 0
5572 1
5573 1
5574 1
5575 1
5576 0
5577 2
5578 0
5579 1
5580 1
5581 1
5582 0
5583 1
5584 0
5585 0
5586 0
5587 0
5588 0
5589 0
5590 0
5591 0
5592 1
5593 2
5594 0
5595 0
5596 0
5597 1
5598 0
5599 2
5600 0
5601 0
5602 1
5603 0
5604 0
5605 0
5606 0
5607 2
5608 1
5609 3
5610 1
5611 2
5612 0
5613 1
5614 0
5615 0
5616 1
5617 0
5618 1
5619 0
5620 1
5621 2
5622 0
5623 0
5624 0
5625 1
5626 1
5627 1
5628 1
5629 3
5630 3
5631 0
5632 0
5633 1
5634 0
5635 1
5636 1
5637 3
5638 0
5639 3
5640 4
5641 0
5642 1
5643 1
5644 3
5645 1
5646 2
5647 0
5648 0
5649 0
5650 1
5651 4
5652 1
5653 3
5654 1
5655 2
5656 0
5657 0
5658 2
5659 0
5660 2
5661 0
5662 1
5663 0
5664 0
5665 2
5666 2
5667 1
5668 0
5669 0
5670 0
5671 0
5672 1
5673 1
5674 0
5675 1
5676 1
5677 0
5678 0
5679 0
5680 0
5681 0
5682 0
5683 0
5684 0
5685 1
5686 0
5687 0
5688 0
5689 1
5690 1
5691 0
5692 0
5693 0
5694 1
5695 0
5696 0
5697 0
5698 0
5699 1
5700 2
5701 0
5702 0
5703 0
5704 0
5705 1
5706 0
5707 2
5708 0
5709 0
5710 1
5711 0
5712 3
5713 2
5714 1
5715 1
5716 2
5717 1
5718 1
5719 0
5720 0
5721 1
5722 1
5723 1
5724 3
5725 1
5726 2
5727 1
5728 0
5729 1
5730 1
5731 2
5732 4
5733 0
5734 2
5735 1
5736 1
5737 2
5738 2
5739 0
5740 0
5741 1
5742 2
5743 0
5744 0
5745 2
5746 1
5747 2
5748 1
5749 0
5750 1
5751 2
5752 0
5753 3
5754 1
5755 1
5756 1
5757 1
5758 0
5759 0
5760 3
5761 0
5762 1
5763 1
5764 3
5765 2
5766 2
5767 1
5768 3
5769 2
5770 0
5771 1
5772 3
5773 0
5774 0
5775 3
5776 0
5777 1
5778 1
5779 2
5780 4
5781 2
5782 3
5783 1
5784 1
5785 3
5786 1
5787 2
5788 0
5789 0
5790 0
5791 2
5792 0
5793 0
5794 4
5795 2
5796 3
5797 0
5798 3
5799 1
5800 0
5801 2
5802 2
5803 1
5804 0
5805 2
5806 0
5807 2
5808 2
5809 0
5810 0
5811 0
5812 1
5813 2
5814 1
5815 2
5816 1
5817 0
5818 2
5819 1
5820 1
5821 1
5822 1
5823 0
5824 0
5825 0
5826 1
5827 0
5828 0
5829 2
5830 2
5831 1
5832 0
5833 1
5834 0
5835 2
5836 1
5837 1
5838 1
5839 1
5840 1
5841 1
5842 1
5843 2
5844 3
5845 0
5846 2
5847 1
5848 0
5849 0
5850 1
5851 2
5852 0
5853 0
5854 4
5855 2
5856 0
5857 1
5858 1
5859 2
5860 1
5861 2
5862 4
5863 2
5864 2
5865 4
5866 0
5867 1
5868 2
5869 1
5870 1
5871 0
5872 3
5873 1
5874 1
5875 0
5876 0
5877 0
5878 1
5879 0
5880 2
5881 1
5882 2
5883 3
5884 0
5885 2
5886 3
5887 2
5888 4
5889 4
5890 1
5891 0
5892 2
5893 1
5894 2
5895 1
5896 1
5897 2
5898 3
5899 2
5900 2
5901 1
5902 3
5903 4
5904 3
5905 1
5906 1
5907 1
5908 1
5909 0
5910 1
5911 1
5912 3
5913 2
5914 0
5915 1
5916 0
5917 1
5918 5
5919 3
5920 3
5921 2
5922 1
5923 0
5924 2
5925 4
5926 3
5927 0
5928 1
5929 2
5930 0
5931 2
5932 2
5933 0
5934 1
5935 1
5936 2
5937 1
5938 3
5939 1
5940 1
5941 1
5942 2
5943 4
5944 3
5945 3
5946 1
5947 0
5948 1
5949 3
5950 0
5951 3
5952 1
5953 1
5954 5
5955 5
5956 2
5957 2
5958 2
5959 1
5960 2
5961 0
5962 1
5963 1
5964 0
5965 0
5966 2
5967 0
5968 1
5969 1
5970 2
5971 2
5972 0
5973 1
5974 1
5975 1
5976 1
5977 0
5978 0
5979 2
5980 0
5981 1
5982 1
5983 1
5984 1
5985 1
5986 0
5987 3
5988 0
5989 3
5990 1
5991 2
5992 1
5993 2
5994 0
5995 2
5996 1
5997 2
5998 1
5999 0
6000 0
6001 1
6002 0
6003 0
6004 1
6005 0
6006 0
6007 3
6008 1
6009 1
6010 1
6011 0
6012 1
6013 0
6014 0
6015 1
6016 2
6017 1
6018 0
6019 0
6020 1
6021 0
6022 0
6023 0
6024 0
6025 0
6026 0
6027 2
6028 1
6029 2
6030 2
6031 0
6032 1
6033 0
6034 1
6035 2
6036 2
6037 0
6038 1
6039 3
6040 1
6041 0
6042 0
6043 0
6044 2
6045 0
6046 0
6047 1
6048 0
6049 0
6050 1
6051 3
6052 1
6053 0
6054 3
6055 0
6056 1
6057 1
6058 0
6059 1
6060 0
6061 2
6062 1
6063 1
6064 0
6065 2
6066 0
6067 0
6068 1
6069 1
6070 1
6071 0
6072 1
6073 0
6074 1
6075 0
6076 0
6077 0
6078 1
6079 0
6080 1
6081 0
6082 1
6083 0
6084 0
6085 1
6086 2
6087 1
6088 1
6089 1
6090 1
6091 1
6092 1
6093 1
6094 1
6095 1
6096 1
6097 1
6098 1
6099 1
6100 1
6101 3
6102 1
6103 0
6104 1
6105 0
6106 1
6107 1
6108 0
6109 1
6110 0
6111 0
6112 0
6113 1
6114 0
6115 0
6116 0
6117 1
6118 0
6119 0
6120 0
6121 0
6122 0
6123 0
6124 0
6125 0
6126 1
6127 1
6128 2
6129 1
6130 1
6131 1
6132 0
6133 0
6134 0
6135 0
6136 0
6137 0
6138 0
6139 1
6140 0
6141 0
6142 0
6143 0
6144 0
6145 1
6146 0
6147 0
6148 0
6149 0
6150 0
6151 1
6152 0
6153 1
6154 1
6155 0
6156 0
6157 0
6158 0
6159 0
6160 0
6161 0
6162 0
6163 0
6164 0
6165 0
6166 0
6167 0
6168 0
6169 0
6170 0
6171 0
6172 0
6173 0
6174 0
6175 0
6176 0
6177 0
6178 0
6179 0
6180 0
6181 0
6182 0
6183 0
6184 0
6185 0
6186 0
6187 0
6188 0
6189 0
6190 0
6191 0
6192 0
6193 0
6194 1
6195 0
6196 1
6197 0
6198 0
6199 0
6200 0
6201 0
6202 0
6203 0
6204 1
6205 0
6206 0
6207 0
6208 0
6209 1
6210 0
6211 0
6212 0
6213 0
6214 0
6215 0
6216 0
6217 0
6218 1
6219 2
6220 0
6221 0
6222 3
6223 0
6224 0
6225 0
6226 0
6227 0
6228 2
6229 1
6230 1
6231 2
6232 0
6233 0
6234 0
6235 0
6236 0
6237 0
6238 0
6239 0
6240 0
6241 0
6242 0
6243 0
6244 0
6245 0
6246 0
6247 0
6248 1
6249 0
6250 0
6251 0
6252 0
6253 0
6254 0
6255 0
6256 0
6257 0
6258 1
6259 1
6260 1
6261 1
6262 1
6263 0
6264 0
6265 1
6266 0
6267 0
6268 0
6269 0
6270 0
6271 0
6272 0
6273 1
6274 0
6275 1
6276 0
6277 0
6278 0
6279 0
6280 0
6281 1
6282 1
6283 1
6284 0
6285 1
6286 0
6287 0
6288 1
6289 0
6290 0
6291 1
6292 4
6293 1
6294 0
6295 1
6296 0
6297 0
6298 0
6299 1
6300 0
6301 1
6302 0
6303 0
6304 1
6305 0
6306 1
6307 0
6308 1
6309 1
6310 0
6311 0
6312 0
6313 0
6314 0
6315 0
6316 0
6317 0
6318 0
6319 1
6320 0
6321 0
6322 0
6323 0
6324 0
6325 0
6326 0
6327 0
6328 2
6329 0
6330 0
6331 0
6332 1
6333 0
6334 0
6335 0
6336 1
6337 0
6338 1
6339 0
6340 1
6341 1
6342 0
6343 0
6344 0
6345 2
6346 1
6347 2
6348 1
6349 0
6350 2
6351 0
6352 1
6353 0
6354 1
6355 0
6356 3
6357 0
6358 2
6359 2
6360 0
6361 2
6362 0
6363 1
6364 3
6365 1
6366 2
6367 1
6368 1
6369 2
6370 3
6371 0
6372 1
6373 0
6374 1
6375 1
6376 1
6377 0
6378 1
6379 0
6380 1
6381 0
6382 0
6383 0
6384 1
6385 0
6386 1
6387 2
6388 1
6389 0
6390 1
6391 1
6392 1
6393 2
6394 4
6395 1
6396 3
6397 1
6398 3
6399 0
6400 2
6401 1
6402 1
6403 1
6404 2
6405 1
6406 2
6407 0
6408 1
6409 1
6410 1
6411 1
6412 2
6413 0
6414 0
6415 1
6416 0
6417 2
6418 1
6419 0
6420 1
6421 1
6422 2
6423 2
6424 0
6425 1
6426 1
6427 1
6428 0
6429 0
6430 2
6431 0
6432 1
6433 2
6434 1
6435 2
6436 0
6437 0
6438 2
6439 1
6440 1
6441 0
6442 1
6443 1
6444 3
6445 1
6446 0
6447 0
6448 1
6449 2
6450 1
6451 1
6452 2
6453 1
6454 2
6455 1
6456 1
6457 2
6458 0
6459 1
6460 1
6461 0
6462 0
6463 2
6464 0
6465 1
6466 3
6467 1
6468 0
6469 1
6470 0
6471 1
6472 2
6473 2
6474 1
6475 1
6476 1
6477 0
6478 0
6479 1
6480 1
6481 0
6482 3
6483 2
6484 3
6485 0
6486 2
6487 1
6488 2
6489 0
6490 2
6491 2
6492 0
6493 1
6494 1
6495 1
6496 0
6497 2
6498 2
6499 3
6500 2
6501 1
6502 1
6503 2
6504 1
6505 2
6506 1
6507 0
6508 2
6509 1
6510 1
6511 3
6512 0
6513 0
6514 5
6515 2
6516 0
6517 3
6518 2
6519 1
6520 1
6521 0
6522 1
6523 3
6524 2
6525 2
6526 1
6527 2
6528 2
6529 1
6530 0
6531 0
6532 1
6533 1
6534 1
6535 1
6536 2
6537 3
6538 1
6539 3
6540 0
6541 1
6542 2
6543 1
6544 3
6545 2
6546 1
6547 2
6548 0
6549 2
6550 1
6551 1
6552 2
6553 1
6554 1
6555 1
6556 0
6557 1
6558 2
6559 1
6560 1
6561 1
6562 3
6563 0
6564 1
6565 1
6566 2
6567 2
6568 1
6569 0
6570 1
6571 2
6572 2
6573 2
6574 3
6575 1
6576 1
6577 1
6578 0
6579 3
6580 2
6581 3
6582 2
6583 1
6584 1
6585 0
6586 2
6587 1
6588 2
6589 2
6590 2
6591 1
6592 1
6593 2
6594 5
6595 4
6596 3
6597 1
6598 0
6599 1
6600 2
6601 1
6602 0
6603 0
6604 5
6605 3
6606 4
6607 2
6608 1
6609 2
6610 2
6611 1
6612 4
6613 1
6614 4
6615 0
6616 4
6617 2
6618 2
6619 1
6620 1
6621 1
6622 3
6623 0
6624 1
6625 2
6626 5
6627 3
6628 1
6629 4
6630 2
6631 1
6632 4
6633 1
6634 2
6635 2
6636 2
6637 3
6638 2
6639 1
6640 2
6641 5
6642 2
6643 0
6644 3
6645 2
6646 5
6647 0
6648 3
6649 1
6650 2
6651 1
6652 2
6653 1
6654 3
6655 0
6656 2
6657 0
6658 1
6659 0
6660 0
6661 2
6662 1
6663 2
6664 2
6665 2
6666 1
6667 0
6668 1
6669 1
6670 0
6671 0
6672 0
6673 0
6674 0
6675 2
6676 2
6677 2
6678 1
6679 1
6680 0
6681 1
6682 0
6683 0
6684 1
6685 1
6686 0
6687 1
6688 3
6689 1
6690 1
6691 1
6692 0
6693 2
6694 0
6695 1
6696 0
6697 2
6698 1
6699 0
6700 1
6701 1
6702 1
6703 1
6704 0
6705 1
6706 1
6707 0
6708 0
6709 0
6710 1
6711 0
6712 2
6713 0
6714 0
6715 2
6716 0
6717 1
6718 0
6719 2
6720 0
6721 0
6722 1
6723 0
6724 0
6725 1
6726 1
6727 0
6728 0
6729 1
6730 0
6731 0
6732 0
6733 0
6734 0
6735 1
6736 0
6737 0
6738 1
6739 2
6740 2
6741 1
6742 1
6743 1
6744 0
6745 0
6746 0
6747 1
6748 0
6749 0
6750 0
6751 1
6752 0
6753 2
6754 0
6755 0
6756 0
6757 0
6758 0
6759 1
6760 1
6761 0
6762 0
6763 1
6764 2
6765 0
6766 1
6767 0
6768 1
6769 0
6770 1
6771 1
6772 0
6773 1
6774 1
6775 0
6776 1
6777 1
6778 1
6779 1
6780 1
6781 0
6782 0
6783 2
6784 1
6785 0
6786 1
6787 1
6788 1
6789 0
6790 0
6791 0
6792 0
6793 0
6794 0
6795 2
6796 0
6797 1
6798 2
6799 1
6800 2
6801 1
6802 0
6803 1
6804 0
6805 0
6806 0
6807 1
6808 2
6809 1
6810 1
6811 0
6812 1
6813 0
6814 1
6815 2
6816 0
6817 0
6818 1
6819 0
6820 0
6821 1
6822 1
6823 0
6824 1
6825 2
6826 0
6827 0
6828 0
6829 1
6830 1
6831 0
6832 1
6833 2
6834 0
6835 2
6836 1
6837 0
6838 0
6839 1
6840 2
6841 1
6842 1
6843 0
6844 0
6845 0
6846 1
6847 2
6848 0
6849 0
6850 1
6851 0
6852 1
6853 0
6854 0
6855 1
6856 0
6857 0
6858 1
6859 1
6860 2
6861 1
6862 1
6863 0
6864 1
6865 0
6866 0
6867 1
6868 0
6869 1
6870 1
6871 0
6872 0
6873 1
6874 1
6875 0
6876 0
6877 0
6878 0
6879 0
6880 0
6881 0
6882 1
6883 0
6884 0
6885 0
6886 0
6887 0
6888 0
6889 2
6890 0
6891 1
6892 1
6893 1
6894 1
6895 0
6896 0
6897 0
6898 1
6899 1
6900 1
6901 0
6902 0
6903 0
6904 0
6905 0
6906 0
6907 0
6908 1
6909 0
6910 1
6911 0
6912 1
6913 0
6914 1
6915 0
6916 1
6917 1
6918 0
6919 1
6920 2
6921 0
6922 1
6923 1
6924 2
6925 2
6926 1
6927 2
6928 1
6929 5
6930 1
6931 2
6932 1
6933 1
6934 2
6935 2
6936 2
6937 1
6938 2
6939 1
6940 0
6941 2
6942 1
6943 2
6944 0
6945 1
6946 0
6947 1
6948 0
6949 0
6950 0
6951 1
6952 2
6953 2
6954 1
6955 0
6956 0
6957 0
6958 0
6959 0
6960 2
6961 0
6962 0
6963 0
6964 0
6965 0
6966 1
6967 0
6968 1
6969 0
6970 1
6971 0
6972 1
6973 1
6974 1
6975 0
6976 1
6977 0
6978 0
6979 0
6980 1
6981 1
6982 0
6983 0
6984 1
6985 1
6986 1
6987 0
6988 0
6989 0
6990 1
6991 1
6992 1
6993 1
6994 1
6995 1
6996 0
6997 1
6998 2
6999 1
7000 1
7001 1
7002 0
7003 0
7004 0
7005 1
7006 0
7007 0
7008 2
7009 0
7010 1
7011 0
7012 0
7013 1
7014 1
7015 0
7016 2
7017 2
7018 2
7019 2
7020 1
7021 1
7022 0
7023 0
7024 1
7025 1
7026 2
7027 2
7028 0
7029 3
7030 1
7031 0
7032 0
7033 1
7034 2
7035 2
7036 1
7037 1
7038 1
7039 1
7040 1
7041 1
7042 0
7043 1
7044 0
7045 0
7046 1
7047 1
7048 0
7049 1
7050 2
7051 1
7052 1
7053 0
7054 0
7055 2
7056 1
7057 2
7058 0
7059 4
7060 2
7061 3
7062 1
7063 2
7064 2
7065 1
7066 1
7067 3
7068 0
7069 4
7070 1
7071 1
7072 1
7073 2
7074 0
7075 1
7076 0
7077 2
7078 3
7079 0
7080 3
7081 1
7082 0
7083 0
7084 1
7085 2
7086 0
7087 1
7088 1
7089 1
7090 0
7091 0
7092 0
7093 2
7094 1
7095 0
7096 0
7097 1
7098 2
7099 0
7100 0
7101 0
7102 0
7103 3
7104 0
7105 1
7106 0
7107 1
7108 0
7109 1
7110 2
7111 2
7112 0
7113 0
7114 1
7115 1
7116 0
7117 1
7118 1
7119 1
7120 2
7121 3
7122 1
7123 0
7124 2
7125 1
7126 0
7127 2
7128 1
7129 0
7130 0
7131 1
7132 0
7133 2
7134 1
7135 1
7136 1
7137 0
7138 0
7139 1
7140 0
7141 2
7142 1
7143 2
7144 0
7145 0
7146 0
7147 2
7148 0
7149 2
7150 0
7151 0
7152 1
7153 1
7154 2
7155 1
7156 1
7157 0
7158 2
7159 1
7160 2
7161 0
7162 0
7163 0
7164 0
7165 0
7166 1
7167 0
7168 0
7169 1
7170 0
7171 1
7172 0
7173 1
7174 1
7175 0
7176 1
7177 3
7178 1
7179 1
7180 0
7181 1
7182 0
7183 1
7184 1
7185 1
7186 3
7187 2
7188 0
7189 2
7190 0
7191 1
7192 1
7193 1
7194 2
7195 1
7196 2
7197 1
7198 0
7199 1
7200 1
7201 2
7202 1
7203 0
7204 0
7205 0
7206 1
7207 3
7208 0
7209 0
7210 3
7211 0
7212 0
7213 1
7214 1
7215 2
7216 0
7217 1
7218 1
7219 1
7220 0
7221 0
7222 0
7223 1
7224 1
7225 2
7226 2
7227 1
7228 0
7229 0
7230 0
7231 0
7232 1
7233 0
7234 0
7235 0
7236 2
7237 1
7238 0
7239 0
7240 0
7241 1
7242 1
7243 2
7244 0
7245 1
7246 0
7247 0
7248 1
7249 1
7250 0
7251 1
7252 0
7253 0
7254 0
7255 0
7256 0
7257 0
7258 0
7259 0
7260 0
7261 0
7262 0
7263 0
7264 0
7265 0
7266 2
7267 0
7268 0
7269 0
7270 0
7271 0
7272 0
7273 0
7274 0
7275 1
7276 0
7277 0
7278 0
7279 0
7280 0
7281 0
7282 0
7283 0
7284 0
7285 1
7286 0
7287 0
7288 0
7289 0
7290 1
7291 0
7292 0
7293 0
7294 0
7295 0
7296 0
7297 0
7298 0
7299 0
7300 0
7301 0
7302 0
7303 1
7304 0
7305 0
7306 0
7307 0
7308 0
7309 1
7310 3
7311 0
7312 0
7313 0
7314 1
7315 0
7316 0
7317 0
7318 1
7319 0
7320 0
7321 0
7322 0
7323 0
7324 0
7325 0
7326 0
7327 0
7328 0
7329 0
7330 0
7331 0
7332 0
7333 1
7334 0
7335 0
7336 0
7337 0
7338 1
7339 0
7340 1
7341 0
7342 1
7343 0
7344 0
7345 0
7346 0
7347 1
7348 1
7349 1
7350 0
7351 1
7352 0
7353 1
7354 1
7355 2
7356 0
7357 1
7358 1
7359 1
7360 0
7361 1
7362 1
7363 1
7364 0
7365 0
7366 1
7367 0
7368 1
7369 0
7370 0
7371 0
7372 2
7373 2
7374 2
7375 1
7376 2
7377 1
7378 0
7379 1
7380 1
7381 2
7382 3
7383 1
7384 1
7385 1
7386 1
7387 0
7388 2
7389 1
7390 1
7391 0
7392 2
7393 1
7394 0
7395 0
7396 2
7397 1
7398 1
7399 1
7400 0
7401 0
7402 0
7403 0
7404 1
7405 0
7406 0
7407 1
7408 0
7409 0
7410 0
7411 0
7412 3
7413 1
7414 0
7415 0
7416 1
7417 0
7418 1
7419 1
7420 0
7421 3
7422 0
7423 2
7424 2
7425 1
7426 0
7427 0
7428 0
7429 0
7430 0
7431 1
7432 1
7433 0
7434 1
7435 2
7436 1
7437 1
7438 1
7439 1
7440 1
7441 1
7442 0
7443 1
7444 0
7445 0
7446 1
7447 0
7448 1
7449 0
7450 0
7451 1
7452 0
7453 1
7454 0
7455 0
7456 0
7457 0
7458 0
7459 0
7460 0
7461 0
7462 0
7463 0
7464 0
7465 0
7466 0
7467 0
7468 0
7469 0
7470 0
7471 0
7472 0
7473 0
7474 0
7475 0
7476 0
7477 0
7478 1
7479 0
7480 0
7481 0
7482 0
7483 0
7484 0
7485 0
7486 0
7487 0
7488 0
7489 1
7490 1
7491 0
7492 0
7493 0
7494 0
7495 0
7496 0
7497 0
7498 0
7499 1
7500 0
7501 2
7502 1
7503 2
7504 0
7505 0
7506 0
7507 0
7508 0
7509 1
7510 1
7511 0
7512 0
7513 0
7514 0
7515 0
7516 1
7517 1
7518 1
7519 1
7520 0
7521 1
7522 1
7523 0
7524 1
7525 0
7526 0
7527 0
7528 0
7529 0
7530 0
7531 1
7532 1
7533 0
7534 0
7535 0
7536 1
7537 0
7538 0
7539 1
7540 0
7541 1
7542 0
7543 0
7544 1
7545 2
7546 1
7547 0
7548 1
7549 1
7550 1
7551 0
7552 0
7553 0
7554 0
7555 0
7556 0
7557 1
7558 0
7559 0
7560 0
7561 1
7562 1
7563 0
7564 0
7565 0
7566 0
7567 0
7568 0
7569 0
7570 0
7571 0
7572 0
7573 0
7574 0
7575 0
7576 0
7577 0
7578 1
7579 0
7580 2
7581 0
7582 0
7583 0
7584 0
7585 0
7586 0
7587 0
7588 0
7589 0
7590 0
7591 0
7592 0
7593 0
7594 0
7595 0
7596 0
7597 0
7598 0
7599 0
7600 0
7601 0
7602 0
7603 0
7604 0
7605 0
7606 0
7607 1
7608 0
7609 0
7610 1
7611 0
7612 1
7613 0
7614 1
7615 0
7616 1
7617 0
7618 0
7619 0
7620 0
7621 1
7622 0
7623 1
7624 1
7625 1
7626 0
7627 0
7628 0
7629 0
7630 0
7631 1
7632 0
7633 2
7634 1
7635 0
7636 1
7637 1
7638 1
7639 1
7640 0
7641 0
7642 0
7643 0
7644 0
7645 2
7646 2
7647 1
7648 0
7649 1
7650 0
7651 0
7652 1
7653 0
7654 2
7655 0
7656 0
7657 0
7658 1
7659 0
7660 0
7661 0
7662 0
7663 0
7664 0
7665 0
7666 0
7667 0
7668 0
7669 0
7670 0
7671 0
7672 0
7673 0
7674 0
7675 0
7676 1
7677 0
7678 1
7679 2
7680 0
7681 0
7682 0
7683 0
7684 0
7685 1
7686 0
7687 0
7688 0
7689 1
7690 0
7691 1
7692 0
7693 0
7694 0
7695 0
7696 0
7697 0
7698 0
7699 0
7700 0
7701 0
7702 0
7703 0
7704 0
7705 0
7706 0
7707 0
7708 0
7709 0
7710 0
7711 0
7712 0
7713 0
7714 0
7715 1
7716 0
7717 0
7718 0
7719 0
7720 0
7721 0
7722 0
7723 0
7724 0
7725 0
7726 0
7727 0
7728 0
7729 0
7730 0
7731 0
7732 0
7733 0
7734 1
7735 0
7736 0
7737 0
7738 0
7739 0
7740 0
7741 0
7742 0
7743 0
7744 1
7745 0
7746 0
7747 0
7748 0
7749 0
7750 0
7751 0
7752 0
7753 0
7754 0
7755 0
7756 0
7757 0
7758 0
7759 0
7760 1
7761 0
7762 0
7763 1
7764 0
7765 0
7766 0
7767 0
7768 0
7769 0
7770 0
7771 0
7772 0
7773 0
7774 0
7775 0
7776 1
7777 0
7778 0
7779 0
7780 0
7781 1
7782 0
7783 1
7784 0
7785 0
7786 0
7787 0
7788 1
7789 1
7790 0
7791 2
7792 0
7793 0
7794 0
7795 0
7796 0
7797 0
7798 0
7799 0
7800 0
7801 0
7802 0
7803 0
7804 0
7805 0
7806 0
7807 0
7808 0
7809 0
7810 0
7811 0
7812 1
7813 2
7814 1
7815 1
7816 1
7817 0
7818 0
7819 0
7820 0
7821 1
7822 0
7823 1
7824 0
7825 0
7826 0
7827 0
7828 0
7829 0
7830 0
7831 0
7832 1
7833 0
7834 0
7835 1
7836 1
7837 0
7838 1
7839 0
7840 2
7841 0
7842 0
7843 1
7844 0
7845 0
7846 0
7847 0
7848 0
7849 0
7850 0
7851 1
7852 1
7853 1
7854 0
7855 0
7856 0
7857 1
7858 0
7859 0
7860 1
7861 1
7862 0
7863 0
7864 0
7865 0
7866 0
7867 0
7868 0
7869 1
7870 0
7871 1
7872 0
7873 0
7874 0
7875 0
7876 0
7877 1
7878 0
7879 0
7880 0
7881 0
7882 0
7883 0
7884 0
7885 0
7886 1
7887 0
7888 0
7889 0
7890 1
7891 1
7892 0
7893 1
7894 2
7895 0
7896 0
7897 2
7898 0
7899 0
7900 0
7901 0
7902 0
7903 0
7904 0
7905 0
7906 1
7907 0
7908 1
7909 1
7910 0
7911 1
7912 1
7913 1
7914 0
7915 0
7916 2
7917 1
7918 1
7919 0
7920 0
7921 2
7922 0
7923 2
7924 0
7925 1
7926 0
7927 0
7928 0
7929 0
7930 0
7931 1
7932 2
7933 1
7934 1
7935 0
7936 1
7937 0
7938 0
7939 2
7940 1
7941 2
7942 2
7943 3
7944 3
7945 1
7946 1
7947 2
7948 1
7949 0
7950 1
7951 1
7952 1
7953 2
7954 0
7955 0
7956 0
7957 1
7958 1
7959 0
7960 0
7961 1
7962 2
7963 1
7964 0
7965 2
7966 1
7967 0
7968 1
7969 0
7970 2
7971 2
7972 0
7973 1
7974 1
7975 1
7976 1
7977 1
7978 0
7979 0
7980 1
7981 1
7982 0
7983 0
7984 0
7985 1
7986 0
7987 1
7988 0
7989 1
7990 1
7991 0
7992 0
7993 0
7994 0
7995 1
7996 0
7997 1
7998 1
7999 0
8000 0
8001 0
8002 0
8003 1
8004 0
8005 0
8006 1
8007 2
8008 1
8009 1
8010 2
8011 2
8012 1
8013 0
8014 1
8015 2
8016 1
8017 1
8018 0
8019 0
8020 0
8021 1
8022 1
8023 1
8024 1
8025 2
8026 3
8027 0
8028 0
8029 1
8030 0
8031 1
8032 0
8033 0
8034 1
8035 0
8036 0
8037 0
8038 0
8039 0
8040 0
8041 0
8042 0
8043 0
8044 0
8045 0
8046 0
8047 0
8048 1
8049 0
8050 1
8051 0
8052 1
8053 0
8054 0
8055 0
8056 1
8057 0
8058 0
8059 0
8060 0
8061 0
8062 0
8063 0
8064 0
8065 0
8066 0
8067 0
8068 1
8069 0
8070 1
8071 1
8072 0
8073 2
8074 0
8075 1
8076 2
8077 1
8078 0
8079 1
8080 0
8081 1
8082 1
8083 0
8084 1
8085 0
8086 1
8087 0
8088 0
8089 2
8090 1
8091 2
8092 0
8093 1
8094 1
8095 1
8096 1
8097 1
8098 0
8099 0
8100 1
8101 1
8102 1
8103 0
8104 1
8105 2
8106 2
8107 1
8108 0
8109 3
8110 2
8111 1
8112 1
8113 0
8114 0
8115 2
8116 1
8117 0
8118 0
8119 1
8120 0
8121 2
8122 1
8123 1
8124 0
8125 0
8126 1
8127 0
8128 0
8129 1
8130 0
8131 1
8132 1
8133 3
8134 1
8135 2
8136 1
8137 1
8138 0
8139 1
8140 1
8141 1
8142 1
8143 0
8144 0
8145 0
8146 2
8147 2
8148 1
8149 1
8150 2
8151 2
8152 1
8153 1
8154 1
8155 2
8156 2
8157 0
8158 0
8159 1
8160 0
8161 0
8162 0
8163 0
8164 0
8165 0
8166 0
8167 0
8168 0
8169 0
8170 0
8171 0
8172 0
8173 0
8174 0
8175 0
8176 0
8177 0
8178 0
8179 0
8180 0
8181 1
8182 1
8183 1
8184 0
8185 0
8186 1
8187 0
8188 0
8189 0
8190 0
8191 0
8192 0
8193 0
8194 0
8195 0
8196 0
8197 0
8198 0
8199 1
8200 0
8201 0
8202 1
8203 1
8204 0
8205 0
8206 1
8207 0
8208 1
8209 0
8210 0
8211 0
8212 1
8213 0
8214 0
8215 0
8216 1
8217 0
8218 0
8219 0
8220 0
8221 0
8222 1
8223 0
8224 1
8225 0
8226 0
8227 0
8228 0
8229 0
8230 0
8231 1
8232 1
8233 0
8234 1
8235 1
8236 0
8237 1
8238 1
8239 0
8240 0
8241 0
8242 0
8243 0
8244 1
8245 0
8246 1
8247 0
8248 0
8249 0
8250 0
8251 0
8252 1
8253 1
8254 0
8255 1
8256 1
8257 1
8258 0
8259 0
8260 2
8261 2
8262 1
8263 0
8264 0
8265 0
8266 0
8267 0
8268 0
8269 0
8270 0
8271 2
8272 0
8273 0
8274 1
8275 0
8276 0
8277 0
8278 0
8279 0
8280 0
8281 0
8282 0
8283 1
8284 0
8285 0
8286 1
8287 1
8288 0
8289 0
8290 0
8291 1
8292 0
8293 0
8294 0
8295 0
8296 1
8297 0
8298 1
8299 1
8300 1
8301 1
8302 0
8303 0
8304 0
8305 0
8306 0
8307 0
8308 0
8309 1
8310 0
8311 0
8312 3
8313 0
8314 0
8315 0
8316 0
8317 0
8318 1
8319 0
8320 0
8321 1
8322 0
8323 0
8324 0
8325 0
8326 0
8327 0
8328 0
8329 0
8330 0
8331 0
8332 0
8333 0
8334 0
8335 0
8336 0
8337 0
8338 0
8339 0
8340 0
8341 0
8342 0
8343 0
8344 0
8345 0
8346 0
8347 0
8348 1
8349 1
8350 0
8351 0
8352 0
8353 0
8354 0
8355 0
8356 0
8357 0
8358 0
8359 0
8360 0
8361 0
8362 0
8363 1
8364 0
8365 0
8366 0
8367 0
8368 1
8369 0
8370 0
8371 0
8372 0
8373 0
8374 0
8375 0
8376 1
8377 1
8378 0
8379 1
8380 0
8381 1
8382 0
8383 2
8384 0
8385 0
8386 0
8387 0
8388 1
8389 0
8390 1
8391 1
8392 1
8393 0
8394 0
8395 0
8396 1
8397 2
8398 0
8399 0
8400 1
8401 0
8402 0
8403 0
8404 0
8405 0
8406 1
8407 0
8408 0
8409 0
8410 0
8411 0
8412 0
8413 0
8414 0
8415 0
8416 0
8417 0
8418 0
8419 0
8420 0
8421 0
8422 0
8423 0
8424 0
8425 1
8426 1
8427 0
8428 0
8429 0
8430 0
8431 0
8432 0
8433 0
8434 0
8435 0
8436 0
8437 0
8438 0
8439 0
8440 1
8441 0
8442 0
8443 0
8444 1
8445 1
8446 0
8447 0
8448 1
8449 0
8450 1
8451 1
8452 1
8453 1
8454 1
8455 0
8456 0
8457 1
8458 0
8459 1
8460 1
8461 0
8462 1
8463 0
8464 0
8465 0
8466 1
8467 1
8468 1
8469 0
8470 0
8471 1
8472 0
8473 0
8474 1
8475 0
8476 0
8477 0
8478 1
8479 2
8480 0
8481 0
8482 2
8483 0
8484 1
8485 1
8486 3
8487 1
8488 2
8489 0
8490 1
8491 0
8492 1
8493 4
8494 1
8495 2
8496 1
8497 1
8498 2
8499 0
8500 0
8501 0
8502 0
8503 1
8504 1
8505 0
8506 0
8507 1
8508 0
8509 0
8510 0
8511 0
8512 0
8513 0
8514 0
8515 1
8516 0
8517 1
8518 0
8519 0
8520 0
8521 0
8522 0
8523 0
8524 0
8525 0
8526 0
8527 0
8528 0
8529 1
8530 0
8531 0
8532 0
8533 0
8534 0
8535 0
8536 0
8537 0
8538 0
8539 0
8540 0
8541 0
8542 0
8543 0
8544 0
8545 1
8546 0
8547 1
8548 2
8549 1
8550 1
8551 0
8552 0
8553 0
8554 1
8555 1
8556 0
8557 0
8558 2
8559 1
8560 0
8561 0
8562 1
8563 2
8564 0
8565 0
8566 1
8567 1
8568 2
8569 0
8570 0
8571 0
8572 0
8573 0
8574 0
8575 0
8576 0
8577 2
8578 1
8579 1
8580 0
8581 0
8582 0
8583 1
8584 0
8585 1
8586 0
8587 1
8588 0
8589 0
8590 0
8591 0
8592 1
8593 0
8594 2
8595 0
8596 1
8597 0
8598 0
8599 1
8600 1
8601 1
8602 0
8603 0
8604 1
8605 2
8606 1
8607 0
8608 0
8609 0
8610 1
8611 1
8612 1
8613 1
8614 1
8615 0
8616 0
8617 0
8618 2
8619 2
8620 0
8621 0
8622 2
8623 1
8624 0
8625 0
8626 1
8627 1
8628 1
8629 1
8630 1
8631 2
8632 2
8633 1
8634 2
8635 1
8636 1
8637 1
8638 0
8639 0
8640 3
8641 0
8642 0
8643 0
8644 1
8645 0
8646 1
8647 0
8648 1
8649 2
8650 1
8651 1
8652 1
8653 1
8654 1
8655 0
8656 1
8657 1
8658 1
8659 0
8660 3
8661 1
8662 0
8663 1
8664 1
8665 1
8666 0
8667 0
8668 0
8669 0
8670 1
8671 0
8672 2
8673 1
8674 0
8675 0
8676 0
8677 0
8678 0
8679 0
8680 0
8681 0
8682 0
8683 0
8684 1
8685 1
8686 1
8687 1
8688 2
8689 0
8690 1
8691 0
8692 2
8693 0
8694 2
8695 1
8696 1
8697 1
8698 2
8699 0
8700 1
8701 1
8702 1
8703 0
8704 1
8705 0
8706 1
8707 1
8708 0
8709 0
8710 2
8711 0
8712 0
8713 0
8714 0
8715 0
8716 0
8717 0
8718 1
8719 2
8720 1
8721 1
8722 0
8723 1
8724 1
8725 0
8726 0
8727 1
8728 1
8729 1
8730 1
8731 2
8732 2
8733 0
8734 0
8735 0
8736 1
8737 2
8738 0
8739 1
8740 0
8741 1
8742 0
8743 3
8744 0
8745 1
8746 1
8747 0
8748 1
8749 0
8750 0
8751 1
8752 0
8753 1
8754 0
8755 0
8756 0
8757 0
8758 1
8759 0
8760 2
8761 0
8762 1
8763 2
8764 0
8765 0
8766 1
8767 0
8768 0
8769 2
8770 1
8771 0
8772 1
8773 2
8774 0
8775 0
8776 2
8777 2
8778 2
8779 1
8780 0
8781 1
8782 3
8783 3
8784 1
8785 1
8786 0
8787 0
8788 1
8789 1
8790 0
8791 2
8792 0
8793 2
8794 0
8795 2
8796 1
8797 1
8798 2
8799 0
8800 0
8801 2
8802 0
8803 1
8804 1
8805 2
8806 0
8807 4
8808 2
8809 3
8810 1
8811 1
8812 1
8813 2
8814 0
8815 0
8816 0
8817 0
8818 0
8819 1
8820 1
8821 1
8822 2
8823 0
8824 0
8825 0
8826 2
8827 1
8828 2
8829 3
8830 3
8831 1
8832 3
8833 1
8834 1
8835 1
8836 2
8837 1
8838 0
8839 1
8840 1
8841 0
8842 2
8843 2
8844 0
8845 1
8846 1
8847 1
8848 2
8849 3
8850 1
8851 2
8852 2
8853 1
8854 0
8855 1
8856 3
8857 3
8858 2
8859 1
8860 2
8861 1
8862 3
8863 3
8864 4
8865 2
8866 1
8867 1
8868 3
8869 2
8870 1
8871 2
8872 2
8873 2
8874 2
8875 2
8876 0
8877 1
8878 1
8879 1
8880 1
8881 0
8882 1
8883 1
8884 2
8885 3
8886 0
8887 1
8888 1
8889 0
8890 2
8891 1
8892 2
8893 2
8894 1
8895 2
8896 2
8897 1
8898 2
8899 3
8900 1
8901 1
8902 0
8903 1
8904 0
8905 2
8906 1
8907 0
8908 1
8909 1
8910 2
8911 3
8912 1
8913 3
8914 0
8915 1
8916 1
8917 2
8918 1
8919 2
8920 1
8921 2
8922 1
8923 3
8924 2
8925 2
8926 1
8927 1
8928 1
8929 1
8930 0
8931 0
8932 2
8933 1
8934 0
8935 1
8936 0
8937 0
8938 2
8939 0
8940 0
8941 1
8942 1
8943 1
8944 1
8945 2
8946 2
8947 0
8948 0
8949 2
8950 1
8951 1
8952 1
8953 5
8954 1
8955 0
8956 0
8957 2
8958 0
8959 2
8960 2
8961 2
8962 0
8963 1
8964 1
8965 2
8966 2
8967 1
8968 0
8969 0
8970 2
8971 4
8972 2
8973 2
8974 0
8975 3
8976 2
8977 1
8978 1
8979 0
8980 2
8981 2
8982 0
8983 2
8984 1
8985 1
8986 0
8987 0
8988 1
8989 0
8990 2
8991 0
8992 0
8993 1
8994 0
8995 2
8996 1
8997 3
8998 0
8999 0
9000 0
9001 2
9002 3
9003 2
9004 3
9005 1
9006 0
9007 0
9008 3
9009 1
9010 0
9011 2
9012 0
9013 1
9014 0
9015 1
9016 2
9017 0
9018 0
9019 0
9020 1
9021 0
9022 2
9023 2
9024 2
9025 1
9026 0
9027 0
9028 1
9029 1
9030 2
9031 0
9032 0
9033 1
9034 2
9035 3
9036 3
9037 0
9038 2
9039 0
9040 2
9041 3
9042 1
9043 1
9044 2
9045 2
9046 2
9047 1
9048 2
9049 1
9050 0
9051 3
9052 1
9053 1
9054 0
9055 2
9056 2
9057 0
9058 1
9059 2
9060 0
9061 1
9062 1
9063 0
9064 2
9065 2
9066 3
9067 1
9068 2
9069 2
9070 0
9071 1
9072 1
9073 4
9074 2
9075 2
9076 0
9077 0
9078 2
9079 2
9080 1
9081 1
9082 1
9083 2
9084 2
9085 1
9086 1
9087 1
9088 2
9089 0
9090 4
9091 1
9092 1
9093 2
9094 1
9095 0
9096 1
9097 0
9098 1
9099 0
9100 1
9101 1
9102 1
9103 2
9104 2
9105 3
9106 1
9107 2
9108 3
9109 4
9110 2
9111 2
9112 3
9113 2
9114 0
9115 3
9116 1
9117 1
9118 1
9119 3
9120 2
9121 2
9122 0
9123 2
9124 2
9125 0
9126 2
9127 1
9128 2
9129 3
9130 1
9131 1
9132 2
9133 0
9134 2
9135 1
9136 1
9137 0
9138 3
9139 3
9140 4
9141 1
9142 2
9143 2
9144 1
9145 1
9146 3
9147 3
9148 4
9149 2
9150 2
9151 2
9152 2
9153 1
9154 0
9155 1
9156 3
9157 1
9158 1
9159 4
9160 1
9161 2
9162 1
9163 2
9164 3
9165 2
9166 0
9167 3
9168 1
9169 2
9170 0
9171 1
9172 0
9173 2
9174 2
9175 2
9176 1
9177 0
9178 0
9179 0
9180 1
9181 0
9182 0
9183 0
9184 2
9185 1
9186 2
9187 1
9188 0
9189 2
9190 2
9191 0
9192 2
9193 0
9194 0
9195 2
9196 2
9197 1
9198 2
9199 1
9200 2
9201 1
9202 0
9203 0
9204 0
9205 0
9206 1
9207 1
9208 1
9209 0
9210 1
9211 0
9212 1
9213 1
9214 0
9215 0
9216 2
9217 0
9218 0
9219 2
9220 0
9221 2
9222 0
9223 0
9224 0
9225 1
9226 1
9227 0
9228 0
9229 2
9230 1
9231 3
9232 1
9233 3
9234 1
9235 0
9236 1
9237 2
9238 3
9239 2
9240 2
9241 1
9242 1
9243 0
9244 0
9245 3
9246 1
9247 2
9248 1
9249 2
9250 1
9251 0
9252 0
9253 1
9254 0
9255 1
9256 0
9257 2
9258 0
9259 1
9260 5
9261 2
9262 4
9263 3
9264 0
9265 2
9266 1
9267 2
9268 1
9269 2
9270 4
9271 1
9272 2
9273 1
9274 0
9275 1
9276 2
9277 1
9278 3
9279 1
9280 0
9281 1
9282 0
9283 3
9284 0
9285 0
9286 3
9287 1
9288 2
9289 3
9290 2
9291 1
9292 2
9293 0
9294 1
9295 1
9296 0
9297 0
9298 2
9299 1
9300 1
9301 1
9302 3
9303 1
9304 0
9305 2
9306 3
9307 3
9308 2
9309 3
9310 4
9311 2
9312 2
9313 2
9314 3
9315 1
9316 1
9317 3
9318 2
9319 1
9320 3
9321 2
9322 1
9323 0
9324 2
9325 1
9326 2
9327 1
9328 3
9329 1
9330 1
9331 2
9332 3
9333 3
9334 1
9335 3
9336 1
9337 2
9338 4
9339 0
9340 3
9341 1
9342 3
9343 1
9344 3
9345 4
9346 1
9347 3
9348 0
9349 2
9350 2
9351 6
9352 1
9353 4
9354 2
9355 3
9356 3
9357 2
9358 3
9359 2
9360 5
9361 2
9362 3
9363 1
9364 3
9365 3
9366 5
9367 2
9368 0
9369 3
9370 4
9371 5
9372 3
9373 1
9374 1
9375 2
9376 7
9377 4
9378 1
9379 2
9380 2
9381 1
9382 2
9383 2
9384 2
9385 4
9386 0
9387 4
9388 5
9389 0
9390 1
9391 0
9392 2
9393 1
9394 0
9395 2
9396 3
9397 1
9398 1
9399 1
9400 1
9401 0
9402 1
9403 0
9404 0
9405 2
9406 1
9407 1
9408 3
9409 1
9410 1
9411 0
9412 1
9413 3
9414 0
9415 1
9416 0
9417 1
9418 2
9419 1
9420 1
9421 1
9422 0
9423 0
9424 0
9425 3
9426 1
9427 1
9428 2
9429 0
9430 1
9431 2
9432 2
9433 1
9434 1
9435 1
9436 1
9437 0
9438 0
9439 0
9440 1
9441 1
9442 2
9443 0
9444 2
9445 1
9446 0
9447 1
9448 0
9449 0
9450 2
9451 1
9452 1
9453 1
9454 0
9455 1
9456 2
9457 1
9458 1
9459 1
9460 1
9461 2
9462 2
9463 2
9464 1
9465 0
9466 1
9467 1
9468 1
9469 1
9470 2
9471 2
9472 1
9473 1
9474 1
9475 0
9476 0
9477 2
9478 1
9479 0
9480 0
9481 1
9482 2
9483 1
9484 0
9485 1
9486 1
9487 1
9488 1
9489 0
9490 0
9491 1
9492 0
9493 0
9494 3
9495 0
9496 2
9497 1
9498 0
9499 0
9500 2
9501 0
9502 1
9503 1
9504 0
9505 1
9506 1
9507 1
9508 1
9509 0
9510 1
9511 1
9512 1
9513 0
9514 1
9515 0
9516 0
9517 0
9518 0
9519 0
9520 0
9521 0
9522 1
9523 1
9524 0
9525 0
9526 0
9527 0
9528 0
9529 0
9530 0
9531 0
9532 0
9533 0
9534 0
9535 0
9536 0
9537 0
9538 0
9539 0
9540 0
9541 1
9542 0
9543 1
9544 0
9545 0
9546 0
9547 0
9548 1
9549 0
9550 0
9551 0
9552 0
9553 0
9554 1
9555 0
9556 0
9557 0
9558 0
9559 0
9560 1
9561 0
9562 0
9563 2
9564 0
9565 0
9566 1
9567 0
9568 1
9569 0
9570 0
9571 0
9572 0
9573 0
9574 0
9575 0
9576 0
9577 0
9578 0
9579 1
9580 1
9581 0
9582 2
9583 1
9584 0
9585 0
9586 0
9587 0
9588 0
9589 0
9590 0
9591 0
9592 0
9593 1
9594 0
9595 0
9596 1
9597 1
9598 0
9599 0
9600 0
9601 1
9602 0
9603 0
9604 0
9605 1
9606 0
9607 0
9608 1
9609 0
9610 2
9611 0
9612 1
9613 0
9614 0
9615 2
9616 2
9617 0
9618 2
9619 0
9620 1
9621 0
9622 0
9623 2
9624 0
9625 2
9626 1
9627 0
9628 2
9629 2
9630 3
9631 1
9632 1
9633 0
9634 1
9635 0
9636 1
9637 0
9638 0
9639 1
9640 1
9641 0
9642 1
9643 0
9644 1
9645 0
9646 0
9647 0
9648 1
9649 0
9650 0
9651 0
9652 1
9653 0
9654 0
9655 0
9656 0
9657 1
9658 0
9659 0
9660 0
9661 0
9662 3
9663 1
9664 1
9665 1
9666 2
9667 2
9668 0
9669 1
9670 0
9671 0
9672 2
9673 0
9674 1
9675 1
9676 1
9677 0
9678 0
9679 1
9680 1
9681 0
9682 2
9683 0
9684 0
9685 0
9686 1
9687 0
9688 3
9689 0
9690 1
9691 0
9692 2
9693 1
9694 0
9695 2
9696 0
9697 0
9698 0
9699 1
9700 0
9701 0
9702 0
9703 0
9704 1
9705 0
9706 0
9707 1
9708 0
9709 0
9710 0
9711 1
9712 0
9713 0
9714 2
9715 0
9716 1
9717 1
9718 0
9719 1
9720 1
9721 2
9722 1
9723 0
9724 2
9725 0
9726 1
9727 2
9728 1
9729 2
9730 1
9731 0
9732 0
9733 1
9734 2
9735 0
9736 0
9737 0
9738 1
9739 0
9740 2
9741 0
9742 2
9743 1
9744 0
9745 2
9746 1
9747 1
9748 2
9749 1
9750 0
9751 2
9752 0
9753 1
9754 0
9755 1
9756 2
9757 0
9758 0
9759 0
9760 1
9761 0
9762 1
9763 1
9764 0
9765 3
9766 0
9767 0
9768 0
9769 0
9770 0
9771 1
9772 0
9773 0
9774 2
9775 2
9776 0
9777 0
9778 1
9779 1
9780 1
9781 0
9782 0
9783 1
9784 1
9785 1
9786 1
9787 1
9788 1
9789 2
9790 3
9791 1
9792 2
9793 0
9794 0
9795 1
9796 1
9797 2
9798 1
9799 4
9800 3
9801 1
9802 2
9803 2
9804 0
9805 2
9806 0
9807 1
9808 0
9809 2
9810 0
9811 1
9812 3
9813 2
9814 1
9815 2
9816 1
9817 2
9818 2
9819 2
9820 0
9821 1
9822 2
9823 1
9824 2
9825 3
9826 0
9827 1
9828 2
9829 2
9830 3
9831 0
9832 2
9833 2
9834 2
9835 1
9836 2
9837 1
9838 1
9839 1
9840 0
9841 0
9842 1
9843 2
9844 3
9845 2
9846 1
9847 2
9848 1
9849 1
9850 1
9851 1
9852 0
9853 0
9854 0
9855 0
9856 1
9857 1
9858 2
9859 3
9860 1
9861 1
9862 4
9863 2
9864 0
9865 0
9866 3
9867 1
9868 2
9869 2
9870 1
9871 2
9872 0
9873 2
9874 1
9875 3
9876 1
9877 3
9878 3
9879 2
9880 0
9881 3
9882 0
9883 2
9884 1
9885 4
9886 1
9887 1
9888 1
9889 1
9890 0
9891 1
9892 3
9893 2
9894 3
9895 2
9896 0
9897 2
9898 1
9899 2
9900 0
9901 4
9902 2
9903 0
9904 0
9905 2
9906 0
9907 1
9908 1
9909 1
9910 2
9911 4
9912 3
9913 4
9914 3
9915 2
9916 0
9917 3
9918 2
9919 2
9920 3
9921 1
9922 1
9923 1
9924 2
9925 2
9926 1
9927 1
9928 1
9929 2
9930 2
9931 2
9932 1
9933 2
9934 1
9935 0
9936 1
9937 2
9938 4
9939 0
9940 0
9941 1
9942 1
9943 2
9944 2
9945 0
9946 1
9947 2
9948 0
9949 3
9950 2
9951 2
9952 0
9953 3
9954 4
9955 0
9956 1
9957 2
9958 0
9959 2
9960 1
9961 1
9962 1
9963 2
9964 3
9965 3
9966 2
9967 0
9968 0
9969 0
9970 1
9971 2
9972 0
9973 2
9974 0
9975 0
9976 0
9977 0
9978 1
9979 1
9980 1
9981 2
9982 1
9983 1
9984 1
9985 0
9986 0
9987 0
9988 1
9989 0
9990 0
9991 0
9992 0
9993 0
9994 1
9995 0
9996 0
9997 1
9998 3
9999 1
10000 0
10001 2
