0 8
1 8
2 4
3 1
4 4
5 4
6 4
7 1
8 4
9 0
10 2
11 0
12 2
13 1
14 2
15 3
16 1
17 3
18 1
19 1
20 0
21 0
22 1
23 2
24 1
25 0
26 3
27 2
28 3
29 1
30 0
31 2
32 1
33 3
34 1
35 1
36 2
37 1
38 2
39 1
40 5
41 1
42 5
43 2
44 0
45 3
46 1
47 2
48 0
49 2
50 2
51 0
52 0
53 2
54 1
55 2
56 3
57 3
58 1
59 1
60 2
61 2
62 4
63 3
64 2
65 1
66 2
67 4
68 2
69 4
70 3
71 0
72 1
73 1
74 1
75 1
76 2
77 2
78 1
79 1
80 3
81 4
82 1
83 2
84 1
85 3
86 3
87 2
88 3
89 3
90 2
91 2
92 3
93 4
94 3
95 3
96 1
97 1
98 0
99 1
100 2
101 2
102 3
103 4
104 4
105 2
106 3
107 2
108 1
109 2
110 4
111 2
112 1
113 1
114 0
115 2
116 1
117 0
118 1
119 0
120 2
121 2
122 2
123 2
124 2
125 2
126 1
127 0
128 0
129 1
130 1
131 0
132 1
133 0
134 0
135 1
136 1
137 0
138 0
139 1
140 1
141 0
142 1
143 0
144 0
145 1
146 0
147 1
148 0
149 1
150 1
151 1
152 2
153 1
154 0
155 1
156 1
157 2
158 0
159 1
160 0
161 0
162 2
163 2
164 2
165 0
166 1
167 0
168 0
169 4
170 2
171 2
172 0
173 1
174 0
175 1
176 0
177 0
178 0
179 2
180 2
181 1
182 0
183 0
184 1
185 1
186 0
187 0
188 2
189 0
190 1
191 2
192 2
193 1
194 1
195 1
196 1
197 0
198 2
199 2
200 1
201 1
202 2
203 1
204 2
205 1
206 0
207 1
208 3
209 1
210 0
211 3
212 3
213 2
214 2
215 1
216 2
217 1
218 1
219 1
220 3
221 0
222 1
223 1
224 2
225 1
226 3
227 2
228 0
229 2
230 1
231 3
232 2
233 2
234 3
235 2
236 3
237 0
238 0
239 2
240 0
241 1
242 1
243 3
244 0
245 1
246 1
247 3
248 1
249 1
250 0
251 2
252 1
253 1
254 0
255 1
256 0
257 3
258 2
259 0
260 0
261 2
262 3
263 1
264 5
265 2
266 1
267 1
268 3
269 2
270 1
271 4
272 1
273 1
274 4
275 1
276 0
277 2
278 2
279 0
280 1
281 1
282 1
283 0
284 2
285 3
286 0
287 2
288 0
289 0
290 0
291 1
292 0
293 0
294 2
295 0
296 1
297 1
298 0
299 2
300 1
301 2
302 2
303 1
304 1
305 1
306 2
307 1
308 0
309 0
310 0
311 0
312 0
313 1
314 2
315 1
316 1
317 0
318 0
319 1
320 3
321 0
322 0
323 1
324 1
325 0
326 0
327 1
328 1
329 1
330 1
331 0
332 0
333 0
334 1
335 0
336 1
337 0
338 0
339 1
340 0
341 0
342 0
343 0
344 0
345 0
346 1
347 0
348 1
349 1
350 1
351 1
352 1
353 0
354 2
355 0
356 2
357 0
358 2
359 1
360 1
361 1
362 1
363 0
364 0
365 0
366 2
367 0
368 1
369 1
370 0
371 1
372 0
373 1
374 0
375 1
376 2
377 2
378 1
379 1
380 1
381 1
382 3
383 3
384 1
385 1
386 0
387 1
388 2
389 2
390 1
391 2
392 0
393 1
394 1
395 1
396 0
397 0
398 2
399 0
400 1
401 1
402 1
403 0
404 0
405 0
406 1
407 2
408 0
409 2
410 0
411 0
412 0
413 1
414 2
415 0
416 0
417 0
418 1
419 0
420 0
421 1
422 1
423 1
424 0
425 0
426 1
427 1
428 1
429 0
430 0
431 0
432 0
433 1
434 2
435 2
436 2
437 1
438 0
439 0
440 0
441 1
442 1
443 2
444 0
445 1
446 1
447 1
448 0
449 1
450 1
451 0
452 1
453 0
454 2
455 1
456 2
457 2
458 2
459 1
460 2
461 1
462 1
463 1
464 1
465 1
466 0
467 0
468 1
469 0
470 0
471 2
472 0
473 2
474 1
475 0
476 0
477 1
478 0
479 3
480 2
481 0
482 3
483 0
484 0
485 0
486 0
487 0
488 1
489 1
490 1
491 2
492 1
493 3
494 2
495 0
496 1
497 1
498 1
499 3
500 3
501 2
502 2
503 1
504 0
505 3
506 1
507 2
508 2
509 2
510 4
511 5
512 1
513 2
514 2
515 1
516 3
517 2
518 1
519 2
520 2
521 2
522 1
523 1
524 2
525 0
526 2
527 3
528 2
529 2
530 2
531 3
532 0
533 1
534 0
535 2
536 4
537 1
538 4
539 2
540 1
541 0
542 3
543 1
544 2
545 1
546 1
547 1
548 2
549 3
550 1
551 0
552 3
553 1
554 1
555 1
556 1
557 3
558 2
559 3
560 1
561 0
562 2
563 3
564 2
565 1
566 3
567 2
568 1
569 1
570 2
571 2
572 3
573 4
574 1
575 2
576 2
577 2
578 2
579 4
580 2
581 2
582 2
583 3
584 2
585 1
586 1
587 1
588 1
589 2
590 1
591 2
592 0
593 2
594 1
595 1
596 1
597 0
598 0
599 0
600 2
601 0
602 3
603 3
604 1
605 1
606 1
607 1
608 2
609 2
610 0
611 1
612 1
613 0
614 2
615 1
616 0
617 2
618 0
619 0
620 1
621 1
622 0
623 1
624 2
625 1
626 2
627 1
628 1
629 1
630 2
631 1
632 1
633 1
634 1
635 1
636 0
637 2
638 1
639 1
640 1
641 1
642 0
643 1
644 3
645 1
646 1
647 2
648 1
649 2
650 4
651 3
652 1
653 0
654 2
655 1
656 1
657 4
658 3
659 4
660 2
661 1
662 1
663 4
664 2
665 3
666 3
667 1
668 1
669 2
670 0
671 0
672 2
673 2
674 2
675 3
676 2
677 3
678 2
679 2
680 2
681 0
682 2
683 1
684 1
685 0
686 0
687 2
688 2
689 1
690 1
691 3
692 1
693 1
694 0
695 0
696 1
697 0
698 0
699 0
700 0
701 0
702 0
703 0
704 0
705 0
706 2
707 1
708 1
709 1
710 0
711 0
712 1
713 1
714 1
715 1
716 0
717 1
718 1
719 3
720 1
721 0
722 1
723 1
724 0
725 3
726 2
727 1
728 1
729 0
730 0
731 1
732 0
733 2
734 2
735 2
736 1
737 2
738 1
739 2
740 0
741 0
742 1
743 0
744 0
745 0
746 1
747 0
748 1
749 0
750 2
751 1
752 1
753 0
754 2
755 0
756 2
757 0
758 0
759 1
760 1
761 1
762 0
763 0
764 0
765 1
766 0
767 0
768 0
769 1
770 2
771 2
772 3
773 0
774 1
775 1
776 0
777 0
778 2
779 0
780 0
781 1
782 0
783 1
784 2
785 0
786 1
787 0
788 1
789 1
790 0
791 0
792 2
793 0
794 0
795 0
796 0
797 0
798 1
799 1
800 0
801 0
802 1
803 1
804 0
805 0
806 0
807 2
808 0
809 0
810 1
811 0
812 1
813 0
814 0
815 1
816 1
817 1
818 2
819 0
820 0
821 0
822 2
823 1
824 0
825 1
826 2
827 2
828 1
829 0
830 1
831 0
832 1
833 1
834 2
835 1
836 0
837 2
838 1
839 3
840 1
841 1
842 1
843 0
844 1
845 2
846 1
847 2
848 0
849 0
850 2
851 2
852 1
853 2
854 1
855 3
856 2
857 1
858 0
859 1
860 0
861 3
862 0
863 0
864 0
865 1
866 2
867 2
868 0
869 1
870 2
871 1
872 1
873 3
874 4
875 4
876 1
877 2
878 0
879 0
880 4
881 2
882 2
883 5
884 2
885 1
886 1
887 1
888 2
889 1
890 3
891 1
892 1
893 2
894 3
895 2
896 2
897 3
898 3
899 3
900 3
901 1
902 3
903 1
904 1
905 0
906 0
907 3
908 0
909 2
910 2
911 1
912 0
913 1
914 4
915 1
916 4
917 2
918 2
919 2
920 0
921 2
922 0
923 0
924 1
925 1
926 2
927 1
928 1
929 2
930 2
931 2
932 1
933 2
934 1
935 3
936 1
937 1
938 3
939 2
940 1
941 1
942 2
943 1
944 3
945 2
946 0
947 3
948 0
949 1
950 1
951 2
952 1
953 1
954 0
955 2
956 1
957 0
958 1
959 1
960 1
961 0
962 0
963 1
964 2
965 0
966 3
967 2
968 0
969 1
970 1
971 0
972 1
973 0
974 0
975 0
976 1
977 1
978 0
979 1
980 0
981 4
982 0
983 0
984 0
985 1
986 1
987 1
988 0
989 1
990 1
991 0
992 1
993 0
994 0
995 0
996 0
997 0
998 2
999 0
1000 2
1001 1
1002 1
1003 1
1004 0
1005 2
1006 0
1007 2
1008 1
1009 0
1010 0
1011 0
1012 0
1013 1
1014 0
1015 1
1016 2
1017 0
1018 0
1019 1
1020 1
1021 2
1022 0
1023 1
1024 1
1025 0
1026 0
1027 1
1028 1
1029 1
1030 1
1031 1
1032 2
1033 1
1034 2
1035 3
1036 2
1037 0
1038 5
1039 4
1040 1
1041 4
1042 1
1043 3
1044 1
1045 3
1046 1
1047 2
1048 2
1049 0
1050 2
1051 0
1052 2
1053 2
1054 1
1055 3
1056 1
1057 2
1058 2
1059 0
1060 1
1061 1
1062 2
1063 1
1064 1
1065 1
1066 1
1067 1
1068 1
1069 0
1070 0
1071 2
1072 2
1073 2
1074 0
1075 0
1076 3
1077 3
1078 2
1079 1
1080 2
1081 2
1082 2
1083 1
1084 2
1085 1
1086 1
1087 2
1088 1
1089 4
1090 1
1091 0
1092 3
1093 3
1094 3
1095 1
1096 2
1097 5
1098 1
1099 3
1100 4
1101 0
1102 1
1103 1
1104 1
1105 1
1106 2
1107 1
1108 0
1109 4
1110 0
1111 3
1112 2
1113 2
1114 3
1115 1
1116 1
1117 0
1118 2
1119 1
1120 2
1121 0
1122 0
1123 0
1124 1
1125 2
1126 1
1127 2
1128 2
1129 1
1130 0
1131 2
1132 1
1133 2
1134 3
1135 0
1136 2
1137 3
1138 1
1139 2
1140 2
1141 3
1142 4
1143 1
1144 1
1145 2
1146 3
1147 0
1148 3
1149 1
1150 1
1151 2
1152 2
1153 2
1154 3
1155 4
1156 3
1157 3
1158 2
1159 2
1160 1
1161 0
1162 2
1163 1
1164 0
1165 3
1166 1
1167 1
1168 1
1169 2
1170 5
1171 2
1172 1
1173 3
1174 1
1175 3
1176 3
1177 4
1178 5
1179 4
1180 2
1181 3
1182 4
1183 5
1184 1
1185 1
1186 0
1187 2
1188 2
1189 3
1190 4
1191 0
1192 1
1193 1
1194 2
1195 1
1196 2
1197 3
1198 1
1199 3
1200 2
1201 2
1202 1
1203 2
1204 2
1205 1
1206 2
1207 0
1208 1
1209 3
1210 1
1211 2
1212 2
1213 2
1214 5
1215 0
1216 1
1217 2
1218 0
1219 1
1220 2
1221 1
1222 2
1223 1
1224 1
1225 2
1226 2
1227 3
1228 2
1229 5
1230 1
1231 2
1232 4
1233 3
1234 1
1235 3
1236 3
1237 0
1238 3
1239 1
1240 1
1241 1
1242 1
1243 2
1244 1
1245 3
1246 3
1247 2
1248 0
1249 3
1250 1
1251 1
1252 3
1253 4
1254 1
1255 2
1256 1
1257 2
1258 2
1259 0
1260 2
1261 1
1262 1
1263 1
1264 2
1265 2
1266 4
1267 1
1268 3
1269 1
1270 0
1271 3
1272 3
1273 2
1274 3
1275 2
1276 3
1277 4
1278 2
1279 0
1280 2
1281 4
1282 2
1283 4
1284 2
1285 1
1286 2
1287 2
1288 1
1289 2
1290 2
1291 2
1292 1
1293 0
1294 1
1295 5
1296 3
1297 1
1298 4
1299 1
1300 1
1301 1
1302 1
1303 2
1304 1
1305 2
1306 2
1307 1
1308 1
1309 2
1310 0
1311 1
1312 2
1313 1
1314 2
1315 0
1316 0
1317 2
1318 3
1319 2
1320 0
1321 0
1322 0
1323 1
1324 2
1325 3
1326 2
1327 0
1328 1
1329 2
1330 1
1331 2
1332 0
1333 0
1334 2
1335 0
1336 1
1337 3
1338 1
1339 1
1340 1
1341 3
1342 0
1343 2
1344 3
1345 0
1346 2
1347 2
1348 1
1349 0
1350 1
1351 3
1352 0
1353 0
1354 0
1355 0
1356 2
1357 0
1358 1
1359 2
1360 1
1361 3
1362 0
1363 4
1364 3
1365 1
1366 0
1367 2
1368 0
1369 3
1370 3
1371 1
1372 2
1373 2
1374 2
1375 2
1376 0
1377 2
1378 1
1379 2
1380 0
1381 3
1382 4
1383 1
1384 0
1385 2
1386 1
1387 1
1388 1
1389 2
1390 1
1391 2
1392 0
1393 1
1394 1
1395 2
1396 3
1397 1
1398 1
1399 1
1400 0
1401 3
1402 2
1403 1
1404 1
1405 0
1406 2
1407 1
1408 1
1409 1
1410 1
1411 2
1412 1
1413 2
1414 2
1415 0
1416 2
1417 1
1418 3
1419 1
1420 1
1421 1
1422 0
1423 1
1424 1
1425 1
1426 1
1427 1
1428 1
1429 1
1430 0
1431 0
1432 1
1433 1
1434 1
1435 0
1436 1
1437 0
1438 2
1439 1
1440 1
1441 1
1442 2
1443 0
1444 1
1445 1
1446 0
1447 1
1448 0
1449 0
1450 2
1451 1
1452 3
1453 2
1454 0
1455 2
1456 3
1457 2
1458 0
1459 3
1460 1
1461 3
1462 3
1463 3
1464 1
1465 1
1466 0
1467 0
1468 1
1469 5
1470 3
1471 1
1472 2
1473 2
1474 2
1475 1
1476 2
1477 1
1478 0
1479 2
1480 0
1481 0
1482 2
1483 1
1484 1
1485 1
1486 1
1487 2
1488 1
1489 0
1490 2
1491 0
1492 1
1493 0
1494 0
1495 0
1496 1
1497 2
1498 1
1499 1
1500 1
1501 2
1502 0
1503 1
1504 0
1505 0
1506 1
1507 1
1508 0
1509 0
1510 0
1511 1
1512 0
1513 2
1514 0
1515 1
1516 1
1517 0
1518 0
1519 3
1520 0
1521 0
1522 1
1523 0
1524 0
1525 1
1526 2
1527 1
1528 1
1529 0
1530 0
1531 0
1532 1
1533 0
1534 0
1535 0
1536 2
1537 1
1538 1
1539 0
1540 1
1541 0
1542 3
1543 0
1544 0
1545 1
1546 1
1547 0
1548 0
1549 0
1550 0
1551 0
1552 0
1553 0
1554 0
1555 1
1556 0
1557 0
1558 1
1559 2
1560 0
1561 0
1562 2
1563 0
1564 1
1565 1
1566 0
1567 1
1568 1
1569 0
1570 0
1571 0
1572 1
1573 1
1574 1
1575 0
1576 1
1577 0
1578 2
1579 1
1580 0
1581 0
1582 0
1583 0
1584 1
1585 0
1586 1
1587 0
1588 0
1589 1
1590 0
1591 1
1592 0
1593 0
1594 0
1595 0
1596 0
1597 0
1598 0
1599 1
1600 0
1601 0
1602 0
1603 0
1604 0
1605 1
1606 0
1607 0
1608 3
1609 1
1610 0
1611 0
1612 0
1613 0
1614 2
1615 1
1616 0
1617 0
1618 0
1619 1
1620 0
1621 2
1622 0
1623 0
1624 1
1625 2
1626 0
1627 0
1628 0
1629 0
1630 0
1631 1
1632 1
1633 1
1634 0
1635 1
1636 0
1637 1
1638 2
1639 0
1640 1
1641 0
1642 1
1643 1
1644 1
1645 1
1646 0
1647 1
1648 0
1649 0
1650 1
1651 0
1652 0
1653 0
1654 0
1655 1
1656 1
1657 1
1658 0
1659 1
1660 1
1661 0
1662 2
1663 1
1664 1
1665 0
1666 0
1667 1
1668 0
1669 0
1670 0
1671 1
1672 0
1673 0
1674 1
1675 1
1676 0
1677 0
1678 0
1679 0
1680 0
1681 1
1682 0
1683 1
1684 0
1685 1
1686 1
1687 0
1688 0
1689 0
1690 0
1691 0
1692 0
1693 1
1694 0
1695 0
1696 0
1697 0
1698 1
1699 1
1700 0
1701 0
1702 0
1703 0
1704 0
1705 1
1706 1
1707 1
1708 0
1709 0
1710 1
1711 1
1712 0
1713 0
1714 0
1715 1
1716 0
1717 0
1718 0
1719 0
1720 1
1721 1
1722 0
1723 0
1724 0
1725 0
1726 0
1727 0
1728 0
1729 0
1730 0
1731 0
1732 0
1733 1
1734 0
1735 0
1736 0
1737 0
1738 1
1739 1
1740 0
1741 2
1742 0
1743 0
1744 0
1745 0
1746 0
1747 0
1748 0
1749 0
1750 0
1751 0
1752 0
1753 0
1754 0
1755 0
1756 0
1757 0
1758 0
1759 1
1760 0
1761 0
1762 1
1763 0
1764 0
1765 0
1766 1
1767 1
1768 0
1769 1
1770 1
1771 0
1772 0
1773 1
1774 0
1775 1
1776 1
1777 0
1778 0
1779 0
1780 0
1781 1
1782 1
1783 0
1784 0
1785 1
1786 0
1787 0
1788 1
1789 0
1790 0
1791 0
1792 0
1793 0
1794 0
1795 0
1796 0
1797 0
1798 0
1799 0
1800 0
1801 0
1802 0
1803 0
1804 0
1805 0
1806 0
1807 0
1808 0
1809 1
1810 0
1811 1
1812 1
1813 0
1814 0
1815 1
1816 0
1817 0
1818 0
1819 0
1820 0
1821 0
1822 0
1823 0
1824 0
1825 0
1826 0
1827 0
1828 0
1829 0
1830 0
1831 0
1832 0
1833 0
1834 0
1835 1
1836 0
1837 1
1838 0
1839 2
1840 1
1841 0
1842 0
1843 0
1844 0
1845 0
1846 0
1847 1
1848 0
1849 0
1850 1
1851 0
1852 0
1853 0
1854 1
1855 0
1856 0
1857 2
1858 1
1859 1
1860 0
1861 0
1862 2
1863 2
1864 2
1865 1
1866 0
1867 0
1868 1
1869 2
1870 1
1871 0
1872 2
1873 0
1874 0
1875 1
1876 1
1877 1
1878 1
1879 0
1880 0
1881 2
1882 0
1883 2
1884 1
1885 0
1886 3
1887 3
1888 0
1889 1
1890 0
1891 1
1892 0
1893 0
1894 0
1895 0
1896 0
1897 1
1898 0
1899 1
1900 1
1901 0
1902 1
1903 0
1904 0
1905 1
1906 0
1907 1
1908 1
1909 0
1910 0
1911 1
1912 0
1913 0
1914 0
1915 0
1916 0
1917 0
1918 0
1919 0
1920 0
1921 0
1922 0
1923 0
1924 0
1925 0
1926 0
1927 0
1928 1
1929 1
1930 0
1931 0
1932 2
1933 0
1934 2
1935 0
1936 0
1937 2
1938 1
1939 1
1940 3
1941 1
1942 0
1943 0
1944 1
1945 0
1946 3
1947 0
1948 0
1949 0
1950 0
1951 0
1952 1
1953 2
1954 0
1955 1
1956 0
1957 1
1958 2
1959 1
1960 1
1961 0
1962 0
1963 1
1964 0
1965 0
1966 1
1967 0
1968 2
1969 2
1970 1
1971 1
1972 0
1973 0
1974 1
1975 0
1976 0
1977 0
1978 1
1979 0
1980 0
1981 0
1982 0
1983 1
1984 1
1985 1
1986 1
1987 1
1988 0
1989 0
1990 0
1991 1
1992 0
1993 2
1994 1
1995 0
1996 1
1997 2
1998 0
1999 1
2000 1
2001 0
2002 0
2003 0
2004 1
2005 0
2006 1
2007 1
2008 2
2009 3
2010 1
2011 1
2012 0
2013 1
2014 1
2015 2
2016 2
2017 0
2018 1
2019 0
2020 1
2021 1
2022 1
2023 1
2024 1
2025 0
2026 3
2027 1
2028 3
2029 1
2030 1
2031 0
2032 1
2033 2
2034 1
2035 0
2036 0
2037 1
2038 1
2039 3
2040 1
2041 0
2042 3
2043 1
2044 0
2045 2
2046 2
2047 2
2048 2
2049 1
2050 1
2051 3
2052 1
2053 0
2054 1
2055 0
2056 2
2057 3
2058 2
2059 1
2060 0
2061 0
2062 2
2063 2
2064 0
2065 1
2066 1
2067 2
2068 1
2069 1
2070 1
2071 1
2072 1
2073 2
2074 1
2075 2
2076 1
2077 2
2078 1
2079 0
2080 2
2081 1
2082 0
2083 0
2084 1
2085 0
2086 1
2087 1
2088 2
2089 0
2090 1
2091 0
2092 0
2093 2
2094 0
2095 3
2096 2
2097 0
2098 1
2099 0
2100 1
2101 0
2102 0
2103 0
2104 0
2105 0
2106 1
2107 1
2108 0
2109 1
2110 3
2111 1
2112 0
2113 1
2114 4
2115 1
2116 0
2117 0
2118 2
2119 3
2120 2
2121 4
2122 1
2123 2
2124 1
2125 2
2126 0
2127 1
2128 3
2129 1
2130 1
2131 1
2132 2
2133 0
2134 1
2135 0
2136 3
2137 1
2138 2
2139 1
2140 1
2141 1
2142 2
2143 0
2144 1
2145 0
2146 0
2147 1
2148 1
2149 1
2150 0
2151 0
2152 0
2153 1
2154 3
2155 1
2156 1
2157 1
2158 2
2159 0
2160 0
2161 2
2162 1
2163 1
2164 0
2165 2
2166 3
2167 3
2168 3
2169 1
2170 2
2171 2
2172 2
2173 2
2174 0
2175 5
2176 1
2177 1
2178 2
2179 2
2180 4
2181 2
2182 1
2183 1
2184 1
2185 0
2186 1
2187 1
2188 2
2189 0
2190 3
2191 1
2192 1
2193 1
2194 3
2195 1
2196 4
2197 1
2198 3
2199 1
2200 1
2201 0
2202 1
2203 1
2204 2
2205 3
2206 0
2207 2
2208 1
2209 1
2210 1
2211 1
2212 3
2213 2
2214 1
2215 1
2216 0
2217 3
2218 0
2219 1
2220 0
2221 3
2222 2
2223 2
2224 2
2225 0
2226 0
2227 1
2228 2
2229 1
2230 3
2231 1
2232 3
2233 2
2234 2
2235 3
2236 0
2237 1
2238 0
2239 0
2240 2
2241 2
2242 1
2243 1
2244 2
2245 0
2246 1
2247 1
2248 2
2249 1
2250 1
2251 1
2252 3
2253 3
2254 1
2255 1
2256 2
2257 3
2258 0
2259 2
2260 3
2261 3
2262 1
2263 1
2264 2
2265 3
2266 0
2267 1
2268 2
2269 0
2270 2
2271 0
2272 3
2273 1
2274 2
2275 1
2276 1
2277 1
2278 1
2279 2
2280 1
2281 2
2282 2
2283 0
2284 2
2285 2
2286 3
2287 0
2288 1
2289 0
2290 0
2291 3
2292 0
2293 0
2294 2
2295 1
2296 2
2297 0
2298 2
2299 2
2300 2
2301 0
2302 3
2303 2
2304 4
2305 4
2306 2
2307 3
2308 2
2309 1
2310 0
2311 0
2312 2
2313 1
2314 2
2315 1
2316 1
2317 0
2318 2
2319 3
2320 4
2321 0
2322 2
2323 0
2324 0
2325 3
2326 0
2327 1
2328 1
2329 0
2330 0
2331 1
2332 1
2333 1
2334 0
2335 1
2336 1
2337 1
2338 0
2339 0
2340 2
2341 1
2342 0
2343 0
2344 1
2345 0
2346 2
2347 1
2348 0
2349 1
2350 0
2351 1
2352 1
2353 2
2354 2
2355 2
2356 2
2357 1
2358 1
2359 3
2360 3
2361 0
2362 1
2363 2
2364 1
2365 1
2366 1
2367 1
2368 0
2369 1
2370 0
2371 0
2372 1
2373 0
2374 1
2375 1
2376 2
2377 1
2378 0
2379 3
2380 0
2381 3
2382 3
2383 0
2384 1
2385 1
2386 1
2387 2
2388 2
2389 1
2390 0
2391 3
2392 1
2393 2
2394 1
2395 4
2396 0
2397 1
2398 1
2399 4
2400 2
2401 1
2402 1
2403 2
2404 1
2405 0
2406 3
2407 1
2408 4
2409 0
2410 2
2411 2
2412 3
2413 1
2414 2
2415 0
2416 0
2417 0
2418 2
2419 1
2420 1
2421 2
2422 0
2423 3
2424 1
2425 2
2426 1
2427 1
2428 2
2429 1
2430 2
2431 1
2432 1
2433 0
2434 1
2435 0
2436 3
2437 2
2438 1
2439 0
2440 0
2441 1
2442 0
2443 0
2444 1
2445 0
2446 1
2447 1
2448 2
2449 1
2450 2
2451 1
2452 1
2453 3
2454 1
2455 2
2456 0
2457 3
2458 0
2459 1
2460 1
2461 3
2462 1
2463 2
2464 1
2465 2
2466 0
2467 2
2468 1
2469 0
2470 1
2471 0
2472 4
2473 1
2474 1
2475 1
2476 1
2477 2
2478 1
2479 0
2480 1
2481 0
2482 1
2483 0
2484 1
2485 2
2486 1
2487 2
2488 1
2489 0
2490 2
2491 2
2492 0
2493 0
2494 0
2495 1
2496 1
2497 2
2498 0
2499 0
2500 0
2501 1
2502 1
2503 1
2504 1
2505 2
2506 1
2507 0
2508 1
2509 2
2510 1
2511 1
2512 1
2513 2
2514 1
2515 0
2516 1
2517 1
2518 0
2519 0
2520 0
2521 3
2522 1
2523 1
2524 2
2525 1
2526 0
2527 0
2528 2
2529 1
2530 2
2531 1
2532 0
2533 1
2534 2
2535 0
2536 1
2537 2
2538 2
2539 2
2540 0
2541 1
2542 1
2543 4
2544 3
2545 1
2546 0
2547 1
2548 2
2549 2
2550 1
2551 1
2552 4
2553 2
2554 1
2555 1
2556 1
2557 0
2558 0
2559 0
2560 1
2561 0
2562 1
2563 1
2564 0
2565 1
2566 4
2567 0
2568 0
2569 1
2570 0
2571 0
2572 0
2573 0
2574 0
2575 0
2576 3
2577 1
2578 0
2579 0
2580 3
2581 2
2582 1
2583 2
2584 0
2585 0
2586 1
2587 0
2588 1
2589 0
2590 0
2591 0
2592 1
2593 1
2594 3
2595 1
2596 0
2597 0
2598 1
2599 1
2600 0
2601 1
2602 1
2603 0
2604 1
2605 0
2606 0
2607 0
2608 2
2609 1
2610 0
2611 1
2612 0
2613 0
2614 0
2615 0
2616 1
2617 0
2618 1
2619 0
2620 1
2621 0
2622 0
2623 0
2624 0
2625 0
2626 1
2627 0
2628 2
2629 0
2630 1
2631 1
2632 3
2633 0
2634 2
2635 0
2636 0
2637 1
2638 0
2639 2
2640 1
2641 0
2642 0
2643 0
2644 0
2645 0
2646 0
2647 0
2648 0
2649 0
2650 0
2651 1
2652 0
2653 0
2654 0
2655 1
2656 1
2657 1
2658 0
2659 1
2660 0
2661 0
2662 1
2663 0
2664 1
2665 0
2666 1
2667 0
2668 1
2669 0
2670 0
2671 1
2672 0
2673 0
2674 0
2675 0
2676 1
2677 1
2678 1
2679 1
2680 0
2681 0
2682 0
2683 0
2684 1
2685 0
2686 0
2687 2
2688 0
2689 1
2690 0
2691 1
2692 0
2693 0
2694 0
2695 0
2696 0
2697 0
2698 0
2699 2
2700 1
2701 1
2702 0
2703 0
2704 1
2705 0
2706 1
2707 0
2708 1
2709 0
2710 0
2711 0
2712 1
2713 0
2714 2
2715 0
2716 0
2717 1
2718 1
2719 0
2720 1
2721 1
2722 2
2723 1
2724 0
2725 1
2726 0
2727 0
2728 0
2729 2
2730 1
2731 0
2732 0
2733 0
2734 1
2735 1
2736 1
2737 0
2738 0
2739 0
2740 1
2741 1
2742 0
2743 0
2744 0
2745 0
2746 4
2747 1
2748 1
2749 0
2750 0
2751 1
2752 0
2753 1
2754 1
2755 1
2756 0
2757 0
2758 0
2759 1
2760 0
2761 1
2762 0
2763 0
2764 1
2765 0
2766 0
2767 1
2768 0
2769 1
2770 1
2771 0
2772 0
2773 0
2774 1
2775 1
2776 0
2777 0
2778 0
2779 1
2780 0
2781 0
2782 1
2783 1
2784 0
2785 0
2786 0
2787 0
2788 0
2789 1
2790 0
2791 1
2792 1
2793 0
2794 1
2795 0
2796 1
2797 2
2798 2
2799 0
2800 0
2801 0
2802 2
2803 0
2804 0
2805 0
2806 0
2807 1
2808 0
2809 0
2810 0
2811 0
2812 0
2813 0
2814 1
2815 0
2816 0
2817 1
2818 1
2819 2
2820 1
2821 0
2822 1
2823 1
2824 1
2825 2
2826 2
2827 1
2828 0
2829 0
2830 2
2831 2
2832 0
2833 0
2834 0
2835 1
2836 0
2837 0
2838 0
2839 1
2840 0
2841 1
2842 1
2843 1
2844 1
2845 0
2846 0
2847 0
2848 0
2849 1
2850 0
2851 0
2852 0
2853 0
2854 0
2855 0
2856 2
2857 1
2858 0
2859 1
2860 2
2861 0
2862 1
2863 1
2864 0
2865 0
2866 1
2867 2
2868 0
2869 1
2870 1
2871 1
2872 1
2873 1
2874 0
2875 0
2876 2
2877 1
2878 0
2879 0
2880 3
2881 0
2882 0
2883 0
2884 0
2885 1
2886 1
2887 2
2888 1
2889 1
2890 1
2891 2
2892 2
2893 0
2894 1
2895 1
2896 0
2897 0
2898 0
2899 2
2900 1
2901 1
2902 1
2903 1
2904 1
2905 0
2906 1
2907 2
2908 1
2909 1
2910 0
2911 2
2912 1
2913 1
2914 1
2915 0
2916 0
2917 1
2918 0
2919 0
2920 1
2921 0
2922 1
2923 1
2924 1
2925 0
2926 1
2927 0
2928 1
2929 2
2930 0
2931 0
2932 1
2933 0
2934 1
2935 2
2936 3
2937 2
2938 0
2939 1
2940 2
2941 1
2942 3
2943 2
2944 1
2945 0
2946 1
2947 2
2948 1
2949 1
2950 0
2951 1
2952 2
2953 1
2954 2
2955 1
2956 1
2957 1
2958 3
2959 1
2960 2
2961 2
2962 2
2963 0
2964 1
2965 1
2966 1
2967 1
2968 1
2969 2
2970 2
2971 1
2972 2
2973 2
2974 4
2975 2
2976 1
2977 1
2978 1
2979 1
2980 1
2981 2
2982 1
2983 0
2984 0
2985 1
2986 1
2987 1
2988 2
2989 0
2990 2
2991 0
2992 0
2993 1
2994 1
2995 0
2996 1
2997 0
2998 0
2999 2
3000 2
3001 2
3002 0
3003 0
3004 1
3005 0
3006 1
3007 1
3008 0
3009 0
3010 0
3011 0
3012 0
3013 0
3014 0
3015 0
3016 1
3017 1
3018 0
3019 0
3020 0
3021 0
3022 1
3023 0
3024 0
3025 0
3026 0
3027 0
3028 1
3029 2
3030 1
3031 2
3032 0
3033 0
3034 0
3035 0
3036 0
3037 0
3038 0
3039 1
3040 0
3041 2
3042 2
3043 0
3044 1
3045 2
3046 0
3047 0
3048 2
3049 1
3050 1
3051 0
3052 2
3053 1
3054 2
3055 2
3056 2
3057 0
3058 1
3059 3
3060 1
3061 0
3062 2
3063 2
3064 0
3065 1
3066 1
3067 2
3068 0
3069 2
3070 0
3071 0
3072 0
3073 0
3074 1
3075 1
3076 1
3077 0
3078 0
3079 0
3080 0
3081 0
3082 0
3083 0
3084 0
3085 0
3086 0
3087 0
3088 1
3089 1
3090 1
3091 1
3092 0
3093 1
3094 1
3095 1
3096 0
3097 1
3098 0
3099 1
3100 2
3101 0
3102 0
3103 0
3104 1
3105 2
3106 0
3107 0
3108 3
3109 1
3110 0
3111 0
3112 1
3113 0
3114 2
3115 1
3116 1
3117 0
3118 0
3119 2
3120 2
3121 1
3122 2
3123 0
3124 1
3125 2
3126 2
3127 0
3128 1
3129 1
3130 0
3131 1
3132 0
3133 1
3134 0
3135 4
3136 3
3137 3
3138 1
3139 1
3140 0
3141 2
3142 0
3143 1
3144 0
3145 2
3146 0
3147 1
3148 1
3149 0
3150 0
3151 0
3152 0
3153 0
3154 0
3155 0
3156 0
3157 0
3158 0
3159 0
3160 0
3161 0
3162 0
3163 0
3164 0
3165 1
3166 0
3167 0
3168 0
3169 0
3170 0
3171 0
3172 1
3173 0
3174 0
3175 0
3176 0
3177 1
3178 1
3179 0
3180 0
3181 0
3182 0
3183 0
3184 0
3185 1
3186 3
3187 1
3188 2
3189 1
3190 3
3191 1
3192 1
3193 1
3194 0
3195 0
3196 0
3197 0
3198 0
3199 1
3200 0
3201 0
3202 0
3203 0
3204 0
3205 1
3206 0
3207 0
3208 1
3209 1
3210 0
3211 1
3212 0
3213 0
3214 1
3215 0
3216 0
3217 0
3218 1
3219 2
3220 0
3221 0
3222 0
3223 1
3224 2
3225 1
3226 0
3227 0
3228 1
3229 0
3230 0
3231 0
3232 1
3233 2
3234 1
3235 3
3236 1
3237 0
3238 0
3239 0
3240 4
3241 1
3242 1
3243 1
3244 0
3245 1
3246 1
3247 4
3248 0
3249 1
3250 1
3251 1
3252 1
3253 1
3254 1
3255 1
3256 2
3257 3
3258 2
3259 2
3260 1
3261 1
3262 3
3263 0
3264 3
3265 2
3266 2
3267 2
3268 2
3269 1
3270 2
3271 0
3272 1
3273 0
3274 3
3275 1
3276 1
3277 3
3278 0
3279 2
3280 2
3281 0
3282 0
3283 0
3284 1
3285 1
3286 1
3287 1
3288 1
3289 1
3290 1
3291 3
3292 2
3293 0
3294 1
3295 1
3296 2
3297 1
3298 1
3299 0
3300 2
3301 1
3302 0
3303 1
3304 1
3305 1
3306 1
3307 0
3308 1
3309 0
3310 1
3311 2
3312 3
3313 1
3314 0
3315 2
3316 0
3317 2
3318 1
3319 0
3320 0
3321 0
3322 1
3323 1
3324 2
3325 1
3326 1
3327 0
3328 0
3329 0
3330 0
3331 0
3332 1
3333 2
3334 2
3335 2
3336 0
3337 1
3338 2
3339 1
3340 1
3341 2
3342 1
3343 0
3344 1
3345 1
3346 0
3347 1
3348 2
3349 1
3350 1
3351 2
3352 0
3353 0
3354 0
3355 2
3356 0
3357 1
3358 1
3359 0
3360 3
3361 0
3362 0
3363 1
3364 0
3365 0
3366 0
3367 0
3368 0
3369 0
3370 0
3371 0
3372 1
3373 0
3374 1
3375 0
3376 0
3377 2
3378 2
3379 0
3380 1
3381 1
3382 0
3383 1
3384 0
3385 1
3386 2
3387 1
3388 2
3389 2
3390 2
3391 0
3392 0
3393 1
3394 0
3395 4
3396 3
3397 3
3398 1
3399 2
3400 2
3401 3
3402 4
3403 1
3404 0
3405 0
3406 1
3407 0
3408 1
3409 1
3410 0
3411 1
3412 0
3413 1
3414 1
3415 1
3416 0
3417 0
3418 0
3419 0
3420 0
3421 0
3422 0
3423 0
3424 0
3425 0
3426 1
3427 0
3428 0
3429 0
3430 0
3431 1
3432 1
3433 0
3434 2
3435 2
3436 1
3437 2
3438 1
3439 2
3440 1
3441 1
3442 1
3443 2
3444 0
3445 1
3446 2
3447 0
3448 1
3449 1
3450 1
3451 0
3452 0
3453 1
3454 1
3455 1
3456 0
3457 3
3458 1
3459 0
3460 3
3461 1
3462 2
3463 1
3464 2
3465 3
3466 0
3467 2
3468 0
3469 0
3470 1
3471 1
3472 2
3473 3
3474 1
3475 1
3476 1
3477 1
3478 0
3479 1
3480 1
3481 0
3482 2
3483 0
3484 1
3485 2
3486 1
3487 2
3488 3
3489 1
3490 2
3491 3
3492 0
3493 1
3494 2
3495 2
3496 0
3497 1
3498 0
3499 0
3500 0
3501 1
3502 0
3503 1
3504 0
3505 0
3506 4
3507 1
3508 1
3509 1
3510 1
3511 2
3512 1
3513 3
3514 1
3515 1
3516 2
3517 2
3518 2
3519 0
3520 1
3521 1
3522 1
3523 1
3524 1
3525 3
3526 1
3527 3
3528 0
3529 1
3530 1
3531 1
3532 0
3533 1
3534 1
3535 0
3536 2
3537 2
3538 0
3539 1
3540 0
3541 0
3542 2
3543 0
3544 2
3545 2
3546 1
3547 1
3548 1
3549 1
3550 0
3551 0
3552 0
3553 1
3554 1
3555 0
3556 1
3557 0
3558 0
3559 0
3560 1
3561 2
3562 0
3563 2
3564 0
3565 1
3566 2
3567 1
3568 0
3569 0
3570 0
3571 1
3572 1
3573 0
3574 1
3575 1
3576 1
3577 0
3578 2
3579 0
3580 0
3581 3
3582 1
3583 0
3584 3
3585 0
3586 0
3587 1
3588 2
3589 1
3590 1
3591 0
3592 0
3593 2
3594 0
3595 0
3596 1
3597 1
3598 0
3599 0
3600 1
3601 0
3602 0
3603 0
3604 0
3605 0
3606 0
3607 1
3608 0
3609 0
3610 1
3611 1
3612 0
3613 0
3614 1
3615 0
3616 1
3617 2
3618 0
3619 0
3620 0
3621 1
3622 1
3623 0
3624 0
3625 0
3626 0
3627 0
3628 1
3629 2
3630 1
3631 0
3632 0
3633 1
3634 1
3635 1
3636 0
3637 0
3638 0
3639 1
3640 0
3641 1
3642 2
3643 0
3644 3
3645 2
3646 1
3647 1
3648 0
3649 0
3650 1
3651 2
3652 1
3653 1
3654 0
3655 2
3656 0
3657 1
3658 1
3659 0
3660 0
3661 1
3662 0
3663 1
3664 1
3665 1
3666 0
3667 0
3668 0
3669 0
3670 1
3671 1
3672 1
3673 1
3674 1
3675 1
3676 0
3677 3
3678 0
3679 0
3680 1
3681 0
3682 2
3683 0
3684 0
3685 1
3686 1
3687 0
3688 1
3689 0
3690 2
3691 0
3692 4
3693 3
3694 0
3695 1
3696 2
3697 2
3698 2
3699 0
3700 1
3701 1
3702 1
3703 4
3704 0
3705 0
3706 6
3707 0
3708 0
3709 1
3710 0
3711 0
3712 0
3713 2
3714 3
3715 2
3716 4
3717 1
3718 2
3719 3
3720 3
3721 2
3722 1
3723 2
3724 0
3725 1
3726 3
3727 1
3728 1
3729 1
3730 4
3731 1
3732 0
3733 1
3734 1
3735 0
3736 1
3737 1
3738 2
3739 2
3740 0
3741 3
3742 4
3743 3
3744 1
3745 0
3746 1
3747 1
3748 3
3749 1
3750 2
3751 2
3752 1
3753 0
3754 2
3755 1
3756 0
3757 2
3758 2
3759 0
3760 2
3761 1
3762 1
3763 0
3764 3
3765 2
3766 1
3767 2
3768 1
3769 3
3770 1
3771 0
3772 0
3773 3
3774 1
3775 2
3776 1
3777 1
3778 0
3779 1
3780 0
3781 1
3782 0
3783 2
3784 3
3785 1
3786 2
3787 0
3788 1
3789 3
3790 0
3791 0
3792 1
3793 0
3794 1
3795 0
3796 1
3797 1
3798 2
3799 0
3800 2
3801 0
3802 0
3803 1
3804 0
3805 0
3806 0
3807 1
3808 0
3809 0
3810 0
3811 2
3812 1
3813 0
3814 1
3815 0
3816 0
3817 0
3818 1
3819 1
3820 0
3821 2
3822 1
3823 1
3824 0
3825 0
3826 0
3827 1
3828 0
3829 0
3830 1
3831 0
3832 1
3833 1
3834 2
3835 1
3836 0
3837 1
3838 1
3839 0
3840 0
3841 2
3842 1
3843 0
3844 2
3845 1
3846 0
3847 0
3848 0
3849 2
3850 2
3851 1
3852 0
3853 0
3854 0
3855 0
3856 2
3857 2
3858 0
3859 3
3860 1
3861 1
3862 2
3863 1
3864 1
3865 1
3866 2
3867 0
3868 0
3869 1
3870 0
3871 2
3872 0
3873 0
3874 0
3875 1
3876 0
3877 2
3878 0
3879 1
3880 1
3881 0
3882 0
3883 2
3884 1
3885 1
3886 1
3887 2
3888 1
3889 1
3890 1
3891 1
3892 0
3893 0
3894 2
3895 0
3896 0
3897 0
3898 1
3899 0
3900 0
3901 1
3902 0
3903 0
3904 1
3905 1
3906 1
3907 0
3908 2
3909 0
3910 0
3911 0
3912 0
3913 0
3914 1
3915 0
3916 2
3917 1
3918 3
3919 1
3920 0
3921 1
3922 0
3923 3
3924 0
3925 0
3926 1
3927 2
3928 1
3929 1
3930 1
3931 1
3932 0
3933 1
3934 1
3935 2
3936 1
3937 1
3938 1
3939 1
3940 1
3941 1
3942 1
3943 2
3944 2
3945 0
3946 0
3947 1
3948 1
3949 4
3950 0
3951 0
3952 1
3953 0
3954 2
3955 0
3956 1
3957 0
3958 1
3959 1
3960 0
3961 0
3962 0
3963 1
3964 0
3965 2
3966 2
3967 0
3968 1
3969 2
3970 1
3971 1
3972 1
3973 0
3974 1
3975 2
3976 0
3977 1
3978 0
3979 3
3980 3
3981 0
3982 1
3983 0
3984 1
3985 0
3986 1
3987 0
3988 0
3989 0
3990 0
3991 0
3992 0
3993 0
3994 0
3995 2
3996 0
3997 1
3998 0
3999 1
4000 2
4001 1
4002 1
4003 1
4004 2
4005 1
4006 0
4007 0
4008 1
4009 0
4010 0
4011 0
4012 0
4013 0
4014 0
4015 1
4016 1
4017 0
4018 1
4019 1
4020 0
4021 0
4022 1
4023 1
4024 1
4025 1
4026 2
4027 0
4028 0
4029 0
4030 1
4031 0
4032 0
4033 2
4034 1
4035 2
4036 0
4037 0
4038 0
4039 0
4040 1
4041 0
4042 0
4043 0
4044 1
4045 0
4046 1
4047 0
4048 2
4049 0
4050 0
4051 0
4052 0
4053 0
4054 0
4055 1
4056 1
4057 1
4058 0
4059 0
4060 1
4061 0
4062 1
4063 1
4064 0
4065 1
4066 0
4067 1
4068 1
4069 2
4070 0
4071 1
4072 0
4073 0
4074 0
4075 1
4076 0
4077 1
4078 0
4079 1
4080 0
4081 0
4082 0
4083 0
4084 0
4085 1
4086 1
4087 1
4088 2
4089 1
4090 0
4091 1
4092 1
4093 0
4094 0
4095 1
4096 0
4097 0
4098 1
4099 0
4100 0
4101 0
4102 0
4103 0
4104 0
4105 1
4106 2
4107 0
4108 1
4109 1
4110 1
4111 1
4112 2
4113 1
4114 0
4115 1
4116 0
4117 1
4118 1
4119 0
4120 0
4121 1
4122 0
4123 1
4124 1
4125 0
4126 0
4127 3
4128 2
4129 0
4130 0
4131 2
4132 0
4133 1
4134 1
4135 2
4136 1
4137 0
4138 1
4139 2
4140 0
4141 1
4142 1
4143 0
4144 1
4145 0
4146 1
4147 0
4148 1
4149 1
4150 0
4151 1
4152 0
4153 1
4154 0
4155 0
4156 0
4157 1
4158 1
4159 0
4160 0
4161 0
4162 0
4163 0
4164 0
4165 4
4166 1
4167 1
4168 0
4169 0
4170 0
4171 1
4172 0
4173 0
4174 0
4175 1
4176 1
4177 0
4178 0
4179 0
4180 0
4181 1
4182 0
4183 0
4184 0
4185 0
4186 0
4187 0
4188 0
4189 0
4190 1
4191 0
4192 0
4193 0
4194 0
4195 0
4196 1
4197 2
4198 0
4199 3
4200 1
4201 0
4202 1
4203 1
4204 0
4205 2
4206 3
4207 0
4208 0
4209 1
4210 0
4211 1
4212 0
4213 1
4214 1
4215 2
4216 1
4217 0
4218 2
4219 0
4220 0
4221 0
4222 0
4223 0
4224 0
4225 2
4226 0
4227 0
4228 0
4229 0
4230 0
4231 0
4232 1
4233 0
4234 0
4235 0
4236 0
4237 0
4238 0
4239 0
4240 1
4241 0
4242 1
4243 1
4244 0
4245 1
4246 1
4247 0
4248 0
4249 1
4250 3
4251 1
4252 0
4253 2
4254 0
4255 1
4256 0
4257 1
4258 0
4259 1
4260 0
4261 0
4262 1
4263 0
4264 0
4265 0
4266 0
4267 1
4268 0
4269 0
4270 1
4271 0
4272 1
4273 0
4274 0
4275 1
4276 1
4277 1
4278 1
4279 1
4280 0
4281 0
4282 0
4283 0
4284 0
4285 1
4286 0
4287 0
4288 0
4289 0
4290 1
4291 1
4292 1
4293 1
4294 0
4295 0
4296 1
4297 2
4298 2
4299 1
4300 0
4301 1
4302 0
4303 0
4304 1
4305 1
4306 1
4307 1
4308 1
4309 2
4310 0
4311 1
4312 0
4313 0
4314 0
4315 0
4316 1
4317 0
4318 1
4319 0
4320 1
4321 0
4322 1
4323 0
4324 1
4325 1
4326 0
4327 1
4328 2
4329 2
4330 2
4331 2
4332 0
4333 2
4334 0
4335 1
4336 0
4337 0
4338 0
4339 0
4340 0
4341 0
4342 1
4343 1
4344 1
4345 0
4346 1
4347 0
4348 1
4349 0
4350 0
4351 0
4352 0
4353 0
4354 0
4355 1
4356 1
4357 2
4358 0
4359 1
4360 0
4361 1
4362 1
4363 0
4364 1
4365 0
4366 0
4367 0
4368 0
4369 0
4370 0
4371 0
4372 0
4373 0
4374 0
4375 0
4376 0
4377 0
4378 1
4379 0
4380 0
4381 0
4382 0
4383 0
4384 0
4385 0
4386 0
4387 0
4388 1
4389 0
4390 0
4391 0
4392 0
4393 0
4394 0
4395 0
4396 0
4397 0
4398 0
4399 1
4400 1
4401 0
4402 0
4403 0
4404 1
4405 1
4406 0
4407 0
4408 0
4409 0
4410 0
4411 0
4412 0
4413 1
4414 0
4415 0
4416 0
4417 0
4418 0
4419 0
4420 0
4421 0
4422 0
4423 0
4424 0
4425 0
4426 0
4427 1
4428 0
4429 0
4430 0
4431 0
4432 0
4433 0
4434 0
4435 0
4436 0
4437 0
4438 0
4439 0
4440 0
4441 0
4442 0
4443 0
4444 0
4445 0
4446 0
4447 0
4448 0
4449 0
4450 0
4451 0
4452 0
4453 0
4454 0
4455 1
4456 0
4457 0
4458 0
4459 0
4460 0
4461 0
4462 0
4463 0
4464 0
4465 0
4466 0
4467 0
4468 0
4469 0
4470 0
4471 0
4472 0
4473 0
4474 0
4475 0
4476 1
4477 0
4478 0
4479 2
4480 0
4481 0
4482 0
4483 1
4484 0
4485 2
4486 2
4487 1
4488 0
4489 1
4490 0
4491 0
4492 1
4493 1
4494 2
4495 2
4496 1
4497 0
4498 2
4499 1
4500 0
4501 1
4502 0
4503 1
4504 1
4505 0
4506 2
4507 1
4508 3
4509 0
4510 1
4511 0
4512 0
4513 3
4514 0
4515 2
4516 3
4517 4
4518 2
4519 2
4520 4
4521 2
4522 1
4523 1
4524 1
4525 1
4526 0
4527 0
4528 2
4529 3
4530 1
4531 0
4532 1
4533 0
4534 1
4535 0
4536 1
4537 0
4538 1
4539 0
4540 0
4541 1
4542 0
4543 3
4544 1
4545 2
4546 1
4547 1
4548 0
4549 2
4550 1
4551 0
4552 0
4553 0
4554 1
4555 1
4556 0
4557 0
4558 1
4559 2
4560 1
4561 2
4562 1
4563 0
4564 2
4565 1
4566 1
4567 1
4568 3
4569 0
4570 2
4571 0
4572 0
4573 0
4574 0
4575 2
4576 1
4577 1
4578 2
4579 0
4580 2
4581 0
4582 0
4583 2
4584 1
4585 1
4586 0
4587 3
4588 0
4589 0
4590 2
4591 1
4592 1
4593 0
4594 0
4595 1
4596 0
4597 3
4598 0
4599 1
4600 0
4601 2
4602 1
4603 0
4604 0
4605 2
4606 2
4607 2
4608 0
4609 0
4610 1
4611 3
4612 2
4613 2
4614 1
4615 1
4616 0
4617 0
4618 3
4619 2
4620 1
4621 0
4622 0
4623 1
4624 1
4625 2
4626 1
4627 1
4628 2
4629 0
4630 2
4631 3
4632 2
4633 3
4634 1
4635 0
4636 1
4637 1
4638 2
4639 1
4640 1
4641 2
4642 2
4643 2
4644 3
4645 1
4646 1
4647 1
4648 1
4649 0
4650 0
4651 2
4652 1
4653 1
4654 2
4655 1
4656 2
4657 0
4658 0
4659 1
4660 1
4661 0
4662 3
4663 1
4664 1
4665 1
4666 1
4667 3
4668 2
4669 0
4670 2
4671 1
4672 1
4673 0
4674 2
4675 2
4676 2
4677 2
4678 0
4679 2
4680 1
4681 2
4682 1
4683 3
4684 1
4685 0
4686 1
4687 0
4688 1
4689 0
4690 0
4691 1
4692 1
4693 0
4694 2
4695 1
4696 1
4697 1
4698 0
4699 0
4700 1
4701 2
4702 1
4703 1
4704 1
4705 0
4706 0
4707 1
4708 2
4709 0
4710 1
4711 0
4712 0
4713 1
4714 1
4715 2
4716 2
4717 2
4718 0
4719 1
4720 0
4721 2
4722 1
4723 1
4724 1
4725 0
4726 1
4727 0
4728 1
4729 1
4730 1
4731 0
4732 0
4733 0
4734 1
4735 2
4736 0
4737 1
4738 1
4739 0
4740 1
4741 0
4742 0
4743 0
4744 0
4745 1
4746 0
4747 1
4748 0
4749 1
4750 2
4751 0
4752 2
4753 2
4754 0
4755 1
4756 0
4757 1
4758 0
4759 1
4760 0
4761 1
4762 2
4763 1
4764 0
4765 0
4766 2
4767 1
4768 0
4769 2
4770 4
4771 1
4772 0
4773 0
4774 1
4775 0
4776 1
4777 1
4778 2
4779 3
4780 1
4781 1
4782 2
4783 1
4784 0
4785 1
4786 0
4787 0
4788 1
4789 1
4790 1
4791 2
4792 1
4793 3
4794 0
4795 1
4796 0
4797 0
4798 3
4799 1
4800 2
4801 0
4802 1
4803 1
4804 3
4805 2
4806 3
4807 1
4808 1
4809 1
4810 0
4811 0
4812 2
4813 1
4814 0
4815 0
4816 0
4817 1
4818 1
4819 1
4820 0
4821 2
4822 1
4823 1
4824 1
4825 4
4826 1
4827 3
4828 2
4829 0
4830 1
4831 2
4832 1
4833 0
4834 1
4835 1
4836 1
4837 0
4838 2
4839 0
4840 1
4841 0
4842 1
4843 2
4844 0
4845 1
4846 2
4847 0
4848 1
4849 0
4850 1
4851 2
4852 3
4853 0
4854 0
4855 1
4856 1
4857 2
4858 0
4859 0
4860 0
4861 0
4862 1
4863 1
4864 0
4865 0
4866 3
4867 0
4868 1
4869 0
4870 0
4871 1
4872 1
4873 0
4874 1
4875 0
4876 3
4877 1
4878 1
4879 1
4880 0
4881 1
4882 1
4883 3
4884 1
4885 1
4886 1
4887 0
4888 2
4889 2
4890 1
4891 3
4892 0
4893 1
4894 2
4895 1
4896 0
4897 0
4898 0
4899 0
4900 1
4901 0
4902 0
4903 1
4904 2
4905 1
4906 1
4907 0
4908 2
4909 1
4910 0
4911 2
4912 2
4913 0
4914 2
4915 1
4916 3
4917 2
4918 1
4919 1
4920 0
4921 1
4922 0
4923 3
4924 1
4925 0
4926 0
4927 2
4928 2
4929 2
4930 2
4931 1
4932 2
4933 1
4934 0
4935 0
4936 0
4937 0
4938 0
4939 1
4940 3
4941 0
4942 3
4943 1
4944 1
4945 0
4946 0
4947 0
4948 0
4949 1
4950 1
4951 0
4952 2
4953 0
4954 0
4955 1
4956 1
4957 1
4958 0
4959 0
4960 0
4961 1
4962 0
4963 0
4964 0
4965 0
4966 1
4967 1
4968 0
4969 0
4970 2
4971 0
4972 1
4973 1
4974 1
4975 0
4976 2
4977 0
4978 0
4979 0
4980 0
4981 0
4982 1
4983 0
4984 1
4985 0
4986 1
4987 1
4988 2
4989 1
4990 0
4991 0
4992 1
4993 1
4994 2
4995 1
4996 0
4997 0
4998 0
4999 2
5000 0
5001 2
5002 1
5003 1
5004 2
5005 0
5006 2
5007 1
5008 0
5009 0
5010 0
5011 1
5012 2
5013 0
5014 2
5015 1
5016 0
5017 0
5018 0
5019 2
5020 0
5021 1
5022 0
5023 1
5024 2
5025 1
5026 0
5027 0
5028 0
5029 0
5030 0
5031 2
5032 1
5033 3
5034 0
5035 0
5036 2
5037 3
5038 2
5039 1
5040 1
5041 0
5042 1
5043 2
5044 0
5045 0
5046 0
5047 1
5048 2
5049 0
5050 1
5051 0
5052 0
5053 2
5054 2
5055 4
5056 1
5057 3
5058 1
5059 0
5060 0
5061 1
5062 2
5063 2
5064 1
5065 1
5066 0
5067 0
5068 2
5069 0
5070 1
5071 1
5072 0
5073 1
5074 1
5075 2
5076 0
5077 0
5078 0
5079 2
5080 1
5081 1
5082 2
5083 0
5084 2
5085 0
5086 1
5087 0
5088 0
5089 0
5090 0
5091 1
5092 0
5093 0
5094 0
5095 0
5096 0
5097 0
5098 0
5099 0
5100 1
5101 0
5102 2
5103 1
5104 1
5105 0
5106 0
5107 2
5108 1
5109 2
5110 1
5111 2
5112 0
5113 0
5114 1
5115 1
5116 1
5117 1
5118 1
5119 1
5120 0
5121 0
5122 0
5123 0
5124 0
5125 0
5126 0
5127 0
5128 0
5129 0
5130 0
5131 1
5132 0
5133 0
5134 1
5135 0
5136 1
5137 0
5138 1
5139 0
5140 1
5141 0
5142 0
5143 0
5144 0
5145 1
5146 0
5147 0
5148 0
5149 0
5150 0
5151 0
5152 0
5153 0
5154 1
5155 0
5156 1
5157 0
5158 1
5159 1
5160 0
5161 0
5162 1
5163 2
5164 2
5165 0
5166 0
5167 1
5168 0
5169 2
5170 0
5171 0
5172 0
5173 0
5174 0
5175 0
5176 0
5177 1
5178 0
5179 0
5180 0
5181 0
5182 1
5183 0
5184 0
5185 0
5186 0
5187 0
5188 0
5189 1
5190 0
5191 0
5192 0
5193 0
5194 0
5195 0
5196 0
5197 0
5198 0
5199 0
5200 0
5201 0
5202 0
5203 1
5204 0
5205 0
5206 0
5207 0
5208 0
5209 0
5210 0
5211 0
5212 0
5213 1
5214 0
5215 0
5216 1
5217 2
5218 1
5219 0
5220 1
5221 2
5222 1
5223 1
5224 0
5225 0
5226 2
5227 1
5228 0
5229 1
5230 1
5231 0
5232 1
5233 0
5234 1
5235 1
5236 0
5237 0
5238 1
5239 0
5240 0
5241 0
5242 0
5243 0
5244 0
5245 1
5246 0
5247 1
5248 1
5249 0
5250 0
5251 0
5252 0
5253 0
5254 1
5255 0
5256 1
5257 1
5258 1
5259 0
5260 1
5261 0
5262 1
5263 0
5264 2
5265 0
5266 0
5267 0
5268 0
5269 1
5270 2
5271 3
5272 0
5273 2
5274 1
5275 0
5276 1
5277 1
5278 0
5279 1
5280 0
5281 0
5282 0
5283 1
5284 1
5285 1
5286 1
5287 1
5288 0
5289 2
5290 1
5291 4
5292 2
5293 0
5294 1
5295 2
5296 3
5297 1
5298 1
5299 1
5300 1
5301 0
5302 0
5303 1
5304 2
5305 1
5306 0
5307 1
5308 0
5309 3
5310 2
5311 0
5312 0
5313 2
5314 2
5315 3
5316 4
5317 3
5318 0
5319 3
5320 1
5321 2
5322 2
5323 2
5324 2
5325 1
5326 1
5327 0
5328 1
5329 2
5330 2
5331 4
5332 0
5333 0
5334 1
5335 2
5336 1
5337 1
5338 0
5339 1
5340 1
5341 1
5342 0
5343 1
5344 1
5345 1
5346 0
5347 0
5348 2
5349 0
5350 1
5351 3
5352 0
5353 2
5354 0
5355 1
5356 2
5357 0
5358 2
5359 0
5360 1
5361 1
5362 1
5363 1
5364 1
5365 0
5366 0
5367 0
5368 1
5369 0
5370 0
5371 3
5372 2
5373 0
5374 2
5375 2
5376 1
5377 1
5378 2
5379 3
5380 0
5381 3
5382 0
5383 1
5384 0
5385 2
5386 3
5387 3
5388 2
5389 2
5390 1
5391 0
5392 0
5393 1
5394 2
5395 4
5396 0
5397 3
5398 1
5399 0
5400 2
5401 1
5402 0
5403 0
5404 1
5405 0
5406 4
5407 0
5408 1
5409 1
5410 0
5411 0
5412 3
5413 1
5414 0
5415 2
5416 2
5417 1
5418 0
5419 2
5420 3
5421 2
5422 1
5423 2
5424 1
5425 0
5426 2
5427 1
5428 2
5429 2
5430 0
5431 1
5432 0
5433 0
5434 1
5435 1
5436 0
5437 2
5438 0
5439 1
5440 0
5441 0
5442 2
5443 1
5444 2
5445 2
5446 1
5447 1
5448 1
5449 0
5450 2
5451 2
5452 0
5453 0
5454 0
5455 0
5456 1
5457 0
5458 0
5459 3
5460 2
5461 2
5462 2
5463 0
5464 2
5465 2
5466 2
5467 1
5468 1
5469 3
5470 1
5471 2
5472 0
5473 3
5474 0
5475 2
5476 0
5477 0
5478 2
5479 1
5480 3
5481 2
5482 2
5483 0
5484 1
5485 3
5486 1
5487 1
5488 1
5489 2
5490 2
5491 3
5492 1
5493 1
5494 2
5495 1
5496 5
5497 2
5498 0
5499 2
5500 0
5501 3
5502 1
5503 2
5504 2
5505 3
5506 1
5507 1
5508 0
5509 3
5510 0
5511 0
5512 4
5513 1
5514 1
5515 3
5516 1
5517 2
5518 0
5519 1
5520 0
5521 0
5522 0
5523 1
5524 0
5525 0
5526 1
5527 1
5528 0
5529 0
5530 0
5531 3
5532 1
5533 1
5534 0
5535 4
5536 1
5537 0
5538 3
5539 2
5540 1
5541 3
5542 3
5543 0
5544 2
5545 0
5546 0
5547 0
5548 1
5549 1
5550 0
5551 1
5552 0
5553 4
5554 1
5555 0
5556 1
5557 2
5558 2
5559 4
5560 2
5561 0
5562 0
5563 2
5564 1
5565 1
5566 4
5567 0
5568 1
5569 0
5570 2
5571 2
5572 0
5573 1
5574 1
5575 2
5576 1
5577 0
5578 0
5579 2
5580 1
5581 3
5582 1
5583 2
5584 2
5585 2
5586 1
5587 1
5588 1
5589 1
5590 2
5591 1
5592 2
5593 2
5594 0
5595 2
5596 2
5597 3
5598 5
5599 0
5600 2
5601 2
5602 6
5603 3
5604 2
5605 0
5606 2
5607 4
5608 2
5609 3
5610 1
5611 2
5612 1
5613 1
5614 1
5615 1
5616 2
5617 4
5618 1
5619 2
5620 0
5621 1
5622 2
5623 2
5624 1
5625 3
5626 0
5627 1
5628 1
5629 1
5630 1
5631 0
5632 1
5633 2
5634 0
5635 4
5636 4
5637 2
5638 1
5639 1
5640 1
5641 0
5642 1
5643 1
5644 2
5645 2
5646 1
5647 3
5648 2
5649 4
5650 2
5651 3
5652 0
5653 2
5654 0
5655 3
5656 3
5657 1
5658 0
5659 1
5660 2
5661 1
5662 1
5663 3
5664 1
5665 1
5666 1
5667 2
5668 3
5669 3
5670 0
5671 4
5672 2
5673 3
5674 1
5675 0
5676 0
5677 2
5678 0
5679 4
5680 0
5681 2
5682 3
5683 2
5684 1
5685 2
5686 4
5687 3
5688 3
5689 0
5690 4
5691 3
5692 2
5693 0
5694 2
5695 0
5696 0
5697 3
5698 1
5699 1
5700 0
5701 1
5702 2
5703 1
5704 1
5705 2
5706 2
5707 2
5708 1
5709 3
5710 1
5711 3
5712 1
5713 1
5714 2
5715 2
5716 1
5717 0
5718 1
5719 3
5720 0
5721 4
5722 2
5723 0
5724 1
5725 0
5726 1
5727 5
5728 1
5729 0
5730 0
5731 0
5732 1
5733 4
5734 0
5735 2
5736 5
5737 3
5738 4
5739 4
5740 2
5741 4
5742 1
5743 1
5744 2
5745 5
5746 2
5747 0
5748 3
5749 2
5750 2
5751 2
5752 1
5753 0
5754 1
5755 2
5756 1
5757 1
5758 3
5759 0
5760 0
5761 1
5762 2
5763 2
5764 2
5765 1
5766 1
5767 2
5768 2
5769 1
5770 3
5771 1
5772 1
5773 2
5774 2
5775 4
5776 3
5777 0
5778 0
5779 3
5780 2
5781 2
5782 3
5783 1
5784 3
5785 1
5786 5
5787 1
5788 4
5789 1
5790 2
5791 2
5792 1
5793 1
5794 2
5795 3
5796 3
5797 1
5798 0
5799 1
5800 0
5801 0
5802 1
5803 2
5804 2
5805 0
5806 1
5807 0
5808 2
5809 2
5810 1
5811 2
5812 1
5813 0
5814 3
5815 1
5816 1
5817 3
5818 0
5819 0
5820 2
5821 1
5822 4
5823 2
5824 3
5825 1
5826 1
5827 1
5828 3
5829 3
5830 1
5831 1
5832 2
5833 0
5834 0
5835 1
5836 1
5837 1
5838 5
5839 2
5840 1
5841 2
5842 0
5843 3
5844 3
5845 2
5846 1
5847 4
5848 0
5849 2
5850 0
5851 1
5852 2
5853 4
5854 1
5855 1
5856 2
5857 3
5858 2
5859 1
5860 3
5861 1
5862 2
5863 2
5864 3
5865 3
5866 1
5867 1
5868 0
5869 0
5870 2
5871 1
5872 1
5873 1
5874 1
5875 1
5876 0
5877 0
5878 1
5879 1
5880 1
5881 0
5882 3
5883 1
5884 1
5885 0
5886 1
5887 0
5888 1
5889 0
5890 1
5891 0
5892 0
5893 0
5894 0
5895 0
5896 1
5897 1
5898 0
5899 0
5900 1
5901 1
5902 0
5903 0
5904 0
5905 1
5906 0
5907 0
5908 0
5909 0
5910 0
5911 0
5912 0
5913 1
5914 2
5915 2
5916 1
5917 2
5918 0
5919 1
5920 1
5921 0
5922 0
5923 1
5924 0
5925 1
5926 2
5927 1
5928 0
5929 0
5930 0
5931 1
5932 1
5933 0
5934 0
5935 0
5936 0
5937 3
5938 2
5939 2
5940 4
5941 1
5942 2
5943 2
5944 2
5945 0
5946 0
5947 1
5948 0
5949 2
5950 2
5951 1
5952 1
5953 3
5954 1
5955 3
5956 2
5957 2
5958 2
5959 3
5960 1
5961 1
5962 4
5963 1
5964 2
5965 3
5966 0
5967 1
5968 1
5969 2
5970 2
5971 1
5972 3
5973 3
5974 0
5975 2
5976 1
5977 2
5978 1
5979 2
5980 2
5981 1
5982 1
5983 2
5984 2
5985 3
5986 0
5987 0
5988 3
5989 1
5990 2
5991 2
5992 0
5993 0
5994 1
5995 1
5996 1
5997 0
5998 0
5999 1
6000 1
6001 1
6002 1
6003 1
6004 1
6005 2
6006 1
6007 1
6008 1
6009 1
6010 0
6011 2
6012 1
6013 0
6014 2
6015 1
6016 1
6017 3
6018 0
6019 2
6020 3
6021 1
6022 1
6023 2
6024 1
6025 0
6026 1
6027 0
6028 0
6029 0
6030 1
6031 2
6032 2
6033 1
6034 1
6035 1
6036 0
6037 2
6038 2
6039 1
6040 1
6041 0
6042 1
6043 2
6044 0
6045 2
6046 1
6047 2
6048 1
6049 2
6050 2
6051 2
6052 2
6053 0
6054 0
6055 1
6056 1
6057 1
6058 4
6059 0
6060 0
6061 0
6062 0
6063 1
6064 1
6065 0
6066 1
6067 2
6068 1
6069 2
6070 1
6071 1
6072 2
6073 1
6074 1
6075 0
6076 3
6077 4
6078 0
6079 2
6080 1
6081 0
6082 3
6083 3
6084 4
6085 2
6086 2
6087 2
6088 0
6089 3
6090 0
6091 3
6092 0
6093 1
6094 1
6095 3
6096 3
6097 2
6098 2
6099 0
6100 0
6101 3
6102 1
6103 2
6104 1
6105 1
6106 1
6107 2
6108 2
6109 3
6110 0
6111 0
6112 1
6113 2
6114 2
6115 3
6116 2
6117 1
6118 1
6119 1
6120 1
6121 2
6122 1
6123 2
6124 2
6125 1
6126 1
6127 2
6128 4
6129 1
6130 2
6131 2
6132 4
6133 2
6134 3
6135 0
6136 2
6137 0
6138 0
6139 0
6140 2
6141 3
6142 2
6143 0
6144 1
6145 2
6146 1
6147 1
6148 1
6149 2
6150 0
6151 0
6152 0
6153 2
6154 1
6155 3
6156 0
6157 2
6158 2
6159 0
6160 1
6161 0
6162 0
6163 1
6164 2
6165 0
6166 1
6167 2
6168 3
6169 1
6170 0
6171 0
6172 1
6173 1
6174 2
6175 1
6176 1
6177 1
6178 2
6179 1
6180 1
6181 1
6182 2
6183 0
6184 1
6185 0
6186 1
6187 1
6188 0
6189 1
6190 1
6191 1
6192 2
6193 0
6194 1
6195 0
6196 0
6197 0
6198 0
6199 2
6200 0
6201 0
6202 0
6203 1
6204 1
6205 0
6206 0
6207 0
6208 1
6209 0
6210 1
6211 0
6212 0
6213 0
6214 0
6215 1
6216 1
6217 2
6218 2
6219 1
6220 0
6221 0
6222 1
6223 2
6224 2
6225 2
6226 0
6227 0
6228 0
6229 0
6230 1
6231 1
6232 1
6233 0
6234 0
6235 3
6236 2
6237 1
6238 1
6239 1
6240 2
6241 1
6242 0
6243 2
6244 0
6245 2
6246 3
6247 3
6248 0
6249 2
6250 1
6251 2
6252 2
6253 0
6254 1
6255 3
6256 1
6257 1
6258 0
6259 2
6260 0
6261 2
6262 1
6263 2
6264 0
6265 1
6266 1
6267 1
6268 2
6269 3
6270 3
6271 3
6272 2
6273 1
6274 2
6275 2
6276 0
6277 1
6278 0
6279 0
6280 1
6281 1
6282 1
6283 3
6284 2
6285 0
6286 4
6287 2
6288 2
6289 2
6290 2
6291 1
6292 2
6293 1
6294 2
6295 3
6296 1
6297 1
6298 1
6299 2
6300 2
6301 2
6302 3
6303 3
6304 3
6305 2
6306 2
6307 1
6308 1
6309 1
6310 1
6311 3
6312 0
6313 0
6314 1
6315 2
6316 2
6317 1
6318 1
6319 2
6320 0
6321 1
6322 3
6323 1
6324 1
6325 0
6326 2
6327 1
6328 0
6329 0
6330 2
6331 3
6332 2
6333 2
6334 1
6335 3
6336 1
6337 1
6338 2
6339 3
6340 1
6341 0
6342 1
6343 2
6344 3
6345 2
6346 1
6347 1
6348 2
6349 2
6350 0
6351 2
6352 1
6353 3
6354 1
6355 3
6356 2
6357 0
6358 0
6359 1
6360 0
6361 0
6362 0
6363 0
6364 0
6365 1
6366 2
6367 0
6368 1
6369 0
6370 0
6371 0
6372 0
6373 0
6374 1
6375 1
6376 1
6377 1
6378 1
6379 1
6380 1
6381 1
6382 1
6383 0
6384 1
6385 0
6386 1
6387 0
6388 0
6389 1
6390 0
6391 0
6392 2
6393 0
6394 1
6395 1
6396 2
6397 1
6398 1
6399 1
6400 0
6401 1
6402 0
6403 1
6404 1
6405 1
6406 0
6407 3
6408 0
6409 0
6410 2
6411 0
6412 0
6413 0
6414 1
6415 1
6416 1
6417 1
6418 1
6419 1
6420 2
6421 2
6422 2
6423 1
6424 2
6425 0
6426 2
6427 2
6428 0
6429 2
6430 0
6431 1
6432 2
6433 2
6434 2
6435 2
6436 0
6437 1
6438 0
6439 1
6440 1
6441 2
6442 0
6443 0
6444 2
6445 1
6446 4
6447 2
6448 1
6449 1
6450 2
6451 4
6452 1
6453 2
6454 2
6455 1
6456 0
6457 0
6458 0
6459 0
6460 0
6461 0
6462 4
6463 2
6464 0
6465 4
6466 2
6467 4
6468 1
6469 3
6470 0
6471 2
6472 2
6473 0
6474 2
6475 0
6476 2
6477 2
6478 2
6479 3
6480 0
6481 1
6482 1
6483 2
6484 1
6485 3
6486 0
6487 0
6488 2
6489 0
6490 0
6491 0
6492 0
6493 3
6494 4
6495 0
6496 3
6497 1
6498 1
6499 2
6500 1
6501 0
6502 2
6503 4
6504 1
6505 1
6506 2
6507 2
6508 0
6509 1
6510 0
6511 2
6512 2
6513 1
6514 0
6515 1
6516 0
6517 1
6518 1
6519 1
6520 2
6521 5
6522 1
6523 1
6524 5
6525 2
6526 1
6527 1
6528 0
6529 1
6530 0
6531 2
6532 2
6533 4
6534 2
6535 2
6536 2
6537 4
6538 0
6539 2
6540 1
6541 2
6542 3
6543 0
6544 1
6545 1
6546 1
6547 0
6548 5
6549 4
6550 2
6551 1
6552 0
6553 2
6554 0
6555 1
6556 1
6557 3
6558 1
6559 3
6560 2
6561 1
6562 1
6563 0
6564 0
6565 0
6566 1
6567 1
6568 4
6569 2
6570 3
6571 0
6572 2
6573 2
6574 2
6575 1
6576 1
6577 1
6578 2
6579 0
6580 0
6581 0
6582 1
6583 2
6584 1
6585 1
6586 2
6587 0
6588 0
6589 0
6590 0
6591 0
6592 2
6593 1
6594 1
6595 1
6596 2
6597 1
6598 1
6599 0
6600 1
6601 2
6602 2
6603 0
6604 1
6605 1
6606 2
6607 1
6608 2
6609 0
6610 0
6611 1
6612 1
6613 0
6614 2
6615 0
6616 0
6617 2
6618 0
6619 1
6620 1
6621 2
6622 0
6623 2
6624 2
6625 3
6626 1
6627 3
6628 0
6629 2
6630 1
6631 1
6632 3
6633 1
6634 1
6635 0
6636 3
6637 2
6638 0
6639 1
6640 3
6641 2
6642 0
6643 1
6644 3
6645 2
6646 1
6647 1
6648 1
6649 0
6650 0
6651 1
6652 1
6653 3
6654 0
6655 1
6656 2
6657 2
6658 2
6659 2
6660 0
6661 1
6662 2
6663 1
6664 2
6665 1
6666 1
6667 1
6668 3
6669 1
6670 1
6671 2
6672 1
6673 4
6674 2
6675 1
6676 3
6677 1
6678 3
6679 1
6680 2
6681 1
6682 3
6683 1
6684 3
6685 0
6686 0
6687 1
6688 0
6689 2
6690 0
6691 1
6692 1
6693 2
6694 2
6695 1
6696 1
6697 1
6698 0
6699 1
6700 1
6701 2
6702 2
6703 2
6704 2
6705 2
6706 1
6707 0
6708 0
6709 0
6710 0
6711 1
6712 0
6713 1
6714 3
6715 0
6716 1
6717 1
6718 0
6719 1
6720 0
6721 0
6722 1
6723 0
6724 0
6725 1
6726 1
6727 0
6728 2
6729 1
6730 2
6731 1
6732 1
6733 1
6734 1
6735 1
6736 1
6737 2
6738 1
6739 3
6740 1
6741 3
6742 1
6743 1
6744 3
6745 2
6746 0
6747 0
6748 2
6749 0
6750 2
6751 0
6752 4
6753 1
6754 0
6755 0
6756 2
6757 2
6758 1
6759 2
6760 2
6761 2
6762 1
6763 2
6764 3
6765 1
6766 3
6767 1
6768 2
6769 2
6770 1
6771 3
6772 2
6773 1
6774 3
6775 1
6776 2
6777 0
6778 2
6779 2
6780 2
6781 2
6782 2
6783 2
6784 1
6785 0
6786 0
6787 1
6788 1
6789 3
6790 3
6791 2
6792 3
6793 2
6794 2
6795 0
6796 3
6797 0
6798 3
6799 2
6800 2
6801 1
6802 1
6803 1
6804 3
6805 0
6806 2
6807 3
6808 1
6809 4
6810 0
6811 1
6812 2
6813 0
6814 2
6815 0
6816 2
6817 3
6818 2
6819 2
6820 2
6821 1
6822 0
6823 0
6824 2
6825 1
6826 0
6827 0
6828 2
6829 0
6830 1
6831 0
6832 1
6833 1
6834 1
6835 1
6836 3
6837 0
6838 0
6839 1
6840 1
6841 0
6842 0
6843 2
6844 2
6845 3
6846 1
6847 1
6848 1
6849 0
6850 0
6851 1
6852 2
6853 1
6854 2
6855 0
6856 2
6857 0
6858 1
6859 0
6860 1
6861 0
6862 0
6863 1
6864 1
6865 0
6866 0
6867 1
6868 1
6869 2
6870 1
6871 2
6872 0
6873 1
6874 0
6875 0
6876 1
6877 1
6878 0
6879 1
6880 0
6881 1
6882 1
6883 1
6884 1
6885 0
6886 0
6887 0
6888 1
6889 0
6890 0
6891 0
6892 1
6893 1
6894 1
6895 0
6896 0
6897 0
6898 0
6899 1
6900 0
6901 1
6902 1
6903 2
6904 1
6905 1
6906 0
6907 1
6908 1
6909 1
6910 1
6911 0
6912 0
6913 0
6914 1
6915 0
6916 0
6917 1
6918 1
6919 1
6920 1
6921 2
6922 0
6923 1
6924 1
6925 0
6926 2
6927 1
6928 1
6929 1
6930 3
6931 2
6932 3
6933 0
6934 1
6935 2
6936 1
6937 1
6938 0
6939 1
6940 1
6941 2
6942 0
6943 0
6944 0
6945 1
6946 1
6947 4
6948 1
6949 2
6950 2
6951 0
6952 1
6953 1
6954 1
6955 1
6956 2
6957 3
6958 2
6959 1
6960 1
6961 1
6962 2
6963 0
6964 0
6965 3
6966 1
6967 1
6968 1
6969 2
6970 1
6971 2
6972 2
6973 1
6974 0
6975 2
6976 1
6977 3
6978 2
6979 2
6980 3
6981 4
6982 2
6983 2
6984 4
6985 2
6986 2
6987 2
6988 4
6989 5
6990 0
6991 1
6992 2
6993 6
6994 2
6995 2
6996 2
6997 0
6998 3
6999 2
7000 1
7001 1
7002 3
7003 1
7004 1
7005 3
7006 2
7007 3
7008 2
7009 0
7010 0
7011 2
7012 2
7013 0
7014 0
7015 1
7016 1
7017 1
7018 0
7019 2
7020 5
7021 2
7022 1
7023 3
7024 1
7025 3
7026 2
7027 1
7028 2
7029 0
7030 3
7031 0
7032 1
7033 1
7034 1
7035 0
7036 3
7037 2
7038 0
7039 0
7040 1
7041 2
7042 1
7043 2
7044 2
7045 0
7046 0
7047 0
7048 0
7049 1
7050 3
7051 2
7052 2
7053 1
7054 2
7055 0
7056 2
7057 1
7058 2
7059 2
7060 1
7061 1
7062 1
7063 2
7064 1
7065 1
7066 3
7067 1
7068 0
7069 1
7070 2
7071 1
7072 1
7073 2
7074 3
7075 1
7076 1
7077 0
7078 1
7079 2
7080 1
7081 1
7082 2
7083 0
7084 0
7085 2
7086 0
7087 2
7088 1
7089 1
7090 2
7091 0
7092 1
7093 2
7094 1
7095 0
7096 1
7097 1
7098 0
7099 3
7100 1
7101 2
7102 2
7103 2
7104 3
7105 4
7106 3
7107 1
7108 0
7109 0
7110 1
7111 0
7112 0
7113 1
7114 1
7115 0
7116 3
7117 0
7118 1
7119 2
7120 1
7121 2
7122 3
7123 3
7124 1
7125 2
7126 4
7127 2
7128 2
7129 3
7130 1
7131 3
7132 0
7133 4
7134 2
7135 2
7136 3
7137 1
7138 0
7139 0
7140 1
7141 2
7142 1
7143 1
7144 0
7145 1
7146 1
7147 2
7148 2
7149 0
7150 2
7151 3
7152 0
7153 0
7154 0
7155 0
7156 0
7157 1
7158 2
7159 2
7160 1
7161 2
7162 1
7163 2
7164 1
7165 2
7166 3
7167 2
7168 2
7169 1
7170 2
7171 1
7172 1
7173 1
7174 0
7175 2
7176 3
7177 0
7178 2
7179 2
7180 1
7181 0
7182 2
7183 2
7184 1
7185 2
7186 1
7187 1
7188 2
7189 2
7190 1
7191 1
7192 2
7193 1
7194 0
7195 0
7196 2
7197 2
7198 1
7199 2
7200 2
7201 1
7202 2
7203 1
7204 3
7205 2
7206 2
7207 1
7208 2
7209 1
7210 2
7211 4
7212 3
7213 1
7214 0
7215 0
7216 1
7217 3
7218 2
7219 1
7220 0
7221 1
7222 2
7223 1
7224 1
7225 1
7226 2
7227 2
7228 0
7229 0
7230 1
7231 0
7232 1
7233 1
7234 2
7235 2
7236 0
7237 2
7238 2
7239 0
7240 1
7241 3
7242 2
7243 1
7244 3
7245 2
7246 1
7247 1
7248 0
7249 2
7250 2
7251 2
7252 2
7253 1
7254 3
7255 4
7256 2
7257 0
7258 3
7259 1
7260 1
7261 1
7262 1
7263 1
7264 0
7265 0
7266 1
7267 2
7268 2
7269 1
7270 1
7271 1
7272 1
7273 1
7274 2
7275 0
7276 0
7277 1
7278 1
7279 0
7280 1
7281 1
7282 0
7283 1
7284 0
7285 2
7286 1
7287 2
7288 0
7289 1
7290 1
7291 1
7292 0
7293 0
7294 0
7295 2
7296 1
7297 0
7298 0
7299 0
7300 0
7301 1
7302 0
7303 1
7304 1
7305 1
7306 1
7307 2
7308 1
7309 0
7310 0
7311 0
7312 0
7313 0
7314 1
7315 0
7316 0
7317 0
7318 0
7319 0
7320 0
7321 0
7322 0
7323 2
7324 0
7325 2
7326 0
7327 0
7328 0
7329 1
7330 0
7331 1
7332 1
7333 0
7334 0
7335 0
7336 1
7337 0
7338 1
7339 1
7340 0
7341 1
7342 1
7343 1
7344 3
7345 2
7346 2
7347 5
7348 1
7349 1
7350 1
7351 0
7352 2
7353 2
7354 1
7355 1
7356 0
7357 0
7358 1
7359 2
7360 0
7361 0
7362 0
7363 1
7364 1
7365 2
7366 3
7367 1
7368 1
7369 1
7370 2
7371 1
7372 2
7373 2
7374 1
7375 1
7376 2
7377 1
7378 1
7379 1
7380 2
7381 0
7382 0
7383 3
7384 1
7385 0
7386 0
7387 1
7388 2
7389 1
7390 0
7391 3
7392 3
7393 1
7394 2
7395 0
7396 4
7397 5
7398 2
7399 2
7400 1
7401 4
7402 1
7403 2
7404 5
7405 4
7406 2
7407 4
7408 3
7409 3
7410 4
7411 1
7412 1
7413 1
7414 4
7415 1
7416 0
7417 2
7418 3
7419 3
7420 3
7421 2
7422 2
7423 6
7424 2
7425 5
7426 3
7427 2
7428 2
7429 2
7430 4
7431 1
7432 6
7433 2
7434 1
7435 1
7436 3
7437 0
7438 1
7439 1
7440 2
7441 3
7442 1
7443 5
7444 1
7445 2
7446 2
7447 1
7448 1
7449 1
7450 0
7451 1
7452 1
7453 0
7454 3
7455 0
7456 1
7457 3
7458 1
7459 2
7460 3
7461 2
7462 2
7463 3
7464 3
7465 3
7466 1
7467 0
7468 2
7469 2
7470 3
7471 0
7472 5
7473 1
7474 2
7475 2
7476 3
7477 1
7478 2
7479 1
7480 1
7481 1
7482 0
7483 3
7484 2
7485 2
7486 1
7487 1
7488 2
7489 0
7490 1
7491 1
7492 3
7493 2
7494 3
7495 4
7496 1
7497 2
7498 3
7499 2
7500 1
7501 1
7502 1
7503 2
7504 2
7505 0
7506 3
7507 0
7508 4
7509 1
7510 4
7511 4
7512 1
7513 2
7514 1
7515 1
7516 1
7517 3
7518 1
7519 1
7520 2
7521 2
7522 3
7523 1
7524 4
7525 1
7526 0
7527 2
7528 0
7529 0
7530 3
7531 0
7532 1
7533 1
7534 1
7535 1
7536 1
7537 2
7538 0
7539 2
7540 1
7541 2
7542 2
7543 0
7544 3
7545 0
7546 1
7547 4
7548 3
7549 1
7550 1
7551 4
7552 0
7553 2
7554 1
7555 2
7556 1
7557 1
7558 4
7559 2
7560 2
7561 2
7562 3
7563 1
7564 3
7565 3
7566 0
7567 2
7568 3
7569 2
7570 2
7571 0
7572 2
7573 2
7574 1
7575 3
7576 1
7577 0
7578 1
7579 2
7580 1
7581 1
7582 1
7583 2
7584 1
7585 5
7586 1
7587 2
7588 1
7589 1
7590 1
7591 0
7592 0
7593 3
7594 0
7595 1
7596 1
7597 0
7598 0
7599 1
7600 3
7601 1
7602 0
7603 2
7604 1
7605 2
7606 0
7607 0
7608 1
7609 2
7610 2
7611 1
7612 1
7613 0
7614 1
7615 2
7616 0
7617 3
7618 2
7619 0
7620 1
7621 1
7622 1
7623 1
7624 0
7625 0
7626 2
7627 1
7628 0
7629 2
7630 0
7631 0
7632 0
7633 0
7634 0
7635 2
7636 3
7637 0
7638 0
7639 1
7640 0
7641 1
7642 3
7643 0
7644 2
7645 1
7646 1
7647 0
7648 1
7649 3
7650 2
7651 2
7652 0
7653 0
7654 1
7655 3
7656 3
7657 4
7658 3
7659 2
7660 1
7661 4
7662 2
7663 3
7664 2
7665 1
7666 1
7667 4
7668 1
7669 2
7670 0
7671 5
7672 1
7673 2
7674 3
7675 1
7676 1
7677 1
7678 3
7679 3
7680 0
7681 1
7682 1
7683 2
7684 2
7685 1
7686 1
7687 3
7688 1
7689 3
7690 0
7691 2
7692 0
7693 1
7694 2
7695 1
7696 2
7697 1
7698 1
7699 0
7700 0
7701 0
7702 1
7703 2
7704 1
7705 2
7706 2
7707 0
7708 1
7709 1
7710 2
7711 0
7712 3
7713 0
7714 1
7715 0
7716 2
7717 0
7718 2
7719 1
7720 2
7721 1
7722 4
7723 0
7724 2
7725 0
7726 1
7727 2
7728 2
7729 1
7730 1
7731 2
7732 3
7733 1
7734 2
7735 2
7736 0
7737 3
7738 2
7739 1
7740 1
7741 1
7742 2
7743 0
7744 1
7745 2
7746 0
7747 4
7748 2
7749 0
7750 1
7751 1
7752 1
7753 1
7754 0
7755 1
7756 2
7757 2
7758 1
7759 2
7760 2
7761 3
7762 1
7763 0
7764 2
7765 0
7766 1
7767 1
7768 1
7769 1
7770 0
7771 0
7772 0
7773 1
7774 2
7775 0
7776 1
7777 0
7778 1
7779 0
7780 0
7781 0
7782 1
7783 1
7784 1
7785 1
7786 0
7787 0
7788 1
7789 0
7790 1
7791 0
7792 1
7793 0
7794 0
7795 1
7796 0
7797 1
7798 1
7799 0
7800 0
7801 1
7802 0
7803 1
7804 1
7805 0
7806 0
7807 0
7808 0
7809 0
7810 0
7811 1
7812 0
7813 1
7814 1
7815 0
7816 1
7817 0
7818 0
7819 0
7820 2
7821 0
7822 0
7823 1
7824 1
7825 2
7826 0
7827 1
7828 0
7829 1
7830 1
7831 4
7832 1
7833 2
7834 1
7835 4
7836 2
7837 1
7838 1
7839 0
7840 0
7841 1
7842 1
7843 1
7844 0
7845 1
7846 0
7847 1
7848 1
7849 1
7850 1
7851 2
7852 1
7853 0
7854 1
7855 1
7856 0
7857 3
7858 1
7859 1
7860 0
7861 1
7862 1
7863 1
7864 2
7865 1
7866 2
7867 3
7868 1
7869 1
7870 2
7871 2
7872 1
7873 0
7874 0
7875 1
7876 0
7877 3
7878 0
7879 2
7880 2
7881 0
7882 1
7883 2
7884 2
7885 1
7886 0
7887 1
7888 3
7889 0
7890 0
7891 1
7892 0
7893 1
7894 3
7895 0
7896 1
7897 1
7898 0
7899 2
7900 0
7901 1
7902 0
7903 1
7904 3
7905 2
7906 5
7907 2
7908 1
7909 2
7910 1
7911 2
7912 6
7913 4
7914 2
7915 0
7916 0
7917 2
7918 2
7919 2
7920 2
7921 1
7922 3
7923 0
7924 1
7925 1
7926 1
7927 2
7928 1
7929 2
7930 0
7931 1
7932 2
7933 3
7934 1
7935 3
7936 0
7937 0
7938 1
7939 0
7940 1
7941 1
7942 1
7943 1
7944 0
7945 0
7946 0
7947 1
7948 2
7949 1
7950 1
7951 2
7952 2
7953 0
7954 0
7955 1
7956 1
7957 1
7958 2
7959 0
7960 1
7961 1
7962 1
7963 3
7964 2
7965 2
7966 1
7967 1
7968 1
7969 2
7970 0
7971 0
7972 1
7973 1
7974 2
7975 2
7976 2
7977 0
7978 1
7979 1
7980 0
7981 1
7982 0
7983 0
7984 0
7985 1
7986 0
7987 1
7988 0
7989 0
7990 3
7991 1
7992 1
7993 1
7994 1
7995 0
7996 1
7997 0
7998 1
7999 1
8000 2
8001 0
8002 0
8003 0
8004 0
8005 0
8006 0
8007 2
8008 0
8009 0
8010 2
8011 0
8012 1
8013 0
8014 2
8015 2
8016 1
8017 0
8018 1
8019 0
8020 3
8021 1
8022 0
8023 0
8024 1
8025 0
8026 0
8027 0
8028 1
8029 2
8030 1
8031 1
8032 3
8033 1
8034 0
8035 0
8036 0
8037 1
8038 1
8039 0
8040 0
8041 2
8042 1
8043 1
8044 1
8045 2
8046 0
8047 0
8048 0
8049 0
8050 0
8051 1
8052 1
8053 1
8054 2
8055 1
8056 1
8057 2
8058 2
8059 2
8060 1
8061 2
8062 0
8063 0
8064 1
8065 0
8066 1
8067 1
8068 2
8069 1
8070 1
8071 2
8072 2
8073 1
8074 1
8075 1
8076 2
8077 1
8078 1
8079 2
8080 1
8081 2
8082 0
8083 0
8084 1
8085 2
8086 2
8087 1
8088 2
8089 1
8090 1
8091 1
8092 1
8093 1
8094 0
8095 3
8096 0
8097 0
8098 1
8099 1
8100 2
8101 2
8102 1
8103 0
8104 2
8105 4
8106 3
8107 2
8108 2
8109 4
8110 1
8111 3
8112 0
8113 1
8114 1
8115 0
8116 2
8117 2
8118 1
8119 0
8120 2
8121 3
8122 2
8123 2
8124 2
8125 3
8126 2
8127 3
8128 3
8129 1
8130 2
8131 1
8132 1
8133 2
8134 0
8135 2
8136 1
8137 0
8138 1
8139 1
8140 1
8141 0
8142 2
8143 3
8144 0
8145 2
8146 4
8147 1
8148 0
8149 1
8150 0
8151 3
8152 1
8153 1
8154 1
8155 1
8156 2
8157 1
8158 1
8159 3
8160 1
8161 2
8162 1
8163 0
8164 2
8165 1
8166 0
8167 2
8168 0
8169 2
8170 4
8171 1
8172 1
8173 2
8174 1
8175 0
8176 1
8177 3
8178 4
8179 1
8180 4
8181 2
8182 2
8183 2
8184 2
8185 2
8186 4
8187 0
8188 2
8189 2
8190 2
8191 5
8192 1
8193 1
8194 3
8195 2
8196 1
8197 2
8198 3
8199 3
8200 3
8201 0
8202 0
8203 2
8204 2
8205 3
8206 2
8207 1
8208 0
8209 3
8210 4
8211 1
8212 2
8213 2
8214 0
8215 3
8216 1
8217 0
8218 3
8219 2
8220 2
8221 1
8222 2
8223 1
8224 0
8225 2
8226 1
8227 3
8228 1
8229 0
8230 1
8231 2
8232 0
8233 1
8234 3
8235 1
8236 1
8237 0
8238 1
8239 0
8240 0
8241 2
8242 2
8243 2
8244 2
8245 2
8246 0
8247 3
8248 5
8249 1
8250 1
8251 2
8252 4
8253 5
8254 0
8255 2
8256 0
8257 0
8258 1
8259 3
8260 1
8261 1
8262 1
8263 1
8264 1
8265 2
8266 1
8267 1
8268 1
8269 1
8270 0
8271 3
8272 2
8273 1
8274 1
8275 0
8276 0
8277 2
8278 4
8279 1
8280 2
8281 4
8282 1
8283 3
8284 3
8285 3
8286 1
8287 3
8288 1
8289 1
8290 1
8291 4
8292 2
8293 1
8294 3
8295 2
8296 4
8297 2
8298 1
8299 3
8300 1
8301 4
8302 0
8303 2
8304 2
8305 7
8306 1
8307 1
8308 4
8309 3
8310 2
8311 4
8312 3
8313 3
8314 4
8315 6
8316 1
8317 0
8318 2
8319 1
8320 3
8321 1
8322 2
8323 3
8324 1
8325 3
8326 0
8327 2
8328 2
8329 0
8330 2
8331 2
8332 2
8333 2
8334 2
8335 1
8336 3
8337 1
8338 1
8339 2
8340 0
8341 0
8342 3
8343 2
8344 1
8345 2
8346 4
8347 3
8348 3
8349 1
8350 2
8351 0
8352 2
8353 3
8354 1
8355 1
8356 2
8357 4
8358 3
8359 2
8360 1
8361 2
8362 2
8363 2
8364 1
8365 1
8366 2
8367 0
8368 1
8369 0
8370 2
8371 1
8372 2
8373 2
8374 3
8375 2
8376 1
8377 1
8378 2
8379 0
8380 1
8381 2
8382 0
8383 0
8384 0
8385 1
8386 3
8387 2
8388 1
8389 3
8390 1
8391 3
8392 2
8393 1
8394 1
8395 0
8396 2
8397 4
8398 1
8399 3
8400 2
8401 3
8402 2
8403 2
8404 2
8405 2
8406 0
8407 2
8408 2
8409 2
8410 1
8411 0
8412 0
8413 0
8414 0
8415 1
8416 0
8417 0
8418 0
8419 2
8420 0
8421 0
8422 1
8423 0
8424 0
8425 2
8426 0
8427 0
8428 2
8429 1
8430 1
8431 2
8432 1
8433 2
8434 2
8435 0
8436 0
8437 1
8438 0
8439 1
8440 2
8441 0
8442 1
8443 2
8444 2
8445 2
8446 0
8447 0
8448 0
8449 2
8450 1
8451 2
8452 1
8453 1
8454 1
8455 2
8456 1
8457 0
8458 0
8459 1
8460 2
8461 1
8462 0
8463 0
8464 4
8465 1
8466 2
8467 2
8468 0
8469 3
8470 0
8471 0
8472 0
8473 1
8474 1
8475 2
8476 1
8477 2
8478 0
8479 1
8480 0
8481 0
8482 0
8483 1
8484 3
8485 0
8486 0
8487 1
8488 2
8489 0
8490 0
8491 1
8492 0
8493 1
8494 0
8495 2
8496 2
8497 0
8498 0
8499 0
8500 2
8501 0
8502 1
8503 1
8504 1
8505 0
8506 0
8507 1
8508 1
8509 1
8510 1
8511 0
8512 1
8513 1
8514 2
8515 3
8516 0
8517 1
8518 0
8519 2
8520 1
8521 0
8522 1
8523 1
8524 1
8525 3
8526 0
8527 1
8528 1
8529 1
8530 0
8531 0
8532 1
8533 1
8534 0
8535 3
8536 0
8537 0
8538 1
8539 0
8540 0
8541 3
8542 1
8543 0
8544 0
8545 0
8546 1
8547 1
8548 2
8549 2
8550 2
8551 1
8552 2
8553 1
8554 1
8555 1
8556 2
8557 3
8558 0
8559 1
8560 0
8561 1
8562 1
8563 1
8564 2
8565 1
8566 2
8567 2
8568 0
8569 0
8570 2
8571 1
8572 1
8573 2
8574 0
8575 0
8576 0
8577 0
8578 3
8579 1
8580 0
8581 1
8582 1
8583 0
8584 1
8585 1
8586 0
8587 0
8588 2
8589 0
8590 1
8591 1
8592 1
8593 1
8594 1
8595 1
8596 2
8597 3
8598 0
8599 0
8600 0
8601 0
8602 1
8603 1
8604 1
8605 0
8606 1
8607 1
8608 0
8609 1
8610 0
8611 1
8612 1
8613 0
8614 2
8615 2
8616 2
8617 0
8618 1
8619 1
8620 0
8621 2
8622 1
8623 2
8624 1
8625 1
8626 1
8627 1
8628 0
8629 1
8630 0
8631 0
8632 1
8633 0
8634 1
8635 2
8636 2
8637 1
8638 0
8639 0
8640 2
8641 0
8642 1
8643 0
8644 0
8645 1
8646 2
8647 2
8648 1
8649 0
8650 0
8651 1
8652 1
8653 0
8654 1
8655 0
8656 1
8657 0
8658 1
8659 1
8660 1
8661 0
8662 0
8663 0
8664 1
8665 0
8666 1
8667 1
8668 1
8669 1
8670 2
8671 1
8672 1
8673 1
8674 0
8675 0
8676 0
8677 1
8678 0
8679 0
8680 1
8681 0
8682 0
8683 0
8684 0
8685 0
8686 0
8687 0
8688 0
8689 0
8690 0
8691 0
8692 0
8693 1
8694 0
8695 0
8696 1
8697 0
8698 1
8699 0
8700 1
8701 0
8702 1
8703 0
8704 0
8705 0
8706 0
8707 0
8708 0
8709 1
8710 1
8711 0
8712 1
8713 0
8714 0
8715 1
8716 1
8717 1
8718 0
8719 2
8720 1
8721 2
8722 1
8723 1
8724 1
8725 1
8726 2
8727 0
8728 3
8729 1
8730 0
8731 0
8732 0
8733 2
8734 0
8735 0
8736 0
8737 0
8738 0
8739 0
8740 1
8741 0
8742 0
8743 1
8744 0
8745 0
8746 1
8747 0
8748 0
8749 2
8750 0
8751 0
8752 1
8753 1
8754 0
8755 0
8756 0
8757 0
8758 0
8759 2
8760 2
8761 2
8762 4
8763 1
8764 1
8765 0
8766 2
8767 2
8768 1
8769 1
8770 3
8771 2
8772 3
8773 2
8774 2
8775 1
8776 3
8777 1
8778 2
8779 3
8780 0
8781 1
8782 2
8783 1
8784 0
8785 2
8786 1
8787 3
8788 1
8789 0
8790 0
8791 0
8792 1
8793 2
8794 1
8795 1
8796 2
8797 1
8798 1
8799 0
8800 2
8801 0
8802 1
8803 3
8804 2
8805 2
8806 1
8807 0
8808 2
8809 1
8810 1
8811 1
8812 3
8813 1
8814 0
8815 1
8816 0
8817 1
8818 0
8819 1
8820 2
8821 0
8822 1
8823 3
8824 2
8825 4
8826 1
8827 2
8828 3
8829 1
8830 0
8831 1
8832 0
8833 1
8834 0
8835 0
8836 2
8837 2
8838 2
8839 0
8840 1
8841 2
8842 0
8843 0
8844 2
8845 0
8846 1
8847 0
8848 0
8849 3
8850 1
8851 1
8852 2
8853 0
8854 0
8855 1
8856 1
8857 0
8858 2
8859 1
8860 2
8861 0
8862 1
8863 1
8864 1
8865 2
8866 1
8867 0
8868 3
8869 1
8870 1
8871 1
8872 1
8873 1
8874 0
8875 1
8876 1
8877 0
8878 1
8879 2
8880 1
8881 0
8882 0
8883 1
8884 3
8885 2
8886 1
8887 1
8888 2
8889 1
8890 0
8891 2
8892 0
8893 1
8894 1
8895 1
8896 1
8897 0
8898 1
8899 2
8900 0
8901 3
8902 2
8903 0
8904 1
8905 0
8906 1
8907 1
8908 0
8909 1
8910 0
8911 2
8912 0
8913 0
8914 1
8915 0
8916 0
8917 3
8918 2
8919 0
8920 1
8921 1
8922 0
8923 0
8924 3
8925 1
8926 0
8927 0
8928 1
8929 0
8930 1
8931 1
8932 2
8933 1
8934 2
8935 0
8936 0
8937 2
8938 2
8939 1
8940 0
8941 0
8942 0
8943 1
8944 3
8945 1
8946 1
8947 1
8948 1
8949 2
8950 1
8951 2
8952 2
8953 1
8954 1
8955 1
8956 1
8957 2
8958 1
8959 2
8960 1
8961 1
8962 2
8963 1
8964 4
8965 2
8966 1
8967 2
8968 1
8969 0
8970 1
8971 1
8972 1
8973 3
8974 2
8975 1
8976 2
8977 2
8978 1
8979 1
8980 0
8981 3
8982 2
8983 0
8984 1
8985 1
8986 0
8987 0
8988 2
8989 1
8990 2
8991 1
8992 1
8993 1
8994 0
8995 0
8996 3
8997 0
8998 2
8999 1
9000 2
9001 3
9002 1
9003 1
9004 2
9005 3
9006 1
9007 3
9008 3
9009 1
9010 2
9011 1
9012 1
9013 1
9014 1
9015 0
9016 0
9017 1
9018 0
9019 1
9020 3
9021 1
9022 2
9023 1
9024 2
9025 3
9026 4
9027 1
9028 2
9029 1
9030 1
9031 1
9032 3
9033 3
9034 0
9035 0
9036 2
9037 0
9038 1
9039 1
9040 2
9041 2
9042 0
9043 1
9044 2
9045 5
9046 1
9047 2
9048 2
9049 2
9050 4
9051 3
9052 3
9053 2
9054 3
9055 3
9056 4
9057 4
9058 3
9059 1
9060 1
9061 2
9062 0
9063 3
9064 0
9065 1
9066 1
9067 2
9068 0
9069 0
9070 1
9071 0
9072 5
9073 1
9074 1
9075 2
9076 1
9077 3
9078 1
9079 0
9080 1
9081 4
9082 1
9083 2
9084 2
9085 5
9086 2
9087 2
9088 3
9089 2
9090 1
9091 3
9092 1
9093 2
9094 5
9095 1
9096 3
9097 2
9098 4
9099 4
9100 0
9101 0
9102 4
9103 2
9104 1
9105 2
9106 2
9107 2
9108 1
9109 2
9110 2
9111 4
9112 3
9113 3
9114 0
9115 4
9116 0
9117 2
9118 4
9119 2
9120 0
9121 1
9122 2
9123 4
9124 3
9125 3
9126 2
9127 1
9128 2
9129 2
9130 0
9131 5
9132 1
9133 1
9134 0
9135 3
9136 2
9137 1
9138 1
9139 2
9140 1
9141 2
9142 2
9143 4
9144 1
9145 1
9146 1
9147 1
9148 2
9149 1
9150 1
9151 1
9152 2
9153 3
9154 0
9155 0
9156 2
9157 2
9158 1
9159 0
9160 2
9161 2
9162 0
9163 3
9164 1
9165 1
9166 1
9167 1
9168 2
9169 1
9170 3
9171 2
9172 1
9173 1
9174 0
9175 2
9176 1
9177 2
9178 2
9179 1
9180 2
9181 1
9182 2
9183 3
9184 0
9185 2
9186 1
9187 1
9188 1
9189 1
9190 1
9191 2
9192 1
9193 2
9194 0
9195 1
9196 3
9197 1
9198 1
9199 3
9200 3
9201 1
9202 1
9203 1
9204 1
9205 2
9206 2
9207 3
9208 1
9209 3
9210 2
9211 3
9212 3
9213 1
9214 0
9215 0
9216 2
9217 0
9218 1
9219 2
9220 2
9221 4
9222 1
9223 1
9224 0
9225 2
9226 1
9227 0
9228 2
9229 2
9230 1
9231 2
9232 3
9233 2
9234 2
9235 3
9236 1
9237 0
9238 0
9239 1
9240 2
9241 4
9242 4
9243 1
9244 3
9245 0
9246 2
9247 2
9248 0
9249 3
9250 1
9251 2
9252 1
9253 4
9254 1
9255 1
9256 6
9257 1
9258 5
9259 2
9260 2
9261 3
9262 3
9263 0
9264 3
9265 2
9266 4
9267 6
9268 1
9269 1
9270 3
9271 1
9272 2
9273 2
9274 3
9275 0
9276 1
9277 1
9278 0
9279 1
9280 1
9281 0
9282 1
9283 0
9284 1
9285 2
9286 1
9287 0
9288 2
9289 1
9290 1
9291 0
9292 1
9293 0
9294 1
9295 4
9296 1
9297 1
9298 1
9299 2
9300 1
9301 2
9302 2
9303 1
9304 1
9305 1
9306 1
9307 0
9308 3
9309 2
9310 2
9311 0
9312 1
9313 0
9314 0
9315 0
9316 1
9317 0
9318 1
9319 0
9320 2
9321 2
9322 2
9323 2
9324 1
9325 2
9326 0
9327 2
9328 1
9329 1
9330 0
9331 0
9332 0
9333 0
9334 1
9335 1
9336 3
9337 1
9338 0
9339 2
9340 0
9341 3
9342 1
9343 1
9344 5
9345 1
9346 0
9347 1
9348 2
9349 1
9350 2
9351 1
9352 3
9353 2
9354 2
9355 3
9356 1
9357 4
9358 0
9359 1
9360 2
9361 3
9362 3
9363 1
9364 2
9365 1
9366 0
9367 1
9368 1
9369 3
9370 2
9371 2
9372 2
9373 0
9374 0
9375 1
9376 3
9377 1
9378 0
9379 1
9380 2
9381 2
9382 1
9383 1
9384 2
9385 2
9386 0
9387 3
9388 0
9389 1
9390 2
9391 0
9392 1
9393 1
9394 3
9395 1
9396 2
9397 1
9398 4
9399 0
9400 0
9401 0
9402 1
9403 1
9404 1
9405 2
9406 0
9407 0
9408 0
9409 0
9410 1
9411 0
9412 0
9413 1
9414 0
9415 0
9416 2
9417 0
9418 0
9419 0
9420 0
9421 2
9422 0
9423 0
9424 0
9425 0
9426 0
9427 1
9428 0
9429 1
9430 1
9431 0
9432 0
9433 1
9434 0
9435 0
9436 0
9437 1
9438 1
9439 2
9440 1
9441 0
9442 1
9443 2
9444 2
9445 2
9446 1
9447 1
9448 2
9449 1
9450 0
9451 3
9452 1
9453 1
9454 2
9455 2
9456 1
9457 1
9458 1
9459 1
9460 2
9461 0
9462 2
9463 1
9464 0
9465 0
9466 1
9467 0
9468 2
9469 0
9470 0
9471 0
9472 1
9473 2
9474 4
9475 0
9476 1
9477 2
9478 2
9479 2
9480 0
9481 1
9482 2
9483 2
9484 2
9485 3
9486 0
9487 1
9488 2
9489 0
9490 2
9491 2
9492 2
9493 1
9494 4
9495 1
9496 1
9497 2
9498 1
9499 1
9500 2
9501 1
9502 0
9503 2
9504 2
9505 3
9506 2
9507 1
9508 2
9509 1
9510 2
9511 0
9512 2
9513 1
9514 1
9515 0
9516 1
9517 2
9518 1
9519 2
9520 0
9521 1
9522 1
9523 2
9524 1
9525 2
9526 1
9527 3
9528 2
9529 1
9530 2
9531 1
9532 1
9533 0
9534 1
9535 2
9536 0
9537 0
9538 2
9539 1
9540 3
9541 3
9542 0
9543 0
9544 0
9545 2
9546 1
9547 2
9548 1
9549 3
9550 1
9551 2
9552 0
9553 1
9554 3
9555 2
9556 2
9557 3
9558 0
9559 0
9560 2
9561 1
9562 3
9563 0
9564 2
9565 0
9566 1
9567 1
9568 1
9569 0
9570 1
9571 0
9572 0
9573 1
9574 0
9575 2
9576 0
9577 2
9578 1
9579 2
9580 2
9581 1
9582 0
9583 0
9584 0
9585 0
9586 1
9587 2
9588 1
9589 1
9590 1
9591 2
9592 0
9593 2
9594 2
9595 0
9596 1
9597 0
9598 1
9599 1
9600 1
9601 0
9602 1
9603 2
9604 2
9605 2
9606 2
9607 3
9608 1
9609 1
9610 0
9611 2
9612 0
9613 2
9614 2
9615 2
9616 2
9617 0
9618 1
9619 2
9620 2
9621 1
9622 1
9623 2
9624 2
9625 2
9626 2
9627 0
9628 0
9629 0
9630 1
9631 0
9632 1
9633 0
9634 0
9635 0
9636 0
9637 0
9638 2
9639 3
9640 1
9641 3
9642 3
9643 3
9644 3
9645 2
9646 2
9647 2
9648 2
9649 0
9650 1
9651 0
9652 1
9653 0
9654 1
9655 1
9656 0
9657 1
9658 0
9659 1
9660 2
9661 3
9662 0
9663 1
9664 2
9665 3
9666 2
9667 2
9668 0
9669 1
9670 0
9671 1
9672 0
9673 2
9674 2
9675 2
9676 0
9677 1
9678 2
9679 1
9680 1
9681 1
9682 2
9683 0
9684 3
9685 1
9686 1
9687 1
9688 2
9689 2
9690 3
9691 3
9692 1
9693 2
9694 3
9695 2
9696 4
9697 3
9698 0
9699 0
9700 1
9701 2
9702 6
9703 1
9704 2
9705 4
9706 1
9707 1
9708 0
9709 1
9710 3
9711 1
9712 1
9713 1
9714 3
9715 1
9716 5
9717 1
9718 1
9719 2
9720 1
9721 2
9722 2
9723 1
9724 2
9725 4
9726 0
9727 1
9728 1
9729 1
9730 0
9731 0
9732 1
9733 4
9734 2
9735 0
9736 2
9737 0
9738 2
9739 1
9740 2
9741 0
9742 1
9743 0
9744 2
9745 2
9746 3
9747 2
9748 4
9749 1
9750 0
9751 1
9752 2
9753 3
9754 1
9755 1
9756 2
9757 2
9758 2
9759 1
9760 3
9761 1
9762 1
9763 1
9764 2
9765 1
9766 0
9767 1
9768 7
9769 3
9770 2
9771 3
9772 1
9773 1
9774 2
9775 3
9776 3
9777 0
9778 2
9779 4
9780 1
9781 3
9782 2
9783 3
9784 2
9785 1
9786 0
9787 2
9788 2
9789 0
9790 2
9791 1
9792 0
9793 3
9794 2
9795 1
9796 1
9797 0
9798 2
9799 2
9800 1
9801 4
9802 3
9803 3
9804 2
9805 2
9806 1
9807 0
9808 3
9809 4
9810 3
9811 3
9812 1
9813 2
9814 5
9815 2
9816 3
9817 1
9818 4
9819 2
9820 4
9821 3
9822 1
9823 2
9824 2
9825 2
9826 1
9827 2
9828 1
9829 5
9830 1
9831 2
9832 3
9833 3
9834 2
9835 1
9836 1
9837 1
9838 4
9839 2
9840 3
9841 1
9842 2
9843 1
9844 3
9845 2
9846 2
9847 3
9848 1
9849 1
9850 3
9851 1
9852 1
9853 2
9854 1
9855 2
9856 1
9857 2
9858 4
9859 0
9860 2
9861 0
9862 2
9863 0
9864 2
9865 2
9866 0
9867 4
9868 0
9869 0
9870 0
9871 2
9872 2
9873 1
9874 2
9875 1
9876 1
9877 4
9878 4
9879 1
9880 1
9881 4
9882 1
9883 2
9884 2
9885 1
9886 3
9887 2
9888 2
9889 1
9890 1
9891 1
9892 1
9893 1
9894 2
9895 0
9896 1
9897 1
9898 0
9899 0
9900 2
9901 2
9902 2
9903 1
9904 1
9905 2
9906 1
9907 2
9908 2
9909 1
9910 3
9911 2
9912 1
9913 0
9914 0
9915 4
9916 0
9917 2
9918 0
9919 2
9920 1
9921 4
9922 1
9923 0
9924 4
9925 1
9926 0
9927 2
9928 3
9929 2
9930 3
9931 2
9932 1
9933 1
9934 2
9935 2
9936 2
9937 0
9938 2
9939 2
9940 0
9941 0
9942 3
9943 4
9944 2
9945 2
9946 1
9947 2
9948 1
9949 4
9950 1
9951 1
9952 2
9953 2
9954 0
9955 1
9956 1
9957 2
9958 1
9959 3
9960 1
9961 2
9962 0
9963 1
9964 2
9965 3
9966 2
9967 3
9968 1
9969 4
9970 5
9971 2
9972 0
9973 3
9974 2
9975 0
9976 2
9977 1
9978 1
9979 1
9980 0
9981 0
9982 1
9983 2
9984 1
9985 0
9986 3
9987 2
9988 1
9989 0
9990 1
9991 2
9992 2
9993 4
9994 6
9995 0
9996 2
9997 2
9998 4
9999 4
10000 2
10001 1
