0 4
1 6
2 1
3 3
4 2
5 1
6 5
7 0
8 6
9 3
10 3
11 2
12 4
13 5
14 3
15 0
16 3
17 4
18 0
19 2
20 2
21 0
22 2
23 3
24 3
25 1
26 3
27 0
28 2
29 3
30 3
31 2
32 0
33 2
34 5
35 3
36 2
37 0
38 1
39 2
40 2
41 1
42 2
43 1
44 3
45 1
46 2
47 1
48 6
49 2
50 2
51 2
52 3
53 0
54 2
55 2
56 1
57 2
58 1
59 1
60 0
61 1
62 4
63 1
64 0
65 1
66 1
67 4
68 0
69 3
70 0
71 2
72 0
73 0
74 2
75 3
76 1
77 2
78 2
79 2
80 2
81 3
82 0
83 3
84 2
85 4
86 3
87 2
88 3
89 3
90 2
91 3
92 0
93 5
94 2
95 4
96 2
97 3
98 3
99 2
100 2
101 1
102 2
103 1
104 3
105 3
106 0
107 0
108 1
109 2
110 1
111 0
112 3
113 1
114 4
115 1
116 3
117 1
118 0
119 2
120 2
121 2
122 0
123 1
124 1
125 2
126 1
127 0
128 1
129 2
130 1
131 1
132 1
133 2
134 1
135 3
136 2
137 3
138 1
139 1
140 1
141 0
142 1
143 1
144 1
145 3
146 0
147 1
148 0
149 1
150 1
151 1
152 1
153 4
154 1
155 2
156 0
157 1
158 2
159 1
160 2
161 0
162 1
163 3
164 1
165 2
166 1
167 1
168 2
169 2
170 2
171 1
172 0
173 1
174 2
175 0
176 3
177 1
178 0
179 1
180 0
181 3
182 2
183 1
184 0
185 3
186 1
187 2
188 0
189 0
190 3
191 0
192 4
193 2
194 2
195 2
196 1
197 2
198 2
199 1
200 4
201 4
202 0
203 1
204 2
205 4
206 3
207 1
208 0
209 1
210 0
211 2
212 4
213 3
214 0
215 1
216 2
217 0
218 1
219 1
220 1
221 1
222 2
223 0
224 3
225 0
226 1
227 1
228 1
229 0
230 0
231 1
232 0
233 2
234 4
235 2
236 2
237 4
238 2
239 2
240 1
241 2
242 1
243 1
244 2
245 1
246 2
247 2
248 2
249 0
250 1
251 2
252 3
253 2
254 2
255 1
256 1
257 1
258 0
259 0
260 1
261 0
262 1
263 0
264 1
265 1
266 3
267 3
268 3
269 2
270 2
271 1
272 1
273 1
274 0
275 2
276 0
277 0
278 2
279 0
280 2
281 4
282 0
283 1
284 1
285 1
286 1
287 3
288 1
289 0
290 1
291 1
292 2
293 2
294 0
295 2
296 1
297 2
298 0
299 2
300 1
301 1
302 0
303 1
304 0
305 0
306 1
307 0
308 0
309 1
310 1
311 0
312 2
313 1
314 0
315 1
316 1
317 0
318 1
319 0
320 3
321 2
322 2
323 1
324 0
325 0
326 1
327 0
328 0
329 1
330 1
331 2
332 1
333 1
334 0
335 1
336 0
337 1
338 0
339 1
340 1
341 1
342 0
343 0
344 0
345 2
346 0
347 1
348 1
349 0
350 1
351 0
352 1
353 0
354 0
355 1
356 1
357 0
358 0
359 1
360 0
361 0
362 3
363 1
364 0
365 0
366 1
367 2
368 1
369 0
370 1
371 1
372 0
373 3
374 1
375 2
376 1
377 3
378 1
379 1
380 2
381 1
382 2
383 2
384 0
385 0
386 0
387 2
388 0
389 0
390 2
391 2
392 1
393 2
394 0
395 4
396 1
397 2
398 1
399 2
400 2
401 3
402 2
403 1
404 3
405 1
406 0
407 2
408 3
409 3
410 3
411 1
412 3
413 2
414 2
415 1
416 1
417 2
418 0
419 1
420 2
421 4
422 1
423 1
424 2
425 1
426 1
427 3
428 3
429 1
430 3
431 2
432 0
433 0
434 0
435 1
436 1
437 0
438 1
439 4
440 0
441 3
442 1
443 2
444 1
445 1
446 3
447 4
448 2
449 2
450 2
451 0
452 1
453 1
454 0
455 2
456 1
457 1
458 1
459 1
460 0
461 2
462 0
463 2
464 2
465 1
466 2
467 0
468 1
469 3
470 2
471 1
472 2
473 1
474 0
475 0
476 1
477 0
478 1
479 4
480 1
481 1
482 3
483 0
484 1
485 3
486 2
487 3
488 1
489 0
490 1
491 0
492 1
493 1
494 5
495 2
496 0
497 2
498 4
499 2
500 1
501 2
502 1
503 2
504 2
505 1
506 1
507 1
508 1
509 1
510 2
511 2
512 2
513 4
514 1
515 1
516 4
517 1
518 2
519 4
520 3
521 2
522 3
523 5
524 3
525 5
526 1
527 0
528 2
529 0
530 0
531 2
532 1
533 3
534 2
535 0
536 0
537 3
538 2
539 3
540 2
541 1
542 0
543 1
544 0
545 1
546 3
547 5
548 2
549 1
550 1
551 3
552 2
553 1
554 3
555 4
556 3
557 3
558 1
559 2
560 1
561 2
562 3
563 1
564 3
565 2
566 2
567 2
568 1
569 2
570 1
571 3
572 2
573 6
574 3
575 1
576 3
577 3
578 2
579 3
580 0
581 1
582 2
583 1
584 1
585 0
586 0
587 5
588 2
589 2
590 1
591 1
592 3
593 2
594 1
595 2
596 1
597 2
598 0
599 2
600 0
601 3
602 3
603 1
604 1
605 1
606 1
607 1
608 0
609 2
610 1
611 0
612 1
613 4
614 0
615 4
616 1
617 0
618 0
619 1
620 0
621 1
622 1
623 4
624 2
625 0
626 1
627 2
628 1
629 3
630 2
631 2
632 0
633 2
634 2
635 0
636 1
637 2
638 2
639 2
640 3
641 1
642 5
643 2
644 4
645 4
646 3
647 1
648 0
649 1
650 2
651 1
652 1
653 3
654 1
655 5
656 1
657 1
658 3
659 2
660 2
661 1
662 2
663 3
664 2
665 1
666 2
667 2
668 1
669 5
670 1
671 2
672 3
673 2
674 0
675 2
676 4
677 1
678 2
679 0
680 0
681 0
682 1
683 1
684 1
685 4
686 1
687 1
688 1
689 3
690 2
691 1
692 1
693 3
694 0
695 2
696 1
697 1
698 2
699 3
700 1
701 1
702 3
703 1
704 2
705 3
706 4
707 0
708 1
709 1
710 0
711 1
712 0
713 1
714 1
715 0
716 3
717 1
718 2
719 2
720 1
721 2
722 2
723 1
724 1
725 3
726 1
727 1
728 3
729 2
730 3
731 4
732 4
733 1
734 3
735 3
736 5
737 2
738 4
739 2
740 0
741 2
742 3
743 1
744 0
745 3
746 2
747 1
748 0
749 1
750 1
751 2
752 2
753 3
754 3
755 3
756 1
757 2
758 2
759 3
760 2
761 0
762 2
763 0
764 2
765 0
766 4
767 3
768 0
769 3
770 3
771 2
772 1
773 2
774 4
775 4
776 1
777 0
778 2
779 3
780 1
781 2
782 5
783 1
784 4
785 3
786 2
787 0
788 3
789 0
790 4
791 1
792 3
793 0
794 1
795 0
796 0
797 1
798 0
799 2
800 1
801 4
802 3
803 4
804 3
805 5
806 1
807 1
808 2
809 0
810 1
811 1
812 2
813 2
814 1
815 3
816 1
817 0
818 1
819 2
820 3
821 4
822 2
823 0
824 1
825 0
826 3
827 3
828 2
829 1
830 0
831 1
832 1
833 1
834 0
835 0
836 0
837 0
838 0
839 3
840 2
841 1
842 0
843 2
844 1
845 2
846 0
847 1
848 1
849 3
850 3
851 1
852 0
853 0
854 1
855 2
856 0
857 2
858 2
859 1
860 1
861 0
862 2
863 1
864 1
865 1
866 1
867 0
868 3
869 3
870 1
871 0
872 1
873 0
874 2
875 0
876 1
877 3
878 1
879 3
880 1
881 1
882 2
883 0
884 1
885 2
886 3
887 2
888 3
889 2
890 0
891 1
892 2
893 1
894 2
895 4
896 2
897 0
898 1
899 3
900 0
901 0
902 1
903 1
904 1
905 0
906 1
907 2
908 2
909 1
910 3
911 2
912 0
913 1
914 2
915 4
916 2
917 2
918 3
919 1
920 2
921 1
922 3
923 3
924 0
925 1
926 2
927 0
928 3
929 3
930 1
931 1
932 1
933 1
934 2
935 2
936 0
937 0
938 1
939 1
940 0
941 0
942 1
943 0
944 1
945 2
946 0
947 1
948 2
949 0
950 0
951 2
952 0
953 2
954 2
955 2
956 5
957 1
958 1
959 4
960 1
961 0
962 0
963 1
964 0
965 1
966 2
967 2
968 2
969 1
970 1
971 0
972 1
973 2
974 1
975 1
976 2
977 1
978 0
979 1
980 0
981 2
982 1
983 1
984 1
985 0
986 2
987 0
988 4
989 0
990 0
991 2
992 2
993 1
994 0
995 0
996 3
997 0
998 2
999 1
1000 0
1001 1
1002 0
1003 3
1004 1
1005 3
1006 0
1007 1
1008 1
1009 0
1010 3
1011 1
1012 1
1013 2
1014 3
1015 2
1016 1
1017 0
1018 0
1019 0
1020 1
1021 0
1022 0
1023 1
1024 1
1025 0
1026 1
1027 1
1028 0
1029 2
1030 1
1031 2
1032 2
1033 1
1034 0
1035 0
1036 0
1037 0
1038 2
1039 1
1040 1
1041 1
1042 0
1043 1
1044 2
1045 0
1046 1
1047 0
1048 1
1049 3
1050 1
1051 1
1052 1
1053 1
1054 0
1055 0
1056 1
1057 1
1058 1
1059 3
1060 1
1061 0
1062 0
1063 0
1064 1
1065 0
1066 0
1067 2
1068 2
1069 0
1070 0
1071 0
1072 0
1073 1
1074 2
1075 1
1076 0
1077 2
1078 0
1079 0
1080 2
1081 1
1082 0
1083 0
1084 0
1085 0
1086 0
1087 1
1088 0
1089 1
1090 0
1091 2
1092 0
1093 0
1094 1
1095 0
1096 1
1097 0
1098 0
1099 1
1100 1
1101 1
1102 1
1103 0
1104 0
1105 0
1106 1
1107 0
1108 1
1109 0
1110 0
1111 0
1112 1
1113 0
1114 1
1115 0
1116 1
1117 2
1118 2
1119 0
1120 3
1121 1
1122 1
1123 1
1124 1
1125 1
1126 3
1127 0
1128 0
1129 2
1130 0
1131 1
1132 0
1133 1
1134 1
1135 1
1136 1
1137 0
1138 0
1139 2
1140 1
1141 1
1142 2
1143 2
1144 2
1145 2
1146 2
1147 0
1148 1
1149 1
1150 2
1151 2
1152 0
1153 1
1154 3
1155 1
1156 0
1157 0
1158 3
1159 1
1160 1
1161 0
1162 2
1163 2
1164 2
1165 1
1166 0
1167 2
1168 1
1169 3
1170 0
1171 2
1172 0
1173 0
1174 1
1175 2
1176 1
1177 1
1178 1
1179 1
1180 3
1181 3
1182 1
1183 1
1184 1
1185 1
1186 1
1187 1
1188 2
1189 0
1190 0
1191 1
1192 1
1193 2
1194 0
1195 1
1196 1
1197 2
1198 0
1199 1
1200 1
1201 0
1202 1
1203 2
1204 1
1205 0
1206 1
1207 0
1208 1
1209 1
1210 1
1211 2
1212 1
1213 1
1214 0
1215 0
1216 2
1217 1
1218 1
1219 1
1220 2
1221 1
1222 1
1223 0
1224 2
1225 0
1226 1
1227 1
1228 4
1229 3
1230 3
1231 0
1232 2
1233 2
1234 1
1235 1
1236 1
1237 0
1238 2
1239 2
1240 1
1241 1
1242 2
1243 2
1244 2
1245 1
1246 0
1247 0
1248 0
1249 1
1250 1
1251 2
1252 0
1253 1
1254 0
1255 0
1256 1
1257 0
1258 0
1259 0
1260 1
1261 1
1262 3
1263 2
1264 0
1265 0
1266 1
1267 1
1268 0
1269 0
1270 1
1271 0
1272 0
1273 1
1274 1
1275 2
1276 1
1277 0
1278 0
1279 1
1280 1
1281 0
1282 0
1283 0
1284 0
1285 1
1286 1
1287 1
1288 1
1289 2
1290 0
1291 1
1292 0
1293 2
1294 1
1295 1
1296 1
1297 1
1298 0
1299 1
1300 0
1301 0
1302 1
1303 0
1304 0
1305 0
1306 1
1307 0
1308 0
1309 1
1310 0
1311 0
1312 1
1313 1
1314 0
1315 1
1316 0
1317 1
1318 0
1319 1
1320 0
1321 1
1322 0
1323 0
1324 1
1325 2
1326 0
1327 0
1328 1
1329 1
1330 0
1331 0
1332 0
1333 1
1334 0
1335 0
1336 1
1337 0
1338 1
1339 0
1340 1
1341 1
1342 1
1343 1
1344 0
1345 0
1346 2
1347 1
1348 1
1349 2
1350 1
1351 0
1352 0
1353 2
1354 1
1355 0
1356 0
1357 1
1358 0
1359 2
1360 0
1361 0
1362 0
1363 1
1364 1
1365 1
1366 0
1367 1
1368 0
1369 0
1370 0
1371 0
1372 1
1373 0
1374 0
1375 0
1376 1
1377 2
1378 0
1379 1
1380 1
1381 0
1382 1
1383 0
1384 1
1385 1
1386 1
1387 2
1388 2
1389 1
1390 1
1391 2
1392 3
1393 2
1394 1
1395 0
1396 1
1397 4
1398 2
1399 1
1400 1
1401 2
1402 2
1403 3
1404 2
1405 2
1406 2
1407 4
1408 0
1409 0
1410 0
1411 1
1412 2
1413 3
1414 3
1415 1
1416 2
1417 1
1418 0
1419 1
1420 2
1421 2
1422 3
1423 1
1424 3
1425 1
1426 0
1427 2
1428 0
1429 2
1430 0
1431 3
1432 2
1433 2
1434 1
1435 1
1436 1
1437 1
1438 0
1439 0
1440 0
1441 0
1442 1
1443 3
1444 0
1445 0
1446 0
1447 0
1448 0
1449 2
1450 1
1451 0
1452 1
1453 2
1454 1
1455 2
1456 0
1457 2
1458 0
1459 0
1460 1
1461 0
1462 0
1463 0
1464 0
1465 0
1466 1
1467 2
1468 1
1469 0
1470 0
1471 1
1472 0
1473 2
1474 1
1475 2
1476 0
1477 1
1478 2
1479 2
1480 0
1481 2
1482 0
1483 1
1484 2
1485 2
1486 5
1487 1
1488 3
1489 1
1490 0
1491 1
1492 0
1493 1
1494 2
1495 2
1496 1
1497 0
1498 2
1499 1
1500 1
1501 0
1502 0
1503 0
1504 2
1505 1
1506 3
1507 1
1508 2
1509 2
1510 1
1511 0
1512 0
1513 4
1514 0
1515 1
1516 0
1517 0
1518 1
1519 1
1520 0
1521 3
1522 2
1523 4
1524 1
1525 1
1526 2
1527 3
1528 0
1529 2
1530 2
1531 1
1532 1
1533 0
1534 0
1535 0
1536 2
1537 2
1538 1
1539 2
1540 2
1541 0
1542 1
1543 0
1544 2
1545 1
1546 0
1547 1
1548 1
1549 2
1550 0
1551 1
1552 1
1553 0
1554 3
1555 3
1556 0
1557 1
1558 0
1559 0
1560 0
1561 1
1562 2
1563 1
1564 2
1565 3
1566 3
1567 1
1568 3
1569 2
1570 5
1571 1
1572 3
1573 1
1574 2
1575 1
1576 3
1577 1
1578 0
1579 0
1580 1
1581 0
1582 2
1583 1
1584 0
1585 2
1586 0
1587 1
1588 1
1589 1
1590 3
1591 0
1592 1
1593 0
1594 2
1595 3
1596 1
1597 1
1598 0
1599 0
1600 1
1601 1
1602 3
1603 2
1604 2
1605 0
1606 4
1607 0
1608 2
1609 1
1610 0
1611 3
1612 2
1613 1
1614 2
1615 1
1616 1
1617 0
1618 3
1619 1
1620 1
1621 1
1622 0
1623 1
1624 2
1625 0
1626 1
1627 2
1628 1
1629 1
1630 0
1631 0
1632 3
1633 1
1634 2
1635 1
1636 1
1637 1
1638 1
1639 2
1640 2
1641 0
1642 0
1643 1
1644 0
1645 0
1646 1
1647 1
1648 0
1649 1
1650 0
1651 1
1652 1
1653 0
1654 0
1655 0
1656 0
1657 0
1658 0
1659 0
1660 0
1661 0
1662 0
1663 0
1664 0
1665 1
1666 1
1667 1
1668 1
1669 1
1670 0
1671 0
1672 0
1673 0
1674 0
1675 0
1676 0
1677 2
1678 1
1679 0
1680 0
1681 0
1682 0
1683 0
1684 1
1685 0
1686 0
1687 0
1688 0
1689 0
1690 1
1691 1
1692 1
1693 1
1694 3
1695 1
1696 1
1697 3
1698 1
1699 0
1700 0
1701 1
1702 2
1703 1
1704 0
1705 2
1706 1
1707 0
1708 1
1709 2
1710 1
1711 1
1712 2
1713 2
1714 3
1715 1
1716 1
1717 1
1718 3
1719 2
1720 1
1721 1
1722 0
1723 1
1724 1
1725 0
1726 2
1727 0
1728 3
1729 2
1730 1
1731 2
1732 1
1733 0
1734 1
1735 0
1736 0
1737 1
1738 2
1739 1
1740 2
1741 2
1742 0
1743 1
1744 1
1745 2
1746 0
1747 1
1748 0
1749 2
1750 0
1751 1
1752 1
1753 0
1754 1
1755 1
1756 1
1757 3
1758 2
1759 1
1760 0
1761 1
1762 1
1763 1
1764 0
1765 2
1766 1
1767 0
1768 1
1769 2
1770 2
1771 2
1772 1
1773 2
1774 1
1775 2
1776 0
1777 3
1778 0
1779 1
1780 2
1781 1
1782 2
1783 1
1784 1
1785 4
1786 1
1787 0
1788 0
1789 3
1790 0
1791 1
1792 1
1793 2
1794 1
1795 2
1796 3
1797 1
1798 3
1799 1
1800 3
1801 0
1802 0
1803 2
1804 3
1805 0
1806 0
1807 1
1808 0
1809 0
1810 2
1811 2
1812 3
1813 1
1814 1
1815 2
1816 3
1817 2
1818 1
1819 1
1820 0
1821 1
1822 0
1823 3
1824 1
1825 1
1826 2
1827 1
1828 2
1829 3
1830 0
1831 2
1832 2
1833 1
1834 4
1835 1
1836 1
1837 2
1838 2
1839 1
1840 1
1841 3
1842 3
1843 3
1844 2
1845 5
1846 1
1847 1
1848 3
1849 1
1850 2
1851 5
1852 2
1853 0
1854 2
1855 2
1856 2
1857 1
1858 2
1859 1
1860 1
1861 2
1862 1
1863 0
1864 2
1865 1
1866 2
1867 3
1868 3
1869 1
1870 2
1871 2
1872 3
1873 2
1874 1
1875 0
1876 2
1877 1
1878 2
1879 1
1880 1
1881 4
1882 2
1883 0
1884 0
1885 2
1886 3
1887 1
1888 0
1889 3
1890 4
1891 2
1892 4
1893 2
1894 1
1895 2
1896 1
1897 1
1898 3
1899 2
1900 1
1901 2
1902 3
1903 2
1904 1
1905 3
1906 3
1907 3
1908 5
1909 1
1910 2
1911 2
1912 0
1913 1
1914 3
1915 0
1916 0
1917 1
1918 2
1919 2
1920 2
1921 2
1922 0
1923 2
1924 1
1925 3
1926 1
1927 0
1928 2
1929 3
1930 0
1931 1
1932 0
1933 2
1934 1
1935 2
1936 0
1937 1
1938 2
1939 1
1940 0
1941 2
1942 1
1943 2
1944 2
1945 1
1946 0
1947 2
1948 1
1949 1
1950 0
1951 0
1952 1
1953 1
1954 2
1955 1
1956 2
1957 2
1958 1
1959 3
1960 3
1961 2
1962 1
1963 2
1964 1
1965 3
1966 2
1967 2
1968 3
1969 0
1970 1
1971 3
1972 1
1973 0
1974 0
1975 2
1976 1
1977 2
1978 1
1979 0
1980 3
1981 1
1982 1
1983 1
1984 1
1985 1
1986 2
1987 5
1988 1
1989 1
1990 2
1991 0
1992 2
1993 3
1994 2
1995 2
1996 2
1997 1
1998 1
1999 1
2000 2
2001 2
2002 1
2003 0
2004 4
2005 2
2006 1
2007 3
2008 0
2009 4
2010 1
2011 0
2012 1
2013 2
2014 2
2015 2
2016 4
2017 1
2018 0
2019 2
2020 1
2021 2
2022 4
2023 0
2024 3
2025 1
2026 1
2027 0
2028 1
2029 2
2030 1
2031 0
2032 0
2033 1
2034 2
2035 1
2036 3
2037 0
2038 3
2039 1
2040 1
2041 3
2042 2
2043 0
2044 3
2045 0
2046 1
2047 1
2048 1
2049 2
2050 3
2051 1
2052 1
2053 0
2054 1
2055 1
2056 2
2057 2
2058 4
2059 1
2060 3
2061 1
2062 0
2063 1
2064 1
2065 3
2066 4
2067 1
2068 3
2069 1
2070 1
2071 3
2072 3
2073 2
2074 2
2075 3
2076 1
2077 0
2078 1
2079 1
2080 0
2081 1
2082 1
2083 1
2084 5
2085 2
2086 1
2087 2
2088 1
2089 0
2090 4
2091 0
2092 3
2093 1
2094 1
2095 0
2096 0
2097 2
2098 0
2099 1
2100 2
2101 3
2102 0
2103 3
2104 0
2105 1
2106 1
2107 3
2108 2
2109 0
2110 0
2111 2
2112 0
2113 1
2114 2
2115 2
2116 1
2117 1
2118 2
2119 1
2120 1
2121 1
2122 2
2123 2
2124 1
2125 2
2126 2
2127 3
2128 1
2129 0
2130 0
2131 0
2132 2
2133 3
2134 2
2135 0
2136 1
2137 0
2138 2
2139 2
2140 2
2141 2
2142 0
2143 3
2144 0
2145 0
2146 2
2147 1
2148 3
2149 2
2150 1
2151 0
2152 3
2153 4
2154 2
2155 4
2156 1
2157 1
2158 2
2159 1
2160 1
2161 3
2162 2
2163 1
2164 2
2165 1
2166 0
2167 1
2168 2
2169 2
2170 2
2171 1
2172 1
2173 3
2174 2
2175 1
2176 2
2177 1
2178 2
2179 2
2180 1
2181 2
2182 2
2183 1
2184 2
2185 2
2186 3
2187 1
2188 0
2189 3
2190 1
2191 1
2192 2
2193 2
2194 1
2195 4
2196 1
2197 2
2198 3
2199 3
2200 2
2201 2
2202 2
2203 2
2204 1
2205 2
2206 2
2207 1
2208 2
2209 2
2210 1
2211 1
2212 3
2213 1
2214 2
2215 1
2216 1
2217 1
2218 2
2219 2
2220 1
2221 1
2222 0
2223 0
2224 1
2225 1
2226 1
2227 0
2228 2
2229 5
2230 1
2231 2
2232 3
2233 1
2234 2
2235 2
2236 3
2237 1
2238 1
2239 1
2240 1
2241 2
2242 4
2243 1
2244 3
2245 1
2246 4
2247 2
2248 1
2249 2
2250 0
2251 1
2252 1
2253 2
2254 4
2255 2
2256 3
2257 3
2258 1
2259 0
2260 1
2261 1
2262 2
2263 2
2264 3
2265 2
2266 2
2267 1
2268 2
2269 2
2270 3
2271 2
2272 3
2273 2
2274 1
2275 2
2276 1
2277 1
2278 2
2279 2
2280 4
2281 2
2282 2
2283 3
2284 0
2285 1
2286 4
2287 1
2288 1
2289 1
2290 2
2291 4
2292 2
2293 0
2294 1
2295 3
2296 0
2297 1
2298 2
2299 2
2300 4
2301 2
2302 2
2303 1
2304 3
2305 2
2306 4
2307 2
2308 1
2309 0
2310 1
2311 1
2312 3
2313 2
2314 2
2315 2
2316 1
2317 1
2318 3
2319 2
2320 1
2321 1
2322 5
2323 2
2324 1
2325 1
2326 2
2327 1
2328 0
2329 2
2330 2
2331 4
2332 1
2333 2
2334 2
2335 1
2336 4
2337 1
2338 3
2339 0
2340 3
2341 2
2342 0
2343 3
2344 2
2345 1
2346 3
2347 3
2348 0
2349 2
2350 1
2351 1
2352 1
2353 1
2354 4
2355 2
2356 2
2357 1
2358 2
2359 2
2360 1
2361 2
2362 1
2363 1
2364 1
2365 1
2366 1
2367 1
2368 0
2369 1
2370 0
2371 1
2372 1
2373 0
2374 3
2375 2
2376 0
2377 3
2378 2
2379 0
2380 0
2381 3
2382 3
2383 1
2384 4
2385 3
2386 2
2387 3
2388 1
2389 2
2390 0
2391 1
2392 1
2393 0
2394 2
2395 0
2396 2
2397 2
2398 2
2399 2
2400 2
2401 1
2402 3
2403 2
2404 1
2405 2
2406 0
2407 1
2408 1
2409 2
2410 2
2411 2
2412 2
2413 1
2414 0
2415 5
2416 2
2417 0
2418 3
2419 2
2420 0
2421 2
2422 1
2423 2
2424 2
2425 2
2426 1
2427 1
2428 0
2429 3
2430 0
2431 3
2432 2
2433 3
2434 4
2435 2
2436 3
2437 2
2438 1
2439 1
2440 2
2441 2
2442 4
2443 0
2444 3
2445 2
2446 2
2447 0
2448 1
2449 2
2450 1
2451 1
2452 3
2453 3
2454 4
2455 2
2456 2
2457 1
2458 3
2459 1
2460 5
2461 3
2462 3
2463 1
2464 3
2465 1
2466 2
2467 2
2468 3
2469 2
2470 1
2471 1
2472 3
2473 1
2474 0
2475 3
2476 2
2477 1
2478 0
2479 3
2480 1
2481 1
2482 1
2483 2
2484 3
2485 3
2486 3
2487 3
2488 1
2489 1
2490 1
2491 3
2492 5
2493 3
2494 1
2495 2
2496 2
2497 0
2498 0
2499 2
2500 3
2501 3
2502 1
2503 4
2504 0
2505 4
2506 4
2507 1
2508 1
2509 1
2510 2
2511 1
2512 3
2513 1
2514 3
2515 2
2516 3
2517 2
2518 4
2519 3
2520 2
2521 3
2522 3
2523 3
2524 1
2525 5
2526 2
2527 0
2528 2
2529 2
2530 0
2531 0
2532 1
2533 2
2534 5
2535 1
2536 2
2537 2
2538 2
2539 3
2540 2
2541 2
2542 0
2543 3
2544 4
2545 1
2546 2
2547 0
2548 1
2549 3
2550 0
2551 1
2552 2
2553 2
2554 1
2555 3
2556 2
2557 1
2558 0
2559 3
2560 1
2561 0
2562 1
2563 3
2564 0
2565 2
2566 3
2567 2
2568 4
2569 3
2570 1
2571 1
2572 0
2573 2
2574 3
2575 3
2576 1
2577 1
2578 1
2579 1
2580 2
2581 3
2582 0
2583 3
2584 1
2585 2
2586 2
2587 4
2588 1
2589 2
2590 2
2591 4
2592 2
2593 4
2594 2
2595 2
2596 2
2597 2
2598 1
2599 1
2600 2
2601 2
2602 4
2603 2
2604 2
2605 1
2606 1
2607 2
2608 2
2609 1
2610 3
2611 3
2612 3
2613 2
2614 1
2615 2
2616 3
2617 1
2618 2
2619 2
2620 5
2621 4
2622 1
2623 2
2624 1
2625 0
2626 3
2627 2
2628 2
2629 0
2630 2
2631 0
2632 1
2633 1
2634 2
2635 1
2636 2
2637 2
2638 2
2639 1
2640 1
2641 1
2642 1
2643 1
2644 0
2645 1
2646 3
2647 2
2648 1
2649 2
2650 2
2651 1
2652 3
2653 1
2654 2
2655 2
2656 1
2657 3
2658 0
2659 1
2660 1
2661 2
2662 2
2663 1
2664 2
2665 2
2666 1
2667 1
2668 2
2669 4
2670 3
2671 4
2672 3
2673 4
2674 1
2675 0
2676 3
2677 2
2678 0
2679 2
2680 1
2681 2
2682 2
2683 2
2684 2
2685 2
2686 3
2687 0
2688 0
2689 1
2690 2
2691 4
2692 2
2693 0
2694 1
2695 2
2696 3
2697 0
2698 1
2699 2
2700 1
2701 2
2702 0
2703 3
2704 1
2705 2
2706 1
2707 2
2708 1
2709 3
2710 3
2711 0
2712 0
2713 2
2714 0
2715 2
2716 1
2717 2
2718 0
2719 1
2720 1
2721 1
2722 2
2723 0
2724 4
2725 1
2726 1
2727 2
2728 1
2729 3
2730 1
2731 2
2732 2
2733 1
2734 2
2735 5
2736 1
2737 2
2738 0
2739 2
2740 0
2741 3
2742 1
2743 0
2744 2
2745 2
2746 4
2747 3
2748 0
2749 2
2750 1
2751 4
2752 3
2753 2
2754 2
2755 1
2756 2
2757 1
2758 1
2759 2
2760 2
2761 4
2762 0
2763 1
2764 3
2765 3
2766 1
2767 3
2768 1
2769 1
2770 0
2771 3
2772 1
2773 1
2774 2
2775 2
2776 0
2777 1
2778 2
2779 1
2780 1
2781 0
2782 3
2783 1
2784 0
2785 2
2786 1
2787 2
2788 0
2789 2
2790 1
2791 1
2792 1
2793 0
2794 0
2795 1
2796 2
2797 0
2798 0
2799 0
2800 1
2801 1
2802 0
2803 0
2804 0
2805 0
2806 1
2807 1
2808 4
2809 1
2810 2
2811 1
2812 3
2813 0
2814 1
2815 1
2816 4
2817 3
2818 0
2819 1
2820 1
2821 2
2822 2
2823 1
2824 0
2825 2
2826 1
2827 2
2828 0
2829 1
2830 3
2831 0
2832 2
2833 3
2834 0
2835 1
2836 2
2837 3
2838 3
2839 2
2840 0
2841 2
2842 1
2843 2
2844 1
2845 1
2846 0
2847 0
2848 0
2849 2
2850 1
2851 3
2852 4
2853 1
2854 3
2855 1
2856 0
2857 1
2858 1
2859 1
2860 0
2861 1
2862 3
2863 1
2864 3
2865 3
2866 0
2867 2
2868 1
2869 1
2870 0
2871 0
2872 2
2873 0
2874 2
2875 1
2876 1
2877 1
2878 1
2879 2
2880 2
2881 1
2882 0
2883 1
2884 0
2885 0
2886 1
2887 2
2888 3
2889 2
2890 2
2891 1
2892 0
2893 1
2894 3
2895 1
2896 1
2897 0
2898 2
2899 1
2900 2
2901 2
2902 1
2903 2
2904 0
2905 1
2906 1
2907 2
2908 2
2909 2
2910 1
2911 2
2912 2
2913 1
2914 2
2915 1
2916 1
2917 2
2918 1
2919 3
2920 1
2921 3
2922 2
2923 3
2924 4
2925 3
2926 1
2927 2
2928 0
2929 1
2930 4
2931 2
2932 1
2933 1
2934 0
2935 0
2936 2
2937 3
2938 3
2939 2
2940 0
2941 1
2942 1
2943 1
2944 1
2945 2
2946 1
2947 1
2948 1
2949 1
2950 2
2951 0
2952 4
2953 2
2954 0
2955 4
2956 1
2957 1
2958 2
2959 3
2960 2
2961 3
2962 1
2963 1
2964 1
2965 1
2966 2
2967 2
2968 1
2969 2
2970 2
2971 0
2972 3
2973 1
2974 1
2975 0
2976 2
2977 1
2978 1
2979 2
2980 2
2981 1
2982 1
2983 3
2984 3
2985 2
2986 1
2987 2
2988 1
2989 2
2990 0
2991 1
2992 1
2993 1
2994 1
2995 2
2996 3
2997 0
2998 2
2999 1
3000 3
3001 0
3002 1
3003 0
3004 2
3005 2
3006 1
3007 1
3008 4
3009 0
3010 1
3011 2
3012 1
3013 1
3014 0
3015 1
3016 0
3017 1
3018 2
3019 0
3020 1
3021 0
3022 2
3023 0
3024 0
3025 0
3026 0
3027 1
3028 1
3029 2
3030 1
3031 0
3032 0
3033 1
3034 1
3035 1
3036 0
3037 1
3038 1
3039 2
3040 1
3041 2
3042 0
3043 2
3044 2
3045 1
3046 2
3047 0
3048 1
3049 0
3050 1
3051 0
3052 2
3053 0
3054 0
3055 1
3056 0
3057 1
3058 1
3059 1
3060 0
3061 1
3062 0
3063 1
3064 0
3065 1
3066 1
3067 1
3068 2
3069 2
3070 0
3071 0
3072 1
3073 1
3074 0
3075 1
3076 1
3077 0
3078 1
3079 1
3080 1
3081 0
3082 1
3083 0
3084 0
3085 0
3086 1
3087 0
3088 1
3089 1
3090 0
3091 2
3092 2
3093 1
3094 0
3095 1
3096 0
3097 1
3098 0
3099 1
3100 1
3101 2
3102 0
3103 0
3104 1
3105 2
3106 3
3107 0
3108 0
3109 0
3110 0
3111 2
3112 2
3113 1
3114 2
3115 0
3116 1
3117 1
3118 0
3119 2
3120 0
3121 2
3122 1
3123 4
3124 4
3125 1
3126 1
3127 2
3128 2
3129 0
3130 1
3131 2
3132 3
3133 4
3134 2
3135 1
3136 0
3137 1
3138 0
3139 2
3140 0
3141 2
3142 0
3143 0
3144 3
3145 3
3146 2
3147 0
3148 2
3149 3
3150 2
3151 3
3152 0
3153 2
3154 0
3155 1
3156 0
3157 2
3158 2
3159 2
3160 2
3161 2
3162 1
3163 3
3164 1
3165 1
3166 1
3167 0
3168 0
3169 0
3170 3
3171 2
3172 2
3173 1
3174 3
3175 2
3176 0
3177 1
3178 5
3179 3
3180 3
3181 3
3182 1
3183 0
3184 2
3185 0
3186 1
3187 2
3188 2
3189 2
3190 1
3191 2
3192 2
3193 2
3194 0
3195 0
3196 2
3197 1
3198 2
3199 2
3200 2
3201 0
3202 3
3203 1
3204 0
3205 2
3206 3
3207 1
3208 2
3209 1
3210 1
3211 2
3212 3
3213 1
3214 1
3215 3
3216 1
3217 2
3218 1
3219 1
3220 0
3221 2
3222 2
3223 2
3224 2
3225 1
3226 3
3227 1
3228 2
3229 1
3230 0
3231 2
3232 0
3233 2
3234 1
3235 1
3236 1
3237 1
3238 2
3239 1
3240 0
3241 2
3242 3
3243 3
3244 0
3245 0
3246 0
3247 3
3248 1
3249 3
3250 1
3251 3
3252 2
3253 1
3254 3
3255 1
3256 2
3257 2
3258 1
3259 3
3260 0
3261 2
3262 2
3263 1
3264 1
3265 0
3266 4
3267 4
3268 3
3269 1
3270 1
3271 2
3272 0
3273 2
3274 2
3275 2
3276 1
3277 1
3278 2
3279 4
3280 1
3281 1
3282 1
3283 1
3284 1
3285 1
3286 2
3287 3
3288 2
3289 0
3290 1
3291 0
3292 0
3293 1
3294 2
3295 1
3296 1
3297 3
3298 2
3299 3
3300 0
3301 2
3302 1
3303 1
3304 2
3305 1
3306 2
3307 3
3308 3
3309 3
3310 2
3311 1
3312 3
3313 2
3314 2
3315 1
3316 4
3317 2
3318 2
3319 3
3320 2
3321 3
3322 1
3323 0
3324 3
3325 3
3326 3
3327 4
3328 3
3329 1
3330 3
3331 4
3332 2
3333 1
3334 0
3335 1
3336 1
3337 3
3338 2
3339 2
3340 2
3341 3
3342 2
3343 1
3344 2
3345 2
3346 1
3347 1
3348 1
3349 2
3350 3
3351 1
3352 0
3353 2
3354 1
3355 1
3356 1
3357 0
3358 3
3359 1
3360 3
3361 2
3362 4
3363 2
3364 1
3365 0
3366 3
3367 2
3368 1
3369 0
3370 3
3371 0
3372 2
3373 3
3374 2
3375 1
3376 1
3377 2
3378 4
3379 1
3380 2
3381 1
3382 2
3383 1
3384 0
3385 1
3386 0
3387 1
3388 0
3389 1
3390 1
3391 1
3392 1
3393 0
3394 0
3395 1
3396 1
3397 1
3398 2
3399 1
3400 1
3401 2
3402 1
3403 1
3404 2
3405 3
3406 2
3407 1
3408 0
3409 2
3410 1
3411 3
3412 1
3413 2
3414 2
3415 0
3416 3
3417 0
3418 4
3419 2
3420 0
3421 3
3422 0
3423 3
3424 1
3425 4
3426 1
3427 3
3428 2
3429 2
3430 1
3431 1
3432 1
3433 2
3434 3
3435 0
3436 1
3437 3
3438 2
3439 0
3440 0
3441 2
3442 1
3443 2
3444 2
3445 0
3446 1
3447 1
3448 1
3449 1
3450 2
3451 1
3452 2
3453 1
3454 1
3455 2
3456 0
3457 1
3458 1
3459 1
3460 1
3461 0
3462 1
3463 0
3464 0
3465 1
3466 0
3467 0
3468 1
3469 0
3470 3
3471 0
3472 2
3473 0
3474 1
3475 1
3476 1
3477 2
3478 1
3479 1
3480 0
3481 1
3482 0
3483 0
3484 1
3485 2
3486 1
3487 1
3488 1
3489 0
3490 2
3491 1
3492 1
3493 2
3494 0
3495 1
3496 2
3497 1
3498 2
3499 1
3500 1
3501 1
3502 1
3503 0
3504 0
3505 1
3506 2
3507 1
3508 0
3509 1
3510 0
3511 2
3512 1
3513 2
3514 0
3515 1
3516 1
3517 1
3518 0
3519 1
3520 0
3521 1
3522 1
3523 0
3524 2
3525 2
3526 2
3527 0
3528 3
3529 3
3530 3
3531 2
3532 2
3533 1
3534 2
3535 0
3536 0
3537 1
3538 1
3539 1
3540 0
3541 0
3542 3
3543 3
3544 1
3545 1
3546 4
3547 0
3548 2
3549 3
3550 0
3551 2
3552 1
3553 2
3554 0
3555 0
3556 1
3557 3
3558 1
3559 3
3560 1
3561 1
3562 2
3563 1
3564 2
3565 2
3566 0
3567 0
3568 1
3569 1
3570 2
3571 0
3572 3
3573 2
3574 1
3575 2
3576 1
3577 5
3578 1
3579 3
3580 1
3581 4
3582 2
3583 2
3584 1
3585 2
3586 2
3587 1
3588 0
3589 0
3590 3
3591 1
3592 2
3593 2
3594 4
3595 3
3596 2
3597 2
3598 2
3599 1
3600 2
3601 0
3602 2
3603 1
3604 3
3605 1
3606 3
3607 2
3608 2
3609 4
3610 3
3611 2
3612 0
3613 2
3614 1
3615 1
3616 1
3617 1
3618 3
3619 1
3620 2
3621 1
3622 0
3623 1
3624 2
3625 0
3626 1
3627 2
3628 2
3629 4
3630 2
3631 1
3632 2
3633 4
3634 4
3635 0
3636 2
3637 3
3638 3
3639 1
3640 1
3641 1
3642 2
3643 0
3644 2
3645 1
3646 1
3647 3
3648 1
3649 2
3650 3
3651 1
3652 2
3653 2
3654 1
3655 0
3656 1
3657 1
3658 2
3659 1
3660 3
3661 1
3662 0
3663 0
3664 1
3665 3
3666 0
3667 1
3668 0
3669 3
3670 2
3671 1
3672 3
3673 2
3674 2
3675 3
3676 1
3677 1
3678 0
3679 0
3680 1
3681 2
3682 0
3683 0
3684 3
3685 1
3686 4
3687 2
3688 3
3689 3
3690 2
3691 2
3692 1
3693 2
3694 2
3695 3
3696 1
3697 2
3698 2
3699 2
3700 0
3701 0
3702 0
3703 2
3704 3
3705 0
3706 3
3707 0
3708 2
3709 2
3710 1
3711 0
3712 0
3713 0
3714 2
3715 2
3716 2
3717 2
3718 1
3719 1
3720 0
3721 4
3722 4
3723 2
3724 1
3725 2
3726 2
3727 1
3728 0
3729 2
3730 1
3731 0
3732 2
3733 0
3734 1
3735 1
3736 1
3737 1
3738 2
3739 1
3740 1
3741 1
3742 0
3743 1
3744 1
3745 1
3746 3
3747 1
3748 1
3749 2
3750 1
3751 2
3752 2
3753 1
3754 1
3755 1
3756 1
3757 0
3758 1
3759 0
3760 1
3761 2
3762 4
3763 2
3764 2
3765 0
3766 0
3767 3
3768 1
3769 4
3770 2
3771 4
3772 3
3773 1
3774 1
3775 1
3776 1
3777 3
3778 3
3779 4
3780 2
3781 3
3782 3
3783 1
3784 0
3785 2
3786 3
3787 2
3788 4
3789 1
3790 0
3791 2
3792 2
3793 0
3794 4
3795 1
3796 4
3797 1
3798 0
3799 0
3800 2
3801 2
3802 2
3803 2
3804 2
3805 1
3806 4
3807 1
3808 0
3809 1
3810 1
3811 1
3812 0
3813 1
3814 3
3815 0
3816 1
3817 1
3818 3
3819 0
3820 1
3821 2
3822 1
3823 1
3824 1
3825 3
3826 4
3827 1
3828 0
3829 1
3830 1
3831 1
3832 3
3833 2
3834 3
3835 0
3836 1
3837 2
3838 2
3839 1
3840 1
3841 1
3842 1
3843 1
3844 2
3845 1
3846 2
3847 2
3848 2
3849 0
3850 1
3851 1
3852 0
3853 2
3854 2
3855 1
3856 1
3857 1
3858 0
3859 2
3860 1
3861 0
3862 1
3863 1
3864 5
3865 2
3866 2
3867 2
3868 3
3869 1
3870 1
3871 1
3872 1
3873 0
3874 1
3875 3
3876 2
3877 1
3878 2
3879 3
3880 3
3881 0
3882 0
3883 1
3884 1
3885 1
3886 1
3887 3
3888 3
3889 1
3890 0
3891 2
3892 2
3893 2
3894 3
3895 2
3896 2
3897 2
3898 1
3899 3
3900 1
3901 0
3902 0
3903 2
3904 3
3905 0
3906 2
3907 2
3908 3
3909 5
3910 1
3911 2
3912 3
3913 1
3914 1
3915 2
3916 5
3917 1
3918 3
3919 2
3920 0
3921 2
3922 1
3923 0
3924 0
3925 3
3926 3
3927 3
3928 2
3929 2
3930 2
3931 5
3932 4
3933 8
3934 1
3935 2
3936 5
3937 3
3938 1
3939 1
3940 3
3941 2
3942 2
3943 4
3944 2
3945 4
3946 3
3947 0
3948 3
3949 1
3950 5
3951 2
3952 1
3953 1
3954 2
3955 2
3956 2
3957 1
3958 1
3959 1
3960 2
3961 4
3962 1
3963 1
3964 1
3965 0
3966 0
3967 2
3968 2
3969 3
3970 3
3971 1
3972 2
3973 2
3974 3
3975 2
3976 3
3977 3
3978 3
3979 4
3980 1
3981 1
3982 1
3983 0
3984 1
3985 1
3986 2
3987 1
3988 1
3989 2
3990 2
3991 3
3992 1
3993 4
3994 3
3995 3
3996 1
3997 3
3998 3
3999 2
4000 3
4001 2
4002 1
4003 1
4004 1
4005 1
4006 1
4007 2
4008 4
4009 0
4010 2
4011 3
4012 4
4013 0
4014 3
4015 1
4016 2
4017 1
4018 1
4019 1
4020 1
4021 2
4022 1
4023 1
4024 4
4025 1
4026 1
4027 4
4028 1
4029 2
4030 2
4031 2
4032 3
4033 0
4034 3
4035 3
4036 2
4037 1
4038 3
4039 3
4040 1
4041 1
4042 2
4043 3
4044 5
4045 4
4046 3
4047 1
4048 0
4049 1
4050 2
4051 2
4052 1
4053 2
4054 1
4055 2
4056 3
4057 1
4058 0
4059 2
4060 2
4061 5
4062 3
4063 2
4064 1
4065 1
4066 3
4067 5
4068 4
4069 3
4070 2
4071 0
4072 2
4073 2
4074 4
4075 2
4076 0
4077 2
4078 0
4079 1
4080 0
4081 0
4082 2
4083 1
4084 1
4085 1
4086 1
4087 2
4088 2
4089 1
4090 0
4091 0
4092 3
4093 2
4094 2
4095 0
4096 0
4097 0
4098 1
4099 1
4100 0
4101 2
4102 0
4103 0
4104 2
4105 1
4106 1
4107 4
4108 3
4109 1
4110 2
4111 0
4112 0
4113 1
4114 0
4115 2
4116 0
4117 1
4118 0
4119 2
4120 4
4121 2
4122 2
4123 0
4124 2
4125 2
4126 2
4127 2
4128 1
4129 0
4130 0
4131 3
4132 3
4133 0
4134 1
4135 1
4136 1
4137 1
4138 1
4139 2
4140 2
4141 1
4142 1
4143 4
4144 1
4145 2
4146 2
4147 2
4148 3
4149 0
4150 1
4151 2
4152 4
4153 1
4154 1
4155 5
4156 2
4157 2
4158 1
4159 1
4160 1
4161 1
4162 2
4163 2
4164 2
4165 2
4166 1
4167 2
4168 0
4169 3
4170 2
4171 1
4172 3
4173 1
4174 1
4175 3
4176 1
4177 1
4178 1
4179 2
4180 2
4181 2
4182 1
4183 3
4184 1
4185 0
4186 2
4187 0
4188 2
4189 0
4190 1
4191 2
4192 3
4193 2
4194 0
4195 1
4196 2
4197 2
4198 1
4199 2
4200 1
4201 2
4202 2
4203 0
4204 1
4205 1
4206 0
4207 3
4208 0
4209 1
4210 1
4211 3
4212 2
4213 2
4214 2
4215 1
4216 1
4217 0
4218 0
4219 2
4220 3
4221 1
4222 0
4223 2
4224 0
4225 0
4226 0
4227 4
4228 2
4229 1
4230 1
4231 2
4232 0
4233 1
4234 3
4235 4
4236 2
4237 0
4238 1
4239 1
4240 1
4241 2
4242 2
4243 4
4244 2
4245 1
4246 1
4247 2
4248 2
4249 0
4250 4
4251 1
4252 2
4253 2
4254 2
4255 1
4256 1
4257 0
4258 1
4259 1
4260 3
4261 2
4262 3
4263 1
4264 0
4265 1
4266 2
4267 2
4268 1
4269 0
4270 1
4271 0
4272 0
4273 0
4274 2
4275 1
4276 0
4277 0
4278 0
4279 1
4280 2
4281 1
4282 0
4283 0
4284 4
4285 2
4286 2
4287 2
4288 0
4289 2
4290 1
4291 1
4292 4
4293 1
4294 0
4295 0
4296 2
4297 2
4298 1
4299 1
4300 2
4301 1
4302 1
4303 1
4304 0
4305 0
4306 1
4307 1
4308 1
4309 1
4310 1
4311 1
4312 2
4313 1
4314 1
4315 1
4316 3
4317 0
4318 0
4319 1
4320 3
4321 4
4322 1
4323 3
4324 3
4325 0
4326 4
4327 1
4328 2
4329 2
4330 1
4331 2
4332 2
4333 0
4334 1
4335 1
4336 1
4337 2
4338 3
4339 1
4340 1
4341 1
4342 2
4343 0
4344 0
4345 1
4346 1
4347 0
4348 2
4349 2
4350 2
4351 2
4352 1
4353 2
4354 1
4355 2
4356 1
4357 0
4358 1
4359 1
4360 2
4361 1
4362 1
4363 1
4364 2
4365 3
4366 1
4367 1
4368 2
4369 4
4370 4
4371 2
4372 1
4373 2
4374 0
4375 1
4376 0
4377 0
4378 5
4379 1
4380 3
4381 1
4382 3
4383 0
4384 2
4385 1
4386 6
4387 0
4388 0
4389 4
4390 4
4391 3
4392 1
4393 1
4394 0
4395 2
4396 4
4397 3
4398 2
4399 1
4400 3
4401 0
4402 3
4403 3
4404 2
4405 2
4406 1
4407 2
4408 2
4409 4
4410 2
4411 0
4412 4
4413 3
4414 2
4415 1
4416 1
4417 2
4418 2
4419 2
4420 4
4421 4
4422 2
4423 2
4424 3
4425 2
4426 1
4427 0
4428 1
4429 1
4430 0
4431 2
4432 2
4433 1
4434 0
4435 0
4436 0
4437 4
4438 1
4439 1
4440 2
4441 0
4442 2
4443 2
4444 2
4445 1
4446 1
4447 1
4448 2
4449 2
4450 1
4451 0
4452 1
4453 2
4454 1
4455 1
4456 1
4457 2
4458 2
4459 0
4460 2
4461 1
4462 2
4463 1
4464 0
4465 1
4466 1
4467 1
4468 1
4469 2
4470 2
4471 4
4472 3
4473 2
4474 3
4475 2
4476 0
4477 0
4478 1
4479 3
4480 1
4481 1
4482 2
4483 1
4484 3
4485 2
4486 1
4487 0
4488 1
4489 2
4490 2
4491 3
4492 2
4493 2
4494 1
4495 1
4496 1
4497 2
4498 1
4499 0
4500 1
4501 2
4502 2
4503 3
4504 3
4505 3
4506 1
4507 2
4508 1
4509 2
4510 1
4511 1
4512 2
4513 2
4514 0
4515 1
4516 1
4517 1
4518 6
4519 3
4520 1
4521 1
4522 1
4523 1
4524 1
4525 3
4526 1
4527 0
4528 1
4529 1
4530 1
4531 2
4532 0
4533 0
4534 1
4535 4
4536 2
4537 3
4538 3
4539 0
4540 2
4541 3
4542 1
4543 0
4544 2
4545 1
4546 2
4547 3
4548 1
4549 5
4550 0
4551 2
4552 2
4553 1
4554 2
4555 1
4556 1
4557 2
4558 1
4559 2
4560 1
4561 0
4562 0
4563 2
4564 2
4565 4
4566 3
4567 2
4568 0
4569 3
4570 3
4571 1
4572 5
4573 2
4574 2
4575 1
4576 3
4577 2
4578 1
4579 5
4580 1
4581 2
4582 2
4583 3
4584 2
4585 2
4586 1
4587 5
4588 4
4589 2
4590 1
4591 3
4592 3
4593 0
4594 2
4595 1
4596 4
4597 5
4598 4
4599 3
4600 1
4601 1
4602 1
4603 4
4604 2
4605 1
4606 3
4607 4
4608 1
4609 2
4610 1
4611 2
4612 3
4613 4
4614 4
4615 3
4616 2
4617 4
4618 1
4619 0
4620 1
4621 3
4622 2
4623 3
4624 1
4625 1
4626 0
4627 1
4628 0
4629 1
4630 2
4631 1
4632 1
4633 0
4634 2
4635 2
4636 2
4637 2
4638 1
4639 2
4640 3
4641 1
4642 1
4643 2
4644 2
4645 1
4646 1
4647 3
4648 1
4649 2
4650 3
4651 1
4652 2
4653 2
4654 2
4655 4
4656 3
4657 2
4658 5
4659 1
4660 2
4661 5
4662 1
4663 5
4664 5
4665 3
4666 2
4667 3
4668 1
4669 3
4670 1
4671 1
4672 2
4673 4
4674 4
4675 2
4676 4
4677 0
4678 2
4679 3
4680 2
4681 5
4682 5
4683 1
4684 4
4685 0
4686 3
4687 3
4688 3
4689 1
4690 4
4691 3
4692 1
4693 2
4694 6
4695 1
4696 4
4697 4
4698 3
4699 4
4700 1
4701 3
4702 3
4703 5
4704 1
4705 1
4706 1
4707 1
4708 0
4709 1
4710 1
4711 1
4712 4
4713 4
4714 1
4715 1
4716 1
4717 0
4718 2
4719 2
4720 2
4721 4
4722 4
4723 3
4724 4
4725 1
4726 2
4727 2
4728 2
4729 0
4730 0
4731 0
4732 4
4733 3
4734 2
4735 2
4736 1
4737 2
4738 5
4739 2
4740 2
4741 4
4742 2
4743 3
4744 0
4745 1
4746 1
4747 1
4748 2
4749 4
4750 2
4751 3
4752 4
4753 3
4754 1
4755 1
4756 1
4757 4
4758 3
4759 2
4760 3
4761 6
4762 2
4763 0
4764 4
4765 1
4766 5
4767 2
4768 3
4769 2
4770 2
4771 4
4772 0
4773 2
4774 0
4775 0
4776 2
4777 2
4778 1
4779 3
4780 2
4781 4
4782 3
4783 2
4784 0
4785 3
4786 2
4787 1
4788 3
4789 2
4790 4
4791 2
4792 1
4793 1
4794 3
4795 3
4796 2
4797 3
4798 1
4799 4
4800 1
4801 2
4802 4
4803 2
4804 2
4805 2
4806 2
4807 2
4808 1
4809 1
4810 4
4811 2
4812 1
4813 0
4814 2
4815 1
4816 3
4817 1
4818 2
4819 1
4820 2
4821 1
4822 2
4823 1
4824 1
4825 2
4826 1
4827 3
4828 2
4829 4
4830 2
4831 0
4832 1
4833 2
4834 2
4835 2
4836 2
4837 2
4838 5
4839 1
4840 0
4841 0
4842 1
4843 3
4844 2
4845 1
4846 3
4847 2
4848 0
4849 0
4850 3
4851 3
4852 2
4853 1
4854 2
4855 1
4856 4
4857 1
4858 2
4859 2
4860 2
4861 3
4862 4
4863 1
4864 1
4865 2
4866 2
4867 2
4868 0
4869 2
4870 2
4871 4
4872 4
4873 1
4874 6
4875 1
4876 2
4877 3
4878 1
4879 3
4880 4
4881 1
4882 5
4883 4
4884 0
4885 4
4886 2
4887 1
4888 2
4889 0
4890 0
4891 0
4892 2
4893 1
4894 2
4895 4
4896 3
4897 3
4898 2
4899 2
4900 3
4901 1
4902 1
4903 1
4904 3
4905 2
4906 2
4907 1
4908 3
4909 0
4910 2
4911 5
4912 0
4913 3
4914 1
4915 2
4916 4
4917 1
4918 3
4919 1
4920 2
4921 0
4922 2
4923 2
4924 1
4925 1
4926 0
4927 3
4928 2
4929 1
4930 1
4931 1
4932 2
4933 1
4934 1
4935 4
4936 1
4937 1
4938 3
4939 2
4940 2
4941 4
4942 4
4943 1
4944 2
4945 4
4946 3
4947 3
4948 3
4949 3
4950 1
4951 3
4952 2
4953 0
4954 3
4955 3
4956 5
4957 2
4958 2
4959 2
4960 3
4961 2
4962 2
4963 2
4964 3
4965 1
4966 2
4967 5
4968 0
4969 1
4970 1
4971 0
4972 0
4973 1
4974 2
4975 2
4976 2
4977 1
4978 3
4979 2
4980 0
4981 4
4982 4
4983 2
4984 2
4985 0
4986 0
4987 0
4988 1
4989 3
4990 2
4991 3
4992 3
4993 3
4994 3
4995 2
4996 3
4997 2
4998 1
4999 3
5000 0
5001 3
5002 1
5003 2
5004 2
5005 1
5006 1
5007 4
5008 1
5009 1
5010 1
5011 1
5012 2
5013 1
5014 4
5015 5
5016 3
5017 1
5018 2
5019 2
5020 4
5021 1
5022 1
5023 1
5024 2
5025 1
5026 3
5027 3
5028 2
5029 2
5030 4
5031 1
5032 3
5033 3
5034 4
5035 3
5036 4
5037 1
5038 2
5039 1
5040 0
5041 1
5042 1
5043 4
5044 1
5045 3
5046 2
5047 0
5048 2
5049 2
5050 4
5051 3
5052 2
5053 2
5054 1
5055 2
5056 1
5057 1
5058 2
5059 2
5060 2
5061 1
5062 3
5063 1
5064 2
5065 1
5066 3
5067 2
5068 0
5069 1
5070 4
5071 5
5072 3
5073 2
5074 0
5075 1
5076 3
5077 3
5078 1
5079 3
5080 2
5081 3
5082 2
5083 1
5084 3
5085 1
5086 4
5087 1
5088 5
5089 1
5090 3
5091 2
5092 1
5093 3
5094 2
5095 4
5096 2
5097 1
5098 1
5099 3
5100 4
5101 2
5102 2
5103 3
5104 2
5105 2
5106 2
5107 4
5108 2
5109 4
5110 1
5111 2
5112 2
5113 1
5114 2
5115 4
5116 5
5117 3
5118 3
5119 4
5120 2
5121 5
5122 3
5123 1
5124 2
5125 0
5126 1
5127 3
5128 0
5129 1
5130 4
5131 4
5132 2
5133 3
5134 2
5135 4
5136 1
5137 2
5138 1
5139 2
5140 4
5141 2
5142 1
5143 1
5144 4
5145 1
5146 3
5147 3
5148 1
5149 6
5150 3
5151 2
5152 1
5153 1
5154 1
5155 2
5156 4
5157 2
5158 2
5159 3
5160 0
5161 2
5162 4
5163 2
5164 2
5165 1
5166 2
5167 2
5168 1
5169 5
5170 1
5171 2
5172 1
5173 2
5174 3
5175 4
5176 2
5177 2
5178 1
5179 1
5180 1
5181 5
5182 1
5183 2
5184 1
5185 2
5186 2
5187 4
5188 1
5189 6
5190 2
5191 2
5192 3
5193 4
5194 6
5195 3
5196 2
5197 3
5198 4
5199 4
5200 3
5201 1
5202 2
5203 2
5204 5
5205 1
5206 5
5207 1
5208 4
5209 5
5210 1
5211 2
5212 4
5213 3
5214 4
5215 5
5216 0
5217 4
5218 2
5219 1
5220 4
5221 2
5222 2
5223 0
5224 0
5225 1
5226 4
5227 6
5228 2
5229 1
5230 2
5231 4
5232 6
5233 2
5234 0
5235 1
5236 3
5237 2
5238 1
5239 4
5240 1
5241 1
5242 0
5243 1
5244 2
5245 2
5246 1
5247 0
5248 1
5249 4
5250 2
5251 5
5252 1
5253 5
5254 2
5255 1
5256 3
5257 3
5258 0
5259 4
5260 1
5261 4
5262 3
5263 3
5264 1
5265 1
5266 1
5267 3
5268 2
5269 2
5270 2
5271 3
5272 1
5273 1
5274 3
5275 3
5276 2
5277 2
5278 2
5279 1
5280 4
5281 0
5282 3
5283 3
5284 2
5285 5
5286 3
5287 3
5288 4
5289 6
5290 1
5291 1
5292 2
5293 2
5294 2
5295 1
5296 1
5297 5
5298 5
5299 2
5300 2
5301 4
5302 0
5303 2
5304 1
5305 2
5306 2
5307 0
5308 1
5309 2
5310 4
5311 1
5312 0
5313 3
5314 2
5315 1
5316 1
5317 3
5318 5
5319 2
5320 3
5321 2
5322 3
5323 3
5324 3
5325 4
5326 4
5327 0
5328 3
5329 1
5330 1
5331 1
5332 2
5333 0
5334 1
5335 2
5336 1
5337 0
5338 1
5339 3
5340 1
5341 2
5342 2
5343 0
5344 1
5345 5
5346 4
5347 3
5348 1
5349 2
5350 2
5351 2
5352 3
5353 1
5354 1
5355 0
5356 2
5357 1
5358 0
5359 0
5360 1
5361 0
5362 2
5363 1
5364 2
5365 1
5366 0
5367 1
5368 3
5369 1
5370 3
5371 0
5372 3
5373 2
5374 3
5375 2
5376 1
5377 2
5378 1
5379 2
5380 0
5381 4
5382 1
5383 1
5384 0
5385 1
5386 2
5387 1
5388 0
5389 0
5390 1
5391 0
5392 2
5393 0
5394 2
5395 1
5396 1
5397 1
5398 2
5399 1
5400 1
5401 1
5402 3
5403 4
5404 1
5405 2
5406 1
5407 0
5408 1
5409 1
5410 0
5411 0
5412 0
5413 0
5414 2
5415 1
5416 3
5417 1
5418 0
5419 1
5420 3
5421 1
5422 1
5423 1
5424 1
5425 2
5426 0
5427 0
5428 2
5429 0
5430 1
5431 0
5432 2
5433 0
5434 1
5435 1
5436 4
5437 1
5438 1
5439 4
5440 1
5441 2
5442 1
5443 3
5444 1
5445 3
5446 0
5447 3
5448 0
5449 0
5450 2
5451 0
5452 1
5453 3
5454 1
5455 1
5456 3
5457 0
5458 1
5459 4
5460 0
5461 2
5462 0
5463 1
5464 2
5465 1
5466 2
5467 0
5468 1
5469 2
5470 0
5471 1
5472 1
5473 1
5474 1
5475 2
5476 1
5477 3
5478 0
5479 3
5480 1
5481 2
5482 1
5483 0
5484 2
5485 1
5486 1
5487 0
5488 0
5489 2
5490 3
5491 1
5492 2
5493 3
5494 1
5495 2
5496 1
5497 2
5498 3
5499 4
5500 3
5501 3
5502 2
5503 2
5504 1
5505 1
5506 2
5507 3
5508 3
5509 0
5510 1
5511 1
5512 2
5513 3
5514 2
5515 3
5516 1
5517 2
5518 2
5519 1
5520 3
5521 4
5522 2
5523 2
5524 1
5525 1
5526 3
5527 0
5528 1
5529 3
5530 4
5531 2
5532 2
5533 1
5534 3
5535 0
5536 3
5537 3
5538 3
5539 2
5540 0
5541 2
5542 3
5543 1
5544 5
5545 1
5546 3
5547 0
5548 0
5549 1
5550 3
5551 3
5552 1
5553 2
5554 2
5555 2
5556 1
5557 1
5558 2
5559 0
5560 1
5561 1
5562 2
5563 0
5564 3
5565 0
5566 1
5567 0
5568 2
5569 1
5570 1
5571 0
5572 1
5573 1
5574 1
5575 1
5576 2
5577 1
5578 1
5579 1
5580 0
5581 1
5582 1
5583 0
5584 1
5585 2
5586 3
5587 1
5588 2
5589 1
5590 1
5591 1
5592 2
5593 3
5594 2
5595 3
5596 4
5597 1
5598 3
5599 2
5600 4
5601 3
5602 3
5603 2
5604 1
5605 2
5606 1
5607 4
5608 0
5609 1
5610 2
5611 3
5612 1
5613 1
5614 3
5615 2
5616 2
5617 2
5618 0
5619 3
5620 1
5621 1
5622 1
5623 2
5624 1
5625 2
5626 2
5627 2
5628 0
5629 1
5630 1
5631 1
5632 1
5633 3
5634 1
5635 1
5636 3
5637 3
5638 0
5639 0
5640 1
5641 2
5642 1
5643 1
5644 0
5645 1
5646 1
5647 1
5648 2
5649 0
5650 1
5651 1
5652 0
5653 2
5654 2
5655 1
5656 1
5657 2
5658 2
5659 3
5660 5
5661 0
5662 2
5663 2
5664 0
5665 1
5666 3
5667 0
5668 2
5669 1
5670 0
5671 2
5672 0
5673 1
5674 0
5675 3
5676 3
5677 2
5678 2
5679 2
5680 3
5681 2
5682 1
5683 3
5684 3
5685 2
5686 0
5687 3
5688 1
5689 0
5690 1
5691 2
5692 2
5693 0
5694 2
5695 3
5696 1
5697 1
5698 3
5699 1
5700 0
5701 2
5702 3
5703 1
5704 1
5705 1
5706 1
5707 2
5708 0
5709 2
5710 1
5711 2
5712 0
5713 2
5714 0
5715 0
5716 2
5717 2
5718 1
5719 0
5720 3
5721 3
5722 1
5723 2
5724 0
5725 1
5726 1
5727 0
5728 2
5729 0
5730 0
5731 1
5732 2
5733 0
5734 0
5735 0
5736 1
5737 2
5738 3
5739 2
5740 0
5741 2
5742 1
5743 1
5744 1
5745 0
5746 1
5747 1
5748 1
5749 0
5750 2
5751 1
5752 0
5753 0
5754 0
5755 1
5756 0
5757 0
5758 2
5759 4
5760 1
5761 0
5762 0
5763 2
5764 2
5765 3
5766 1
5767 1
5768 0
5769 3
5770 0
5771 1
5772 1
5773 2
5774 0
5775 3
5776 3
5777 1
5778 1
5779 2
5780 2
5781 0
5782 2
5783 2
5784 3
5785 6
5786 3
5787 0
5788 3
5789 2
5790 2
5791 1
5792 4
5793 2
5794 3
5795 1
5796 1
5797 2
5798 4
5799 2
5800 1
5801 3
5802 4
5803 1
5804 2
5805 0
5806 4
5807 1
5808 2
5809 2
5810 2
5811 3
5812 4
5813 2
5814 4
5815 3
5816 3
5817 3
5818 1
5819 2
5820 3
5821 2
5822 1
5823 0
5824 1
5825 3
5826 2
5827 2
5828 1
5829 1
5830 0
5831 2
5832 0
5833 1
5834 3
5835 3
5836 1
5837 2
5838 2
5839 4
5840 0
5841 3
5842 1
5843 3
5844 1
5845 4
5846 2
5847 1
5848 3
5849 0
5850 2
5851 2
5852 3
5853 2
5854 3
5855 4
5856 2
5857 3
5858 3
5859 2
5860 0
5861 2
5862 1
5863 0
5864 1
5865 0
5866 1
5867 2
5868 0
5869 1
5870 0
5871 4
5872 4
5873 3
5874 2
5875 3
5876 3
5877 3
5878 3
5879 2
5880 1
5881 1
5882 0
5883 2
5884 0
5885 1
5886 1
5887 2
5888 0
5889 1
5890 0
5891 0
5892 4
5893 3
5894 2
5895 3
5896 0
5897 2
5898 0
5899 1
5900 0
5901 0
5902 2
5903 0
5904 0
5905 4
5906 0
5907 3
5908 2
5909 5
5910 3
5911 2
5912 2
5913 3
5914 4
5915 2
5916 3
5917 1
5918 4
5919 0
5920 0
5921 3
5922 2
5923 2
5924 4
5925 1
5926 2
5927 2
5928 3
5929 2
5930 1
5931 1
5932 1
5933 2
5934 0
5935 2
5936 2
5937 0
5938 2
5939 0
5940 1
5941 4
5942 0
5943 2
5944 3
5945 4
5946 0
5947 2
5948 1
5949 0
5950 0
5951 1
5952 0
5953 1
5954 2
5955 0
5956 0
5957 3
5958 1
5959 1
5960 0
5961 2
5962 1
5963 1
5964 0
5965 0
5966 0
5967 0
5968 1
5969 3
5970 1
5971 0
5972 4
5973 1
5974 0
5975 1
5976 2
5977 3
5978 0
5979 3
5980 1
5981 3
5982 0
5983 1
5984 0
5985 4
5986 3
5987 3
5988 1
5989 3
5990 2
5991 0
5992 3
5993 1
5994 0
5995 1
5996 1
5997 0
5998 3
5999 1
6000 1
6001 0
6002 1
6003 2
6004 0
6005 2
6006 2
6007 2
6008 1
6009 2
6010 2
6011 0
6012 2
6013 2
6014 2
6015 0
6016 2
6017 2
6018 2
6019 3
6020 2
6021 2
6022 2
6023 2
6024 1
6025 0
6026 1
6027 0
6028 0
6029 1
6030 1
6031 3
6032 0
6033 1
6034 4
6035 1
6036 5
6037 1
6038 2
6039 2
6040 3
6041 0
6042 2
6043 1
6044 3
6045 1
6046 1
6047 1
6048 3
6049 3
6050 3
6051 1
6052 2
6053 3
6054 2
6055 0
6056 2
6057 2
6058 1
6059 4
6060 3
6061 4
6062 2
6063 1
6064 4
6065 3
6066 2
6067 0
6068 4
6069 1
6070 3
6071 3
6072 3
6073 4
6074 5
6075 3
6076 1
6077 2
6078 2
6079 3
6080 1
6081 2
6082 1
6083 0
6084 5
6085 2
6086 4
6087 1
6088 1
6089 6
6090 2
6091 2
6092 3
6093 1
6094 4
6095 2
6096 1
6097 1
6098 1
6099 1
6100 3
6101 2
6102 0
6103 3
6104 2
6105 2
6106 3
6107 1
6108 1
6109 0
6110 2
6111 3
6112 3
6113 3
6114 4
6115 1
6116 3
6117 3
6118 5
6119 4
6120 2
6121 1
6122 0
6123 4
6124 3
6125 1
6126 3
6127 1
6128 4
6129 3
6130 1
6131 3
6132 2
6133 2
6134 3
6135 3
6136 1
6137 3
6138 3
6139 0
6140 2
6141 2
6142 3
6143 3
6144 3
6145 0
6146 2
6147 4
6148 1
6149 2
6150 3
6151 0
6152 1
6153 0
6154 4
6155 3
6156 3
6157 2
6158 5
6159 0
6160 3
6161 2
6162 0
6163 4
6164 0
6165 4
6166 2
6167 1
6168 4
6169 3
6170 4
6171 3
6172 4
6173 3
6174 2
6175 1
6176 3
6177 2
6178 2
6179 2
6180 3
6181 3
6182 2
6183 1
6184 1
6185 0
6186 0
6187 2
6188 4
6189 1
6190 1
6191 0
6192 5
6193 1
6194 4
6195 2
6196 2
6197 0
6198 2
6199 2
6200 2
6201 2
6202 2
6203 2
6204 3
6205 1
6206 2
6207 2
6208 3
6209 0
6210 2
6211 2
6212 5
6213 2
6214 5
6215 2
6216 2
6217 2
6218 3
6219 2
6220 3
6221 5
6222 3
6223 2
6224 3
6225 3
6226 1
6227 1
6228 3
6229 3
6230 1
6231 1
6232 5
6233 1
6234 3
6235 2
6236 2
6237 2
6238 4
6239 2
6240 0
6241 0
6242 0
6243 0
6244 4
6245 0
6246 1
6247 1
6248 4
6249 1
6250 2
6251 3
6252 3
6253 4
6254 2
6255 5
6256 0
6257 6
6258 1
6259 0
6260 4
6261 2
6262 2
6263 3
6264 4
6265 0
6266 2
6267 4
6268 2
6269 2
6270 2
6271 3
6272 3
6273 0
6274 2
6275 2
6276 3
6277 4
6278 3
6279 1
6280 2
6281 2
6282 1
6283 2
6284 6
6285 3
6286 3
6287 1
6288 0
6289 2
6290 3
6291 2
6292 0
6293 1
6294 1
6295 2
6296 1
6297 3
6298 2
6299 3
6300 1
6301 3
6302 4
6303 0
6304 1
6305 2
6306 1
6307 1
6308 2
6309 3
6310 0
6311 1
6312 5
6313 5
6314 3
6315 3
6316 1
6317 4
6318 3
6319 3
6320 1
6321 0
6322 1
6323 5
6324 3
6325 0
6326 2
6327 3
6328 4
6329 1
6330 2
6331 4
6332 5
6333 3
6334 4
6335 4
6336 6
6337 3
6338 5
6339 3
6340 0
6341 4
6342 2
6343 3
6344 4
6345 3
6346 1
6347 5
6348 5
6349 1
6350 0
6351 2
6352 3
6353 2
6354 1
6355 0
6356 2
6357 3
6358 4
6359 3
6360 1
6361 2
6362 3
6363 2
6364 1
6365 1
6366 0
6367 2
6368 3
6369 2
6370 1
6371 3
6372 3
6373 2
6374 3
6375 8
6376 3
6377 3
6378 2
6379 2
6380 4
6381 5
6382 3
6383 1
6384 1
6385 1
6386 1
6387 3
6388 3
6389 3
6390 1
6391 4
6392 5
6393 0
6394 1
6395 1
6396 3
6397 3
6398 2
6399 3
6400 3
6401 1
6402 3
6403 2
6404 1
6405 3
6406 1
6407 2
6408 2
6409 5
6410 6
6411 1
6412 3
6413 3
6414 2
6415 4
6416 2
6417 3
6418 1
6419 3
6420 3
6421 3
6422 6
6423 2
6424 4
6425 0
6426 2
6427 2
6428 2
6429 2
6430 4
6431 3
6432 4
6433 0
6434 1
6435 2
6436 0
6437 1
6438 3
6439 0
6440 1
6441 2
6442 2
6443 2
6444 2
6445 3
6446 2
6447 3
6448 1
6449 3
6450 0
6451 3
6452 3
6453 3
6454 1
6455 1
6456 0
6457 3
6458 1
6459 1
6460 0
6461 4
6462 2
6463 4
6464 3
6465 2
6466 2
6467 2
6468 1
6469 2
6470 2
6471 2
6472 0
6473 2
6474 1
6475 0
6476 1
6477 3
6478 1
6479 1
6480 3
6481 3
6482 2
6483 4
6484 2
6485 1
6486 1
6487 0
6488 3
6489 6
6490 1
6491 2
6492 1
6493 1
6494 0
6495 2
6496 2
6497 4
6498 3
6499 4
6500 1
6501 5
6502 1
6503 4
6504 2
6505 2
6506 0
6507 2
6508 3
6509 2
6510 1
6511 4
6512 3
6513 2
6514 1
6515 4
6516 1
6517 3
6518 1
6519 1
6520 2
6521 2
6522 2
6523 0
6524 2
6525 4
6526 3
6527 3
6528 2
6529 3
6530 5
6531 3
6532 3
6533 5
6534 2
6535 4
6536 6
6537 7
6538 1
6539 3
6540 1
6541 2
6542 1
6543 5
6544 2
6545 3
6546 5
6547 1
6548 3
6549 3
6550 3
6551 2
6552 3
6553 0
6554 2
6555 3
6556 1
6557 2
6558 3
6559 3
6560 0
6561 2
6562 1
6563 1
6564 0
6565 3
6566 2
6567 2
6568 3
6569 3
6570 2
6571 3
6572 2
6573 3
6574 1
6575 0
6576 0
6577 1
6578 1
6579 2
6580 0
6581 1
6582 1
6583 2
6584 2
6585 1
6586 1
6587 5
6588 2
6589 4
6590 1
6591 7
6592 3
6593 5
6594 3
6595 4
6596 2
6597 2
6598 1
6599 1
6600 1
6601 2
6602 1
6603 3
6604 2
6605 5
6606 3
6607 2
6608 1
6609 4
6610 4
6611 5
6612 3
6613 1
6614 2
6615 2
6616 0
6617 4
6618 3
6619 3
6620 1
6621 2
6622 1
6623 1
6624 1
6625 1
6626 1
6627 1
6628 1
6629 1
6630 2
6631 3
6632 3
6633 1
6634 3
6635 4
6636 1
6637 1
6638 1
6639 1
6640 2
6641 1
6642 4
6643 0
6644 4
6645 5
6646 6
6647 2
6648 1
6649 2
6650 3
6651 1
6652 5
6653 3
6654 2
6655 1
6656 3
6657 3
6658 2
6659 5
6660 2
6661 5
6662 6
6663 1
6664 2
6665 2
6666 1
6667 6
6668 2
6669 3
6670 1
6671 5
6672 3
6673 2
6674 2
6675 3
6676 1
6677 4
6678 3
6679 0
6680 5
6681 1
6682 3
6683 2
6684 2
6685 4
6686 4
6687 4
6688 4
6689 2
6690 5
6691 1
6692 2
6693 1
6694 2
6695 1
6696 1
6697 1
6698 3
6699 1
6700 1
6701 2
6702 4
6703 0
6704 2
6705 3
6706 1
6707 2
6708 2
6709 5
6710 1
6711 5
6712 2
6713 2
6714 4
6715 5
6716 1
6717 1
6718 7
6719 5
6720 2
6721 3
6722 1
6723 2
6724 4
6725 4
6726 4
6727 3
6728 5
6729 4
6730 2
6731 0
6732 3
6733 5
6734 2
6735 1
6736 5
6737 0
6738 1
6739 1
6740 2
6741 2
6742 6
6743 2
6744 3
6745 3
6746 0
6747 3
6748 1
6749 4
6750 3
6751 3
6752 4
6753 2
6754 1
6755 2
6756 3
6757 0
6758 3
6759 3
6760 1
6761 0
6762 2
6763 2
6764 1
6765 1
6766 1
6767 1
6768 3
6769 2
6770 2
6771 0
6772 0
6773 1
6774 2
6775 2
6776 1
6777 0
6778 1
6779 2
6780 1
6781 3
6782 0
6783 2
6784 4
6785 1
6786 0
6787 3
6788 1
6789 1
6790 0
6791 1
6792 0
6793 1
6794 0
6795 2
6796 2
6797 1
6798 2
6799 0
6800 1
6801 0
6802 2
6803 1
6804 2
6805 2
6806 1
6807 2
6808 2
6809 2
6810 5
6811 4
6812 3
6813 0
6814 1
6815 4
6816 2
6817 2
6818 3
6819 2
6820 3
6821 1
6822 3
6823 2
6824 3
6825 2
6826 3
6827 1
6828 2
6829 2
6830 2
6831 2
6832 2
6833 4
6834 2
6835 2
6836 3
6837 4
6838 4
6839 0
6840 3
6841 1
6842 4
6843 3
6844 3
6845 1
6846 4
6847 1
6848 4
6849 4
6850 2
6851 2
6852 3
6853 0
6854 2
6855 3
6856 1
6857 4
6858 2
6859 2
6860 3
6861 2
6862 1
6863 3
6864 2
6865 2
6866 1
6867 4
6868 1
6869 2
6870 3
6871 4
6872 3
6873 0
6874 4
6875 5
6876 3
6877 3
6878 0
6879 3
6880 2
6881 2
6882 3
6883 2
6884 3
6885 3
6886 0
6887 1
6888 1
6889 1
6890 2
6891 0
6892 1
6893 2
6894 2
6895 2
6896 1
6897 1
6898 1
6899 0
6900 1
6901 2
6902 2
6903 2
6904 1
6905 3
6906 3
6907 1
6908 1
6909 2
6910 0
6911 0
6912 0
6913 4
6914 2
6915 2
6916 1
6917 2
6918 0
6919 0
6920 2
6921 2
6922 2
6923 0
6924 1
6925 2
6926 1
6927 1
6928 2
6929 2
6930 0
6931 1
6932 1
6933 0
6934 3
6935 2
6936 1
6937 2
6938 1
6939 3
6940 2
6941 0
6942 1
6943 0
6944 0
6945 1
6946 1
6947 1
6948 0
6949 2
6950 2
6951 2
6952 2
6953 0
6954 3
6955 0
6956 3
6957 2
6958 3
6959 3
6960 3
6961 4
6962 3
6963 1
6964 1
6965 1
6966 3
6967 1
6968 0
6969 1
6970 0
6971 0
6972 1
6973 4
6974 3
6975 0
6976 1
6977 1
6978 2
6979 0
6980 4
6981 4
6982 3
6983 1
6984 1
6985 0
6986 1
6987 0
6988 0
6989 1
6990 2
6991 3
6992 0
6993 0
6994 0
6995 1
6996 2
6997 2
6998 2
6999 3
7000 1
7001 1
7002 2
7003 3
7004 3
7005 3
7006 2
7007 2
7008 1
7009 4
7010 0
7011 4
7012 0
7013 0
7014 2
7015 0
7016 2
7017 1
7018 3
7019 1
7020 2
7021 1
7022 0
7023 1
7024 0
7025 1
7026 2
7027 1
7028 3
7029 2
7030 2
7031 1
7032 0
7033 1
7034 0
7035 1
7036 0
7037 2
7038 2
7039 1
7040 3
7041 1
7042 2
7043 0
7044 2
7045 1
7046 0
7047 1
7048 1
7049 0
7050 1
7051 1
7052 1
7053 2
7054 2
7055 1
7056 2
7057 2
7058 1
7059 0
7060 0
7061 1
7062 2
7063 3
7064 3
7065 4
7066 2
7067 3
7068 2
7069 2
7070 2
7071 1
7072 2
7073 2
7074 4
7075 4
7076 1
7077 1
7078 1
7079 0
7080 3
7081 4
7082 2
7083 2
7084 4
7085 3
7086 3
7087 1
7088 0
7089 0
7090 0
7091 2
7092 2
7093 2
7094 2
7095 4
7096 3
7097 2
7098 1
7099 2
7100 1
7101 5
7102 3
7103 2
7104 2
7105 1
7106 1
7107 0
7108 6
7109 0
7110 2
7111 5
7112 2
7113 1
7114 2
7115 1
7116 1
7117 1
7118 4
7119 3
7120 2
7121 2
7122 3
7123 2
7124 2
7125 2
7126 2
7127 2
7128 1
7129 3
7130 1
7131 3
7132 3
7133 3
7134 0
7135 3
7136 2
7137 0
7138 0
7139 3
7140 1
7141 1
7142 1
7143 2
7144 0
7145 1
7146 1
7147 2
7148 1
7149 2
7150 2
7151 0
7152 2
7153 1
7154 2
7155 1
7156 1
7157 1
7158 1
7159 1
7160 1
7161 3
7162 2
7163 2
7164 1
7165 2
7166 1
7167 1
7168 1
7169 1
7170 3
7171 1
7172 4
7173 0
7174 0
7175 1
7176 2
7177 2
7178 3
7179 3
7180 3
7181 1
7182 3
7183 1
7184 0
7185 0
7186 1
7187 2
7188 1
7189 2
7190 2
7191 0
7192 0
7193 0
7194 2
7195 2
7196 2
7197 2
7198 0
7199 0
7200 0
7201 0
7202 0
7203 1
7204 2
7205 0
7206 0
7207 1
7208 0
7209 1
7210 1
7211 2
7212 1
7213 0
7214 1
7215 0
7216 1
7217 3
7218 2
7219 2
7220 1
7221 1
7222 3
7223 0
7224 1
7225 0
7226 0
7227 1
7228 0
7229 1
7230 2
7231 0
7232 1
7233 1
7234 0
7235 0
7236 0
7237 1
7238 0
7239 1
7240 3
7241 2
7242 2
7243 0
7244 1
7245 3
7246 1
7247 0
7248 2
7249 0
7250 0
7251 1
7252 2
7253 1
7254 0
7255 3
7256 2
7257 1
7258 0
7259 1
7260 0
7261 0
7262 1
7263 0
7264 2
7265 1
7266 1
7267 0
7268 1
7269 0
7270 1
7271 0
7272 3
7273 1
7274 0
7275 1
7276 1
7277 0
7278 1
7279 2
7280 1
7281 1
7282 1
7283 0
7284 0
7285 1
7286 0
7287 2
7288 0
7289 1
7290 1
7291 0
7292 0
7293 3
7294 0
7295 0
7296 1
7297 0
7298 1
7299 1
7300 2
7301 1
7302 1
7303 3
7304 2
7305 2
7306 1
7307 1
7308 2
7309 1
7310 4
7311 1
7312 4
7313 3
7314 3
7315 1
7316 3
7317 1
7318 1
7319 0
7320 0
7321 1
7322 1
7323 1
7324 0
7325 2
7326 1
7327 1
7328 0
7329 2
7330 2
7331 0
7332 3
7333 1
7334 2
7335 1
7336 0
7337 0
7338 1
7339 0
7340 0
7341 0
7342 1
7343 0
7344 1
7345 0
7346 0
7347 0
7348 0
7349 0
7350 0
7351 0
7352 1
7353 1
7354 0
7355 4
7356 1
7357 2
7358 0
7359 2
7360 0
7361 0
7362 2
7363 1
7364 0
7365 3
7366 2
7367 3
7368 3
7369 2
7370 2
7371 3
7372 1
7373 1
7374 1
7375 4
7376 1
7377 1
7378 2
7379 1
7380 1
7381 1
7382 2
7383 1
7384 2
7385 0
7386 2
7387 0
7388 2
7389 3
7390 2
7391 2
7392 1
7393 1
7394 3
7395 2
7396 0
7397 4
7398 0
7399 1
7400 3
7401 4
7402 1
7403 3
7404 1
7405 1
7406 1
7407 1
7408 1
7409 3
7410 1
7411 2
7412 1
7413 3
7414 1
7415 1
7416 1
7417 2
7418 1
7419 6
7420 3
7421 2
7422 2
7423 3
7424 2
7425 1
7426 2
7427 1
7428 0
7429 0
7430 2
7431 2
7432 3
7433 1
7434 1
7435 0
7436 0
7437 2
7438 2
7439 0
7440 0
7441 1
7442 1
7443 1
7444 0
7445 0
7446 0
7447 2
7448 2
7449 1
7450 2
7451 0
7452 1
7453 1
7454 4
7455 0
7456 0
7457 1
7458 1
7459 3
7460 1
7461 0
7462 0
7463 2
7464 0
7465 2
7466 0
7467 0
7468 0
7469 2
7470 1
7471 0
7472 2
7473 1
7474 0
7475 2
7476 1
7477 1
7478 0
7479 1
7480 1
7481 1
7482 3
7483 1
7484 3
7485 1
7486 2
7487 2
7488 3
7489 1
7490 4
7491 3
7492 2
7493 3
7494 2
7495 4
7496 0
7497 3
7498 3
7499 3
7500 4
7501 0
7502 3
7503 3
7504 5
7505 2
7506 2
7507 0
7508 2
7509 0
7510 0
7511 3
7512 3
7513 1
7514 3
7515 1
7516 0
7517 0
7518 1
7519 2
7520 0
7521 1
7522 3
7523 1
7524 2
7525 1
7526 2
7527 0
7528 2
7529 0
7530 3
7531 1
7532 0
7533 3
7534 0
7535 2
7536 3
7537 4
7538 2
7539 0
7540 1
7541 1
7542 1
7543 1
7544 1
7545 3
7546 2
7547 0
7548 0
7549 0
7550 3
7551 2
7552 1
7553 3
7554 0
7555 3
7556 2
7557 4
7558 1
7559 0
7560 2
7561 1
7562 2
7563 2
7564 2
7565 1
7566 0
7567 1
7568 2
7569 1
7570 1
7571 2
7572 1
7573 0
7574 0
7575 1
7576 4
7577 3
7578 2
7579 1
7580 2
7581 2
7582 4
7583 1
7584 3
7585 2
7586 1
7587 1
7588 1
7589 2
7590 1
7591 2
7592 3
7593 2
7594 2
7595 3
7596 0
7597 1
7598 1
7599 2
7600 0
7601 1
7602 2
7603 2
7604 1
7605 4
7606 2
7607 2
7608 1
7609 2
7610 1
7611 1
7612 3
7613 2
7614 2
7615 1
7616 4
7617 2
7618 2
7619 2
7620 5
7621 1
7622 2
7623 3
7624 2
7625 3
7626 0
7627 0
7628 1
7629 3
7630 1
7631 2
7632 5
7633 0
7634 3
7635 1
7636 5
7637 1
7638 2
7639 2
7640 3
7641 1
7642 2
7643 2
7644 2
7645 2
7646 3
7647 3
7648 1
7649 3
7650 1
7651 1
7652 6
7653 1
7654 2
7655 1
7656 5
7657 2
7658 2
7659 3
7660 0
7661 1
7662 2
7663 2
7664 2
7665 0
7666 2
7667 2
7668 2
7669 4
7670 5
7671 0
7672 2
7673 2
7674 0
7675 3
7676 4
7677 2
7678 0
7679 0
7680 0
7681 0
7682 1
7683 1
7684 2
7685 1
7686 3
7687 1
7688 4
7689 0
7690 3
7691 3
7692 6
7693 1
7694 5
7695 4
7696 5
7697 0
7698 3
7699 1
7700 2
7701 1
7702 2
7703 1
7704 0
7705 3
7706 6
7707 0
7708 2
7709 2
7710 2
7711 3
7712 3
7713 0
7714 3
7715 2
7716 1
7717 1
7718 3
7719 1
7720 4
7721 0
7722 1
7723 1
7724 4
7725 3
7726 4
7727 2
7728 2
7729 1
7730 2
7731 1
7732 0
7733 5
7734 3
7735 2
7736 1
7737 2
7738 3
7739 1
7740 4
7741 0
7742 0
7743 2
7744 0
7745 1
7746 1
7747 1
7748 3
7749 2
7750 5
7751 1
7752 1
7753 2
7754 3
7755 1
7756 5
7757 3
7758 2
7759 2
7760 2
7761 3
7762 1
7763 2
7764 1
7765 1
7766 4
7767 2
7768 4
7769 6
7770 5
7771 3
7772 4
7773 2
7774 3
7775 3
7776 3
7777 6
7778 0
7779 5
7780 4
7781 5
7782 3
7783 2
7784 2
7785 1
7786 3
7787 2
7788 2
7789 4
7790 1
7791 0
7792 2
7793 2
7794 2
7795 1
7796 3
7797 1
7798 2
7799 4
7800 2
7801 2
7802 2
7803 3
7804 3
7805 3
7806 2
7807 2
7808 1
7809 1
7810 1
7811 2
7812 2
7813 3
7814 1
7815 3
7816 3
7817 4
7818 3
7819 1
7820 0
7821 5
7822 1
7823 4
7824 2
7825 2
7826 1
7827 2
7828 2
7829 5
7830 3
7831 1
7832 4
7833 3
7834 3
7835 5
7836 2
7837 2
7838 4
7839 3
7840 1
7841 1
7842 2
7843 3
7844 1
7845 5
7846 1
7847 2
7848 6
7849 0
7850 1
7851 4
7852 1
7853 1
7854 4
7855 2
7856 2
7857 3
7858 0
7859 5
7860 3
7861 1
7862 3
7863 1
7864 8
7865 3
7866 2
7867 4
7868 4
7869 3
7870 4
7871 3
7872 1
7873 2
7874 2
7875 1
7876 1
7877 1
7878 1
7879 1
7880 3
7881 2
7882 4
7883 1
7884 1
7885 1
7886 5
7887 2
7888 2
7889 5
7890 2
7891 1
7892 1
7893 2
7894 3
7895 2
7896 3
7897 3
7898 3
7899 5
7900 2
7901 2
7902 4
7903 3
7904 4
7905 4
7906 3
7907 2
7908 4
7909 3
7910 2
7911 5
7912 2
7913 4
7914 3
7915 5
7916 3
7917 1
7918 5
7919 3
7920 4
7921 3
7922 3
7923 1
7924 1
7925 4
7926 3
7927 2
7928 2
7929 1
7930 2
7931 3
7932 5
7933 5
7934 3
7935 2
7936 3
7937 3
7938 1
7939 0
7940 4
7941 5
7942 1
7943 3
7944 4
7945 5
7946 3
7947 4
7948 3
7949 5
7950 2
7951 1
7952 1
7953 1
7954 3
7955 1
7956 1
7957 2
7958 5
7959 3
7960 2
7961 5
7962 0
7963 2
7964 3
7965 1
7966 0
7967 2
7968 4
7969 1
7970 3
7971 3
7972 1
7973 3
7974 2
7975 1
7976 4
7977 0
7978 2
7979 3
7980 2
7981 3
7982 2
7983 2
7984 2
7985 2
7986 2
7987 6
7988 4
7989 6
7990 1
7991 3
7992 3
7993 1
7994 3
7995 3
7996 2
7997 5
7998 2
7999 6
8000 7
8001 3
8002 1
8003 1
8004 3
8005 2
8006 2
8007 3
8008 0
8009 1
8010 3
8011 2
8012 4
8013 2
8014 3
8015 1
8016 3
8017 3
8018 2
8019 4
8020 4
8021 2
8022 1
8023 6
8024 1
8025 3
8026 4
8027 2
8028 2
8029 1
8030 2
8031 2
8032 2
8033 2
8034 1
8035 1
8036 1
8037 1
8038 3
8039 1
8040 2
8041 3
8042 2
8043 2
8044 0
8045 2
8046 2
8047 2
8048 2
8049 4
8050 1
8051 2
8052 2
8053 2
8054 1
8055 1
8056 0
8057 0
8058 2
8059 1
8060 3
8061 3
8062 0
8063 0
8064 3
8065 1
8066 1
8067 0
8068 0
8069 1
8070 1
8071 2
8072 1
8073 1
8074 1
8075 3
8076 2
8077 2
8078 3
8079 2
8080 1
8081 0
8082 1
8083 2
8084 3
8085 2
8086 4
8087 1
8088 2
8089 2
8090 3
8091 1
8092 0
8093 2
8094 0
8095 4
8096 1
8097 2
8098 1
8099 1
8100 1
8101 4
8102 2
8103 2
8104 1
8105 5
8106 3
8107 4
8108 2
8109 1
8110 1
8111 0
8112 2
8113 2
8114 5
8115 1
8116 1
8117 2
8118 1
8119 2
8120 1
8121 1
8122 3
8123 1
8124 3
8125 0
8126 1
8127 1
8128 1
8129 1
8130 1
8131 5
8132 0
8133 3
8134 2
8135 1
8136 2
8137 0
8138 0
8139 2
8140 0
8141 1
8142 1
8143 0
8144 1
8145 0
8146 1
8147 2
8148 0
8149 3
8150 2
8151 3
8152 1
8153 1
8154 1
8155 3
8156 3
8157 1
8158 0
8159 1
8160 1
8161 3
8162 2
8163 2
8164 3
8165 1
8166 0
8167 2
8168 2
8169 2
8170 3
8171 4
8172 2
8173 2
8174 1
8175 2
8176 2
8177 2
8178 1
8179 2
8180 0
8181 3
8182 4
8183 2
8184 2
8185 5
8186 0
8187 2
8188 2
8189 1
8190 3
8191 1
8192 2
8193 1
8194 0
8195 2
8196 1
8197 1
8198 3
8199 3
8200 3
8201 3
8202 0
8203 3
8204 1
8205 0
8206 1
8207 2
8208 0
8209 4
8210 1
8211 2
8212 2
8213 1
8214 2
8215 4
8216 2
8217 1
8218 1
8219 2
8220 0
8221 3
8222 0
8223 1
8224 1
8225 4
8226 1
8227 2
8228 1
8229 1
8230 1
8231 1
8232 2
8233 5
8234 4
8235 3
8236 2
8237 0
8238 1
8239 2
8240 4
8241 3
8242 2
8243 1
8244 4
8245 2
8246 4
8247 1
8248 4
8249 0
8250 2
8251 5
8252 2
8253 2
8254 3
8255 0
8256 3
8257 0
8258 1
8259 1
8260 0
8261 1
8262 1
8263 1
8264 2
8265 2
8266 2
8267 3
8268 4
8269 4
8270 1
8271 2
8272 2
8273 2
8274 1
8275 1
8276 0
8277 1
8278 1
8279 3
8280 3
8281 2
8282 0
8283 6
8284 3
8285 2
8286 1
8287 3
8288 2
8289 4
8290 2
8291 3
8292 3
8293 2
8294 1
8295 1
8296 1
8297 2
8298 4
8299 0
8300 0
8301 2
8302 2
8303 1
8304 1
8305 2
8306 0
8307 0
8308 3
8309 3
8310 1
8311 3
8312 0
8313 1
8314 0
8315 3
8316 3
8317 4
8318 2
8319 1
8320 1
8321 3
8322 1
8323 2
8324 1
8325 2
8326 1
8327 1
8328 3
8329 3
8330 2
8331 2
8332 2
8333 1
8334 2
8335 3
8336 1
8337 4
8338 2
8339 1
8340 2
8341 0
8342 2
8343 2
8344 0
8345 1
8346 4
8347 3
8348 2
8349 1
8350 3
8351 0
8352 3
8353 2
8354 1
8355 2
8356 0
8357 1
8358 2
8359 3
8360 1
8361 2
8362 3
8363 4
8364 2
8365 3
8366 7
8367 4
8368 3
8369 2
8370 2
8371 5
8372 1
8373 2
8374 2
8375 2
8376 0
8377 2
8378 4
8379 2
8380 3
8381 5
8382 4
8383 3
8384 1
8385 3
8386 3
8387 2
8388 1
8389 2
8390 3
8391 2
8392 2
8393 1
8394 1
8395 5
8396 3
8397 1
8398 3
8399 1
8400 1
8401 3
8402 1
8403 2
8404 2
8405 1
8406 4
8407 3
8408 0
8409 0
8410 0
8411 3
8412 0
8413 2
8414 3
8415 2
8416 2
8417 2
8418 3
8419 4
8420 3
8421 4
8422 2
8423 1
8424 4
8425 2
8426 2
8427 0
8428 2
8429 3
8430 1
8431 2
8432 2
8433 2
8434 2
8435 4
8436 1
8437 3
8438 0
8439 2
8440 0
8441 1
8442 3
8443 3
8444 2
8445 3
8446 0
8447 5
8448 0
8449 0
8450 2
8451 3
8452 0
8453 2
8454 3
8455 3
8456 0
8457 2
8458 2
8459 1
8460 0
8461 3
8462 2
8463 1
8464 3
8465 2
8466 3
8467 2
8468 2
8469 1
8470 1
8471 4
8472 1
8473 1
8474 1
8475 1
8476 1
8477 1
8478 0
8479 4
8480 0
8481 2
8482 1
8483 1
8484 2
8485 4
8486 0
8487 3
8488 1
8489 1
8490 0
8491 2
8492 2
8493 2
8494 3
8495 0
8496 0
8497 0
8498 0
8499 1
8500 2
8501 1
8502 1
8503 2
8504 2
8505 3
8506 3
8507 3
8508 1
8509 2
8510 2
8511 1
8512 3
8513 2
8514 0
8515 2
8516 1
8517 1
8518 4
8519 1
8520 1
8521 0
8522 2
8523 1
8524 1
8525 3
8526 3
8527 5
8528 2
8529 1
8530 2
8531 2
8532 1
8533 2
8534 0
8535 0
8536 1
8537 2
8538 0
8539 1
8540 1
8541 0
8542 0
8543 1
8544 0
8545 1
8546 3
8547 0
8548 0
8549 3
8550 3
8551 0
8552 0
8553 1
8554 4
8555 1
8556 1
8557 0
8558 1
8559 2
8560 5
8561 1
8562 3
8563 1
8564 1
8565 0
8566 2
8567 0
8568 2
8569 2
8570 2
8571 0
8572 2
8573 3
8574 1
8575 1
8576 0
8577 2
8578 2
8579 0
8580 2
8581 1
8582 2
8583 1
8584 1
8585 0
8586 2
8587 0
8588 1
8589 1
8590 3
8591 1
8592 2
8593 1
8594 2
8595 0
8596 2
8597 2
8598 0
8599 2
8600 0
8601 3
8602 1
8603 4
8604 2
8605 0
8606 1
8607 1
8608 1
8609 1
8610 1
8611 1
8612 1
8613 1
8614 0
8615 2
8616 1
8617 1
8618 2
8619 2
8620 0
8621 1
8622 1
8623 0
8624 0
8625 0
8626 0
8627 1
8628 0
8629 0
8630 1
8631 2
8632 4
8633 0
8634 1
8635 2
8636 3
8637 0
8638 0
8639 1
8640 1
8641 0
8642 1
8643 0
8644 1
8645 3
8646 1
8647 1
8648 2
8649 4
8650 1
8651 4
8652 2
8653 0
8654 2
8655 4
8656 2
8657 0
8658 1
8659 3
8660 3
8661 0
8662 0
8663 2
8664 1
8665 0
8666 0
8667 1
8668 0
8669 0
8670 1
8671 1
8672 1
8673 0
8674 0
8675 0
8676 0
8677 2
8678 2
8679 1
8680 1
8681 2
8682 1
8683 2
8684 2
8685 3
8686 0
8687 0
8688 1
8689 1
8690 1
8691 1
8692 1
8693 0
8694 2
8695 1
8696 4
8697 0
8698 0
8699 0
8700 1
8701 0
8702 1
8703 1
8704 0
8705 0
8706 0
8707 0
8708 0
8709 0
8710 1
8711 0
8712 0
8713 0
8714 1
8715 1
8716 1
8717 2
8718 1
8719 3
8720 1
8721 2
8722 2
8723 1
8724 1
8725 1
8726 1
8727 1
8728 2
8729 2
8730 2
8731 2
8732 4
8733 2
8734 0
8735 3
8736 0
8737 2
8738 2
8739 2
8740 2
8741 1
8742 2
8743 2
8744 0
8745 1
8746 1
8747 1
8748 0
8749 3
8750 2
8751 2
8752 0
8753 3
8754 4
8755 2
8756 2
8757 1
8758 1
8759 1
8760 2
8761 2
8762 2
8763 0
8764 2
8765 2
8766 3
8767 1
8768 2
8769 2
8770 2
8771 2
8772 1
8773 5
8774 3
8775 0
8776 4
8777 2
8778 0
8779 2
8780 0
8781 1
8782 0
8783 2
8784 2
8785 1
8786 2
8787 0
8788 1
8789 0
8790 3
8791 5
8792 1
8793 2
8794 2
8795 1
8796 0
8797 1
8798 1
8799 1
8800 1
8801 1
8802 1
8803 0
8804 2
8805 1
8806 3
8807 2
8808 0
8809 1
8810 2
8811 5
8812 4
8813 2
8814 1
8815 2
8816 2
8817 2
8818 2
8819 3
8820 2
8821 3
8822 2
8823 2
8824 2
8825 3
8826 4
8827 2
8828 1
8829 2
8830 3
8831 3
8832 5
8833 1
8834 1
8835 0
8836 1
8837 1
8838 1
8839 2
8840 1
8841 3
8842 2
8843 1
8844 3
8845 1
8846 1
8847 3
8848 0
8849 2
8850 3
8851 2
8852 3
8853 1
8854 2
8855 4
8856 3
8857 3
8858 2
8859 1
8860 2
8861 4
8862 2
8863 2
8864 3
8865 3
8866 3
8867 1
8868 3
8869 4
8870 1
8871 2
8872 3
8873 0
8874 2
8875 3
8876 3
8877 1
8878 2
8879 2
8880 2
8881 2
8882 3
8883 2
8884 5
8885 0
8886 1
8887 4
8888 3
8889 2
8890 3
8891 2
8892 3
8893 1
8894 2
8895 2
8896 2
8897 3
8898 1
8899 3
8900 1
8901 1
8902 1
8903 4
8904 1
8905 0
8906 1
8907 2
8908 4
8909 4
8910 5
8911 4
8912 3
8913 4
8914 4
8915 2
8916 3
8917 1
8918 2
8919 2
8920 2
8921 5
8922 0
8923 2
8924 2
8925 0
8926 1
8927 5
8928 3
8929 2
8930 1
8931 3
8932 2
8933 1
8934 1
8935 3
8936 2
8937 3
8938 2
8939 3
8940 3
8941 2
8942 0
8943 1
8944 0
8945 1
8946 5
8947 1
8948 1
8949 3
8950 3
8951 2
8952 5
8953 3
8954 3
8955 4
8956 2
8957 2
8958 2
8959 2
8960 0
8961 4
8962 2
8963 0
8964 0
8965 0
8966 1
8967 0
8968 1
8969 1
8970 2
8971 2
8972 1
8973 1
8974 1
8975 2
8976 0
8977 1
8978 3
8979 3
8980 1
8981 2
8982 2
8983 0
8984 3
8985 3
8986 3
8987 1
8988 2
8989 2
8990 1
8991 3
8992 1
8993 2
8994 1
8995 1
8996 1
8997 1
8998 0
8999 0
9000 0
9001 1
9002 1
9003 2
9004 1
9005 0
9006 1
9007 0
9008 3
9009 0
9010 0
9011 2
9012 2
9013 0
9014 0
9015 1
9016 1
9017 0
9018 1
9019 0
9020 1
9021 2
9022 2
9023 3
9024 3
9025 3
9026 0
9027 0
9028 0
9029 1
9030 2
9031 1
9032 1
9033 2
9034 1
9035 1
9036 1
9037 1
9038 2
9039 2
9040 1
9041 1
9042 1
9043 0
9044 0
9045 1
9046 1
9047 0
9048 2
9049 2
9050 2
9051 1
9052 0
9053 0
9054 1
9055 0
9056 1
9057 1
9058 0
9059 0
9060 0
9061 0
9062 0
9063 0
9064 0
9065 0
9066 0
9067 1
9068 0
9069 1
9070 0
9071 0
9072 0
9073 1
9074 0
9075 0
9076 1
9077 0
9078 2
9079 1
9080 0
9081 2
9082 0
9083 1
9084 1
9085 1
9086 0
9087 0
9088 0
9089 0
9090 1
9091 1
9092 1
9093 1
9094 0
9095 0
9096 1
9097 1
9098 1
9099 1
9100 1
9101 0
9102 2
9103 2
9104 1
9105 2
9106 1
9107 1
9108 1
9109 2
9110 1
9111 1
9112 2
9113 0
9114 2
9115 0
9116 0
9117 2
9118 0
9119 1
9120 2
9121 0
9122 2
9123 0
9124 1
9125 1
9126 1
9127 2
9128 2
9129 0
9130 0
9131 2
9132 1
9133 1
9134 1
9135 2
9136 0
9137 3
9138 1
9139 4
9140 2
9141 0
9142 1
9143 2
9144 0
9145 1
9146 2
9147 2
9148 0
9149 0
9150 2
9151 3
9152 0
9153 2
9154 1
9155 1
9156 0
9157 1
9158 1
9159 1
9160 2
9161 2
9162 1
9163 2
9164 0
9165 2
9166 1
9167 1
9168 2
9169 2
9170 1
9171 1
9172 0
9173 2
9174 1
9175 0
9176 2
9177 3
9178 0
9179 1
9180 0
9181 0
9182 1
9183 1
9184 2
9185 0
9186 1
9187 1
9188 3
9189 0
9190 0
9191 1
9192 1
9193 3
9194 1
9195 1
9196 1
9197 0
9198 3
9199 0
9200 0
9201 0
9202 1
9203 2
9204 2
9205 2
9206 0
9207 1
9208 2
9209 0
9210 1
9211 2
9212 2
9213 1
9214 3
9215 2
9216 1
9217 1
9218 1
9219 0
9220 1
9221 1
9222 0
9223 1
9224 0
9225 1
9226 0
9227 0
9228 1
9229 1
9230 0
9231 0
9232 0
9233 1
9234 0
9235 1
9236 1
9237 1
9238 1
9239 3
9240 2
9241 0
9242 0
9243 2
9244 1
9245 1
9246 0
9247 1
9248 1
9249 0
9250 0
9251 0
9252 1
9253 0
9254 0
9255 0
9256 0
9257 1
9258 0
9259 2
9260 0
9261 1
9262 0
9263 2
9264 1
9265 0
9266 0
9267 0
9268 1
9269 0
9270 3
9271 0
9272 1
9273 4
9274 3
9275 0
9276 2
9277 1
9278 0
9279 3
9280 2
9281 1
9282 2
9283 3
9284 2
9285 1
9286 0
9287 0
9288 1
9289 1
9290 2
9291 1
9292 1
9293 2
9294 2
9295 3
9296 0
9297 1
9298 3
9299 0
9300 3
9301 1
9302 2
9303 1
9304 0
9305 2
9306 1
9307 2
9308 3
9309 0
9310 1
9311 0
9312 1
9313 3
9314 2
9315 2
9316 0
9317 2
9318 1
9319 0
9320 1
9321 1
9322 0
9323 2
9324 0
9325 2
9326 1
9327 3
9328 2
9329 0
9330 1
9331 1
9332 1
9333 0
9334 2
9335 0
9336 0
9337 1
9338 2
9339 2
9340 1
9341 0
9342 0
9343 0
9344 0
9345 0
9346 1
9347 2
9348 3
9349 1
9350 2
9351 1
9352 0
9353 1
9354 1
9355 0
9356 2
9357 2
9358 0
9359 1
9360 2
9361 0
9362 2
9363 2
9364 0
9365 2
9366 1
9367 3
9368 2
9369 1
9370 2
9371 3
9372 1
9373 0
9374 3
9375 2
9376 1
9377 4
9378 0
9379 1
9380 0
9381 5
9382 0
9383 0
9384 0
9385 1
9386 2
9387 1
9388 0
9389 0
9390 1
9391 1
9392 0
9393 2
9394 3
9395 1
9396 2
9397 1
9398 2
9399 1
9400 0
9401 3
9402 1
9403 0
9404 1
9405 3
9406 4
9407 1
9408 2
9409 2
9410 1
9411 0
9412 0
9413 1
9414 1
9415 3
9416 1
9417 0
9418 1
9419 0
9420 2
9421 1
9422 1
9423 1
9424 1
9425 1
9426 2
9427 2
9428 2
9429 2
9430 3
9431 1
9432 2
9433 2
9434 2
9435 0
9436 3
9437 1
9438 1
9439 1
9440 2
9441 0
9442 1
9443 2
9444 3
9445 4
9446 1
9447 1
9448 1
9449 0
9450 0
9451 0
9452 0
9453 2
9454 1
9455 2
9456 3
9457 0
9458 2
9459 1
9460 3
9461 2
9462 2
9463 2
9464 0
9465 3
9466 1
9467 2
9468 1
9469 1
9470 0
9471 0
9472 0
9473 0
9474 1
9475 0
9476 1
9477 2
9478 0
9479 0
9480 0
9481 0
9482 0
9483 1
9484 1
9485 0
9486 0
9487 1
9488 0
9489 3
9490 0
9491 3
9492 1
9493 1
9494 1
9495 1
9496 1
9497 0
9498 3
9499 0
9500 1
9501 0
9502 1
9503 2
9504 0
9505 0
9506 0
9507 0
9508 0
9509 1
9510 0
9511 1
9512 0
9513 1
9514 1
9515 0
9516 0
9517 1
9518 1
9519 1
9520 1
9521 1
9522 0
9523 2
9524 1
9525 0
9526 2
9527 1
9528 0
9529 1
9530 1
9531 1
9532 1
9533 1
9534 2
9535 1
9536 3
9537 0
9538 0
9539 2
9540 1
9541 2
9542 1
9543 1
9544 2
9545 1
9546 2
9547 2
9548 0
9549 2
9550 2
9551 1
9552 0
9553 3
9554 1
9555 0
9556 3
9557 2
9558 2
9559 1
9560 2
9561 1
9562 2
9563 0
9564 0
9565 0
9566 2
9567 3
9568 3
9569 2
9570 1
9571 1
9572 2
9573 4
9574 2
9575 1
9576 2
9577 1
9578 1
9579 2
9580 0
9581 1
9582 1
9583 1
9584 1
9585 2
9586 1
9587 1
9588 1
9589 0
9590 3
9591 1
9592 2
9593 0
9594 2
9595 2
9596 0
9597 3
9598 3
9599 2
9600 0
9601 0
9602 1
9603 2
9604 0
9605 0
9606 1
9607 1
9608 0
9609 0
9610 1
9611 0
9612 1
9613 0
9614 0
9615 1
9616 0
9617 2
9618 0
9619 1
9620 0
9621 0
9622 3
9623 1
9624 2
9625 2
9626 2
9627 0
9628 0
9629 0
9630 1
9631 2
9632 2
9633 1
9634 1
9635 1
9636 3
9637 0
9638 2
9639 2
9640 2
9641 1
9642 0
9643 1
9644 1
9645 0
9646 0
9647 1
9648 0
9649 0
9650 0
9651 0
9652 0
9653 1
9654 0
9655 1
9656 1
9657 2
9658 3
9659 4
9660 2
9661 1
9662 4
9663 1
9664 1
9665 1
9666 1
9667 1
9668 0
9669 1
9670 1
9671 1
9672 2
9673 1
9674 1
9675 1
9676 0
9677 0
9678 1
9679 0
9680 2
9681 1
9682 0
9683 2
9684 1
9685 1
9686 1
9687 2
9688 0
9689 3
9690 1
9691 0
9692 0
9693 0
9694 1
9695 2
9696 0
9697 2
9698 0
9699 0
9700 0
9701 1
9702 1
9703 0
9704 0
9705 0
9706 1
9707 1
9708 0
9709 0
9710 3
9711 2
9712 1
9713 1
9714 2
9715 0
9716 0
9717 1
9718 1
9719 0
9720 1
9721 0
9722 1
9723 2
9724 1
9725 1
9726 0
9727 0
9728 0
9729 1
9730 0
9731 3
9732 1
9733 0
9734 1
9735 1
9736 0
9737 1
9738 2
9739 1
9740 1
9741 0
9742 0
9743 1
9744 0
9745 0
9746 2
9747 2
9748 1
9749 1
9750 0
9751 0
9752 0
9753 3
9754 0
9755 1
9756 1
9757 1
9758 1
9759 0
9760 1
9761 0
9762 1
9763 1
9764 1
9765 0
9766 0
9767 0
9768 1
9769 0
9770 0
9771 1
9772 1
9773 0
9774 2
9775 0
9776 0
9777 0
9778 1
9779 0
9780 4
9781 1
9782 0
9783 1
9784 1
9785 0
9786 1
9787 1
9788 1
9789 0
9790 2
9791 1
9792 3
9793 2
9794 1
9795 3
9796 2
9797 0
9798 3
9799 1
9800 1
9801 1
9802 4
9803 2
9804 1
9805 0
9806 2
9807 1
9808 0
9809 2
9810 2
9811 4
9812 0
9813 1
9814 0
9815 1
9816 0
9817 0
9818 1
9819 1
9820 2
9821 1
9822 0
9823 1
9824 2
9825 2
9826 1
9827 0
9828 2
9829 0
9830 1
9831 2
9832 1
9833 2
9834 2
9835 0
9836 1
9837 2
9838 2
9839 1
9840 3
9841 2
9842 1
9843 2
9844 1
9845 0
9846 1
9847 0
9848 1
9849 1
9850 1
9851 1
9852 3
9853 1
9854 4
9855 2
9856 2
9857 1
9858 3
9859 2
9860 0
9861 0
9862 1
9863 1
9864 2
9865 0
9866 3
9867 2
9868 2
9869 1
9870 1
9871 0
9872 1
9873 1
9874 1
9875 3
9876 2
9877 5
9878 1
9879 3
9880 3
9881 0
9882 1
9883 2
9884 3
9885 1
9886 2
9887 1
9888 2
9889 0
9890 0
9891 0
9892 2
9893 2
9894 1
9895 2
9896 1
9897 2
9898 0
9899 1
9900 2
9901 1
9902 2
9903 3
9904 1
9905 0
9906 1
9907 3
9908 2
9909 1
9910 1
9911 0
9912 1
9913 1
9914 1
9915 1
9916 1
9917 2
9918 1
9919 3
9920 0
9921 1
9922 2
9923 1
9924 0
9925 2
9926 1
9927 2
9928 0
9929 2
9930 0
9931 1
9932 1
9933 1
9934 2
9935 1
9936 2
9937 0
9938 0
9939 1
9940 1
9941 0
9942 1
9943 2
9944 0
9945 1
9946 3
9947 0
9948 1
9949 0
9950 2
9951 1
9952 0
9953 1
9954 2
9955 1
9956 0
9957 1
9958 2
9959 1
9960 1
9961 1
9962 1
9963 2
9964 3
9965 1
9966 1
9967 3
9968 0
9969 2
9970 1
9971 1
9972 3
9973 1
9974 0
9975 2
9976 0
9977 1
9978 2
9979 2
9980 2
9981 3
9982 2
9983 1
9984 1
9985 0
9986 0
9987 0
9988 1
9989 1
9990 1
9991 1
9992 0
9993 0
9994 1
9995 0
9996 0
9997 1
9998 1
9999 2
10000 3
10001 0
