0 8
1 8
2 6
3 2
4 2
5 5
6 3
7 3
8 3
9 5
10 5
11 4
12 5
13 2
14 5
15 5
16 3
17 6
18 4
19 5
20 10
21 3
22 5
23 4
24 5
25 3
26 3
27 6
28 5
29 2
30 4
31 6
32 4
33 5
34 5
35 4
36 5
37 4
38 3
39 8
40 5
41 4
42 3
43 3
44 4
45 9
46 3
47 5
48 5
49 4
50 7
51 5
52 4
53 5
54 4
55 6
56 4
57 2
58 6
59 4
60 5
61 5
62 4
63 3
64 2
65 3
66 6
67 5
68 4
69 5
70 5
71 2
72 7
73 2
74 7
75 5
76 4
77 4
78 6
79 4
80 4
81 5
82 6
83 5
84 9
85 7
86 5
87 5
88 5
89 5
90 4
91 3
92 3
93 6
94 5
95 2
96 5
97 7
98 6
99 3
100 3
101 5
102 1
103 2
104 3
105 2
106 3
107 5
108 5
109 4
110 4
111 5
112 3
113 3
114 2
115 5
116 3
117 4
118 5
119 4
120 2
121 4
122 4
123 6
124 7
125 5
126 6
127 1
128 6
129 2
130 2
131 2
132 3
133 2
134 5
135 3
136 7
137 4
138 4
139 4
140 2
141 5
142 4
143 3
144 1
145 2
146 3
147 3
148 3
149 5
150 5
151 5
152 6
153 5
154 3
155 5
156 5
157 5
158 6
159 2
160 4
161 4
162 2
163 4
164 3
165 3
166 6
167 5
168 6
169 2
170 7
171 4
172 6
173 4
174 3
175 2
176 7
177 3
178 4
179 6
180 6
181 4
182 6
183 3
184 5
185 4
186 3
187 6
188 7
189 7
190 3
191 7
192 4
193 3
194 5
195 2
196 5
197 2
198 6
199 1
200 2
201 3
202 4
203 3
204 3
205 7
206 5
207 7
208 6
209 6
210 4
211 4
212 5
213 2
214 3
215 5
216 5
217 4
218 5
219 4
220 3
221 6
222 5
223 3
224 4
225 7
226 7
227 1
228 5
229 3
230 6
231 3
232 4
233 4
234 5
235 4
236 3
237 1
238 6
239 5
240 4
241 5
242 5
243 3
244 4
245 3
246 7
247 3
248 3
249 3
250 4
251 4
252 2
253 6
254 5
255 5
256 5
257 4
258 2
259 3
260 5
261 6
262 5
263 5
264 6
265 4
266 6
267 4
268 6
269 4
270 7
271 7
272 3
273 5
274 5
275 5
276 4
277 4
278 6
279 7
280 3
281 4
282 2
283 4
284 4
285 3
286 7
287 2
288 4
289 3
290 5
291 4
292 4
293 4
294 3
295 3
296 5
297 4
298 6
299 3
300 3
301 4
302 1
303 5
304 4
305 4
306 5
307 8
308 5
309 6
310 1
311 6
312 5
313 3
314 8
315 5
316 5
317 4
318 4
319 4
320 3
321 6
322 5
323 6
324 6
325 3
326 4
327 5
328 3
329 5
330 7
331 2
332 6
333 2
334 7
335 4
336 2
337 8
338 3
339 2
340 6
341 3
342 4
343 7
344 5
345 6
346 7
347 5
348 6
349 2
350 4
351 8
352 2
353 5
354 6
355 8
356 7
357 4
358 3
359 7
360 1
361 5
362 7
363 2
364 5
365 4
366 5
367 3
368 4
369 7
370 8
371 6
372 3
373 6
374 4
375 5
376 2
377 2
378 5
379 2
380 0
381 6
382 3
383 4
384 4
385 0
386 5
387 7
388 3
389 3
390 6
391 4
392 1
393 1
394 2
395 2
396 4
397 8
398 6
399 7
400 3
401 3
402 3
403 5
404 3
405 5
406 5
407 5
408 5
409 0
410 0
411 2
412 5
413 4
414 4
415 1
416 5
417 5
418 3
419 3
420 4
421 4
422 6
423 2
424 3
425 1
426 2
427 1
428 4
429 5
430 4
431 3
432 6
433 5
434 5
435 3
436 4
437 8
438 5
439 4
440 6
441 5
442 2
443 6
444 4
445 4
446 3
447 3
448 5
449 5
450 4
451 4
452 5
453 5
454 7
455 4
456 4
457 5
458 4
459 4
460 3
461 5
462 6
463 3
464 2
465 3
466 5
467 4
468 4
469 3
470 3
471 6
472 4
473 3
474 5
475 4
476 4
477 4
478 5
479 2
480 3
481 5
482 5
483 5
484 3
485 5
486 3
487 6
488 4
489 5
490 3
491 5
492 3
493 6
494 4
495 4
496 5
497 3
498 8
499 5
500 7
501 4
502 6
503 3
504 5
505 6
506 5
507 5
508 3
509 7
510 3
511 4
512 5
513 5
514 3
515 5
516 5
517 4
518 4
519 5
520 4
521 3
522 4
523 1
524 1
525 5
526 8
527 5
528 1
529 4
530 5
531 3
532 5
533 3
534 3
535 3
536 6
537 1
538 4
539 6
540 6
541 2
542 6
543 4
544 9
545 6
546 8
547 3
548 3
549 6
550 6
551 6
552 3
553 3
554 6
555 2
556 3
557 4
558 2
559 4
560 4
561 4
562 4
563 6
564 1
565 4
566 3
567 6
568 5
569 6
570 5
571 5
572 2
573 4
574 5
575 4
576 1
577 6
578 5
579 5
580 4
581 2
582 4
583 5
584 5
585 2
586 3
587 5
588 1
589 6
590 3
591 6
592 6
593 6
594 5
595 6
596 5
597 1
598 5
599 2
600 5
601 6
602 2
603 5
604 3
605 4
606 7
607 3
608 5
609 2
610 3
611 7
612 5
613 1
614 7
615 2
616 2
617 5
618 4
619 7
620 2
621 6
622 3
623 3
624 4
625 5
626 1
627 5
628 3
629 2
630 5
631 5
632 4
633 4
634 3
635 4
636 3
637 4
638 2
639 2
640 3
641 4
642 4
643 5
644 4
645 2
646 4
647 4
648 2
649 5
650 1
651 4
652 5
653 4
654 5
655 6
656 8
657 5
658 4
659 6
660 2
661 3
662 3
663 3
664 4
665 7
666 5
667 6
668 6
669 5
670 2
671 3
672 5
673 5
674 6
675 3
676 5
677 6
678 3
679 4
680 4
681 5
682 2
683 1
684 2
685 5
686 4
687 5
688 4
689 6
690 5
691 3
692 3
693 4
694 2
695 2
696 5
697 5
698 4
699 8
700 5
701 5
702 3
703 6
704 6
705 5
706 6
707 5
708 3
709 7
710 6
711 7
712 4
713 3
714 3
715 2
716 5
717 2
718 6
719 7
720 4
721 5
722 2
723 4
724 5
725 2
726 4
727 4
728 3
729 4
730 7
731 6
732 8
733 4
734 4
735 2
736 5
737 5
738 3
739 4
740 3
741 3
742 5
743 2
744 2
745 6
746 5
747 3
748 4
749 4
750 3
751 3
752 7
753 6
754 4
755 1
756 3
757 3
758 6
759 6
760 2
761 6
762 5
763 4
764 4
765 5
766 3
767 6
768 5
769 3
770 2
771 6
772 5
773 8
774 2
775 5
776 6
777 3
778 4
779 2
780 3
781 1
782 5
783 6
784 5
785 6
786 1
787 3
788 3
789 5
790 2
791 2
792 1
793 4
794 3
795 2
796 1
797 3
798 5
799 7
800 7
801 2
802 5
803 5
804 5
805 7
806 6
807 7
808 5
809 1
810 4
811 3
812 2
813 3
814 1
815 6
816 2
817 5
818 5
819 4
820 5
821 5
822 3
823 5
824 5
825 8
826 6
827 6
828 5
829 2
830 2
831 1
832 2
833 5
834 4
835 7
836 5
837 4
838 7
839 3
840 4
841 5
842 6
843 6
844 5
845 4
846 7
847 4
848 4
849 2
850 3
851 3
852 3
853 3
854 4
855 4
856 2
857 3
858 5
859 3
860 5
861 6
862 3
863 4
864 6
865 3
866 1
867 3
868 4
869 3
870 5
871 3
872 4
873 4
874 1
875 1
876 5
877 3
878 7
879 2
880 7
881 7
882 5
883 2
884 3
885 5
886 5
887 4
888 2
889 3
890 3
891 5
892 5
893 5
894 3
895 3
896 4
897 9
898 1
899 4
900 6
901 5
902 4
903 4
904 4
905 5
906 5
907 7
908 4
909 5
910 5
911 4
912 8
913 8
914 8
915 4
916 4
917 4
918 6
919 5
920 4
921 8
922 5
923 3
924 3
925 4
926 7
927 8
928 5
929 5
930 3
931 3
932 2
933 1
934 3
935 6
936 7
937 4
938 4
939 4
940 5
941 6
942 5
943 5
944 5
945 4
946 6
947 4
948 3
949 4
950 6
951 4
952 2
953 9
954 5
955 2
956 5
957 6
958 2
959 4
960 5
961 4
962 1
963 4
964 0
965 3
966 3
967 3
968 3
969 8
970 7
971 6
972 6
973 7
974 3
975 7
976 2
977 1
978 3
979 7
980 2
981 4
982 4
983 5
984 5
985 1
986 7
987 3
988 6
989 4
990 3
991 3
992 5
993 5
994 5
995 5
996 4
997 3
998 4
999 3
1000 3
1001 3
1002 7
1003 6
1004 3
1005 6
1006 7
1007 7
1008 5
1009 7
1010 6
1011 2
1012 4
1013 4
1014 2
1015 4
1016 4
1017 3
1018 0
1019 6
1020 7
1021 8
1022 6
1023 5
1024 4
1025 3
1026 9
1027 6
1028 8
1029 4
1030 7
1031 2
1032 1
1033 5
1034 4
1035 5
1036 3
1037 6
1038 6
1039 3
1040 8
1041 4
1042 5
1043 2
1044 4
1045 5
1046 6
1047 5
1048 2
1049 3
1050 4
1051 6
1052 3
1053 7
1054 4
1055 3
1056 3
1057 2
1058 6
1059 5
1060 4
1061 7
1062 4
1063 1
1064 2
1065 4
1066 5
1067 5
1068 2
1069 3
1070 5
1071 6
1072 2
1073 3
1074 3
1075 2
1076 0
1077 6
1078 8
1079 3
1080 4
1081 6
1082 2
1083 7
1084 7
1085 5
1086 5
1087 7
1088 3
1089 4
1090 5
1091 7
1092 9
1093 5
1094 4
1095 6
1096 4
1097 10
1098 4
1099 5
1100 5
1101 5
1102 5
1103 2
1104 3
1105 2
1106 4
1107 2
1108 7
1109 2
1110 3
1111 2
1112 5
1113 2
1114 5
1115 4
1116 6
1117 2
1118 3
1119 5
1120 2
1121 3
1122 1
1123 1
1124 3
1125 1
1126 5
1127 3
1128 2
1129 3
1130 3
1131 2
1132 3
1133 5
1134 2
1135 4
1136 3
1137 3
1138 3
1139 3
1140 2
1141 2
1142 4
1143 3
1144 4
1145 4
1146 6
1147 5
1148 4
1149 2
1150 3
1151 0
1152 2
1153 4
1154 3
1155 5
1156 6
1157 6
1158 3
1159 6
1160 4
1161 4
1162 4
1163 3
1164 1
1165 2
1166 4
1167 1
1168 4
1169 3
1170 5
1171 2
1172 4
1173 3
1174 4
1175 4
1176 3
1177 2
1178 3
1179 5
1180 5
1181 3
1182 1
1183 4
1184 2
1185 1
1186 4
1187 4
1188 7
1189 3
1190 4
1191 4
1192 2
1193 4
1194 1
1195 4
1196 4
1197 5
1198 3
1199 3
1200 1
1201 4
1202 6
1203 4
1204 3
1205 5
1206 0
1207 7
1208 2
1209 4
1210 3
1211 4
1212 4
1213 2
1214 3
1215 4
1216 3
1217 1
1218 5
1219 1
1220 6
1221 3
1222 3
1223 2
1224 3
1225 4
1226 5
1227 4
1228 7
1229 8
1230 4
1231 5
1232 0
1233 2
1234 1
1235 4
1236 2
1237 4
1238 1
1239 2
1240 3
1241 1
1242 2
1243 5
1244 6
1245 1
1246 6
1247 0
1248 3
1249 7
1250 4
1251 4
1252 3
1253 4
1254 7
1255 3
1256 5
1257 1
1258 5
1259 4
1260 4
1261 2
1262 5
1263 6
1264 6
1265 3
1266 4
1267 7
1268 4
1269 3
1270 4
1271 2
1272 6
1273 7
1274 7
1275 4
1276 7
1277 5
1278 5
1279 2
1280 0
1281 1
1282 3
1283 3
1284 6
1285 2
1286 5
1287 2
1288 2
1289 1
1290 1
1291 3
1292 5
1293 3
1294 7
1295 8
1296 4
1297 2
1298 4
1299 6
1300 6
1301 2
1302 4
1303 4
1304 4
1305 3
1306 3
1307 2
1308 5
1309 4
1310 3
1311 6
1312 7
1313 6
1314 4
1315 3
1316 2
1317 3
1318 5
1319 6
1320 6
1321 6
1322 1
1323 5
1324 2
1325 6
1326 4
1327 4
1328 3
1329 3
1330 7
1331 4
1332 4
1333 6
1334 5
1335 6
1336 3
1337 7
1338 8
1339 5
1340 7
1341 8
1342 4
1343 7
1344 4
1345 6
1346 3
1347 4
1348 2
1349 2
1350 6
1351 3
1352 3
1353 4
1354 5
1355 1
1356 5
1357 3
1358 3
1359 3
1360 7
1361 7
1362 5
1363 4
1364 1
1365 1
1366 7
1367 4
1368 3
1369 5
1370 1
1371 4
1372 3
1373 4
1374 6
1375 6
1376 5
1377 5
1378 3
1379 5
1380 6
1381 4
1382 3
1383 3
1384 3
1385 5
1386 5
1387 6
1388 2
1389 2
1390 4
1391 4
1392 0
1393 6
1394 9
1395 6
1396 4
1397 4
1398 6
1399 2
1400 4
1401 4
1402 7
1403 7
1404 5
1405 3
1406 3
1407 2
1408 5
1409 2
1410 2
1411 1
1412 4
1413 3
1414 4
1415 5
1416 2
1417 4
1418 5
1419 4
1420 2
1421 4
1422 2
1423 4
1424 2
1425 3
1426 5
1427 4
1428 3
1429 4
1430 5
1431 1
1432 3
1433 5
1434 5
1435 3
1436 7
1437 1
1438 3
1439 3
1440 2
1441 8
1442 5
1443 4
1444 5
1445 4
1446 6
1447 3
1448 3
1449 6
1450 5
1451 7
1452 3
1453 4
1454 3
1455 3
1456 3
1457 6
1458 3
1459 3
1460 3
1461 4
1462 1
1463 5
1464 7
1465 7
1466 3
1467 3
1468 4
1469 4
1470 3
1471 3
1472 6
1473 4
1474 3
1475 4
1476 3
1477 3
1478 4
1479 4
1480 5
1481 6
1482 6
1483 4
1484 5
1485 4
1486 3
1487 3
1488 1
1489 7
1490 7
1491 3
1492 3
1493 3
1494 1
1495 3
1496 4
1497 7
1498 3
1499 5
1500 7
1501 3
1502 6
1503 3
1504 5
1505 3
1506 7
1507 3
1508 4
1509 3
1510 4
1511 8
1512 5
1513 4
1514 4
1515 6
1516 4
1517 5
1518 3
1519 2
1520 5
1521 3
1522 3
1523 3
1524 4
1525 3
1526 3
1527 3
1528 5
1529 3
1530 1
1531 3
1532 5
1533 4
1534 5
1535 6
1536 5
1537 4
1538 3
1539 6
1540 5
1541 5
1542 3
1543 3
1544 6
1545 4
1546 3
1547 2
1548 3
1549 4
1550 4
1551 0
1552 4
1553 1
1554 5
1555 5
1556 3
1557 1
1558 3
1559 2
1560 6
1561 6
1562 7
1563 9
1564 3
1565 3
1566 5
1567 4
1568 6
1569 6
1570 5
1571 6
1572 2
1573 2
1574 3
1575 3
1576 3
1577 5
1578 2
1579 5
1580 3
1581 2
1582 6
1583 3
1584 5
1585 4
1586 2
1587 5
1588 2
1589 3
1590 2
1591 3
1592 4
1593 2
1594 5
1595 5
1596 2
1597 1
1598 4
1599 4
1600 4
1601 4
1602 3
1603 7
1604 2
1605 4
1606 3
1607 6
1608 3
1609 3
1610 5
1611 5
1612 4
1613 4
1614 2
1615 5
1616 1
1617 2
1618 3
1619 2
1620 2
1621 5
1622 4
1623 1
1624 4
1625 3
1626 6
1627 3
1628 4
1629 7
1630 6
1631 7
1632 5
1633 4
1634 6
1635 0
1636 2
1637 4
1638 4
1639 2
1640 6
1641 4
1642 4
1643 5
1644 4
1645 6
1646 5
1647 9
1648 6
1649 2
1650 4
1651 4
1652 8
1653 1
1654 2
1655 6
1656 3
1657 3
1658 7
1659 1
1660 4
1661 5
1662 4
1663 1
1664 5
1665 4
1666 3
1667 5
1668 3
1669 6
1670 2
1671 7
1672 2
1673 5
1674 2
1675 4
1676 4
1677 4
1678 6
1679 6
1680 2
1681 3
1682 7
1683 4
1684 4
1685 4
1686 3
1687 6
1688 6
1689 7
1690 5
1691 4
1692 3
1693 2
1694 3
1695 4
1696 2
1697 7
1698 7
1699 6
1700 6
1701 6
1702 0
1703 1
1704 3
1705 6
1706 6
1707 7
1708 7
1709 7
1710 3
1711 5
1712 9
1713 4
1714 6
1715 1
1716 5
1717 6
1718 5
1719 4
1720 3
1721 5
1722 5
1723 4
1724 4
1725 4
1726 3
1727 5
1728 5
1729 5
1730 1
1731 5
1732 5
1733 4
1734 4
1735 3
1736 4
1737 5
1738 6
1739 1
1740 5
1741 6
1742 2
1743 6
1744 7
1745 8
1746 5
1747 2
1748 4
1749 3
1750 2
1751 4
1752 6
1753 3
1754 3
1755 6
1756 7
1757 6
1758 3
1759 6
1760 4
1761 3
1762 5
1763 1
1764 9
1765 7
1766 3
1767 3
1768 2
1769 5
1770 3
1771 8
1772 5
1773 5
1774 1
1775 3
1776 4
1777 3
1778 2
1779 1
1780 2
1781 5
1782 5
1783 3
1784 2
1785 7
1786 3
1787 3
1788 5
1789 5
1790 4
1791 3
1792 3
1793 8
1794 0
1795 4
1796 3
1797 2
1798 4
1799 5
1800 7
1801 3
1802 6
1803 4
1804 3
1805 0
1806 5
1807 2
1808 1
1809 4
1810 5
1811 2
1812 5
1813 2
1814 3
1815 5
1816 4
1817 3
1818 5
1819 4
1820 5
1821 3
1822 3
1823 4
1824 6
1825 6
1826 5
1827 5
1828 1
1829 3
1830 1
1831 6
1832 5
1833 3
1834 4
1835 5
1836 3
1837 4
1838 2
1839 3
1840 5
1841 7
1842 2
1843 5
1844 2
1845 5
1846 4
1847 6
1848 3
1849 4
1850 7
1851 3
1852 5
1853 4
1854 4
1855 2
1856 5
1857 0
1858 1
1859 5
1860 4
1861 4
1862 4
1863 3
1864 2
1865 3
1866 1
1867 3
1868 5
1869 1
1870 6
1871 5
1872 7
1873 2
1874 4
1875 5
1876 8
1877 2
1878 2
1879 1
1880 5
1881 1
1882 5
1883 3
1884 1
1885 0
1886 2
1887 2
1888 5
1889 4
1890 2
1891 5
1892 7
1893 3
1894 5
1895 5
1896 6
1897 4
1898 3
1899 2
1900 1
1901 4
1902 3
1903 2
1904 3
1905 7
1906 1
1907 3
1908 3
1909 1
1910 8
1911 4
1912 3
1913 1
1914 4
1915 4
1916 3
1917 4
1918 2
1919 2
1920 4
1921 3
1922 4
1923 2
1924 2
1925 2
1926 5
1927 4
1928 4
1929 7
1930 5
1931 4
1932 1
1933 3
1934 2
1935 2
1936 0
1937 4
1938 4
1939 4
1940 3
1941 6
1942 4
1943 3
1944 6
1945 5
1946 4
1947 1
1948 5
1949 3
1950 3
1951 4
1952 2
1953 3
1954 4
1955 1
1956 5
1957 4
1958 1
1959 4
1960 3
1961 6
1962 4
1963 6
1964 6
1965 2
1966 2
1967 3
1968 3
1969 3
1970 4
1971 3
1972 3
1973 6
1974 4
1975 4
1976 0
1977 4
1978 5
1979 5
1980 7
1981 3
1982 5
1983 4
1984 4
1985 4
1986 3
1987 2
1988 3
1989 3
1990 4
1991 6
1992 3
1993 6
1994 0
1995 3
1996 1
1997 1
1998 4
1999 6
2000 6
2001 4
2002 4
2003 4
2004 1
2005 6
2006 3
2007 4
2008 4
2009 2
2010 5
2011 2
2012 5
2013 4
2014 7
2015 7
2016 4
2017 2
2018 3
2019 2
2020 3
2021 3
2022 3
2023 4
2024 4
2025 1
2026 3
2027 3
2028 3
2029 1
2030 4
2031 0
2032 2
2033 3
2034 1
2035 1
2036 1
2037 4
2038 4
2039 1
2040 1
2041 2
2042 3
2043 2
2044 0
2045 2
2046 1
2047 4
2048 3
2049 3
2050 3
2051 2
2052 4
2053 2
2054 4
2055 5
2056 3
2057 2
2058 3
2059 3
2060 0
2061 3
2062 3
2063 0
2064 1
2065 5
2066 2
2067 1
2068 2
2069 1
2070 1
2071 4
2072 4
2073 1
2074 2
2075 3
2076 1
2077 3
2078 3
2079 1
2080 5
2081 2
2082 3
2083 4
2084 5
2085 1
2086 0
2087 5
2088 0
2089 2
2090 3
2091 2
2092 1
2093 2
2094 5
2095 1
2096 1
2097 4
2098 1
2099 4
2100 2
2101 4
2102 2
2103 0
2104 2
2105 2
2106 4
2107 3
2108 2
2109 1
2110 4
2111 1
2112 5
2113 3
2114 2
2115 6
2116 2
2117 0
2118 1
2119 6
2120 3
2121 4
2122 2
2123 2
2124 3
2125 2
2126 5
2127 5
2128 4
2129 5
2130 6
2131 4
2132 4
2133 5
2134 3
2135 1
2136 2
2137 6
2138 2
2139 4
2140 3
2141 4
2142 1
2143 5
2144 4
2145 2
2146 2
2147 1
2148 1
2149 2
2150 3
2151 6
2152 2
2153 5
2154 1
2155 4
2156 3
2157 3
2158 1
2159 4
2160 3
2161 3
2162 2
2163 2
2164 4
2165 3
2166 2
2167 2
2168 4
2169 2
2170 2
2171 3
2172 2
2173 3
2174 4
2175 1
2176 6
2177 1
2178 3
2179 2
2180 6
2181 1
2182 2
2183 5
2184 1
2185 6
2186 3
2187 3
2188 1
2189 2
2190 6
2191 2
2192 3
2193 2
2194 1
2195 5
2196 2
2197 2
2198 7
2199 4
2200 2
2201 5
2202 5
2203 4
2204 0
2205 6
2206 6
2207 4
2208 3
2209 3
2210 1
2211 2
2212 3
2213 3
2214 3
2215 2
2216 4
2217 4
2218 6
2219 4
2220 5
2221 3
2222 2
2223 3
2224 2
2225 2
2226 4
2227 3
2228 4
2229 2
2230 6
2231 4
2232 3
2233 4
2234 3
2235 3
2236 5
2237 6
2238 5
2239 3
2240 3
2241 1
2242 6
2243 0
2244 0
2245 2
2246 0
2247 1
2248 2
2249 3
2250 1
2251 5
2252 5
2253 4
2254 5
2255 5
2256 3
2257 5
2258 3
2259 4
2260 4
2261 6
2262 4
2263 4
2264 0
2265 6
2266 4
2267 2
2268 4
2269 2
2270 3
2271 4
2272 5
2273 1
2274 3
2275 3
2276 2
2277 4
2278 5
2279 6
2280 4
2281 3
2282 4
2283 6
2284 4
2285 6
2286 6
2287 2
2288 4
2289 3
2290 3
2291 2
2292 2
2293 5
2294 2
2295 7
2296 2
2297 1
2298 4
2299 3
2300 2
2301 2
2302 6
2303 4
2304 4
2305 2
2306 3
2307 4
2308 0
2309 5
2310 3
2311 2
2312 6
2313 5
2314 5
2315 5
2316 4
2317 6
2318 1
2319 2
2320 5
2321 3
2322 4
2323 1
2324 2
2325 5
2326 2
2327 2
2328 1
2329 4
2330 1
2331 3
2332 3
2333 4
2334 3
2335 5
2336 7
2337 3
2338 4
2339 5
2340 3
2341 4
2342 4
2343 3
2344 3
2345 2
2346 0
2347 4
2348 1
2349 2
2350 5
2351 8
2352 4
2353 4
2354 5
2355 3
2356 5
2357 5
2358 0
2359 5
2360 2
2361 4
2362 2
2363 3
2364 4
2365 6
2366 6
2367 4
2368 3
2369 2
2370 2
2371 2
2372 6
2373 3
2374 5
2375 2
2376 5
2377 4
2378 2
2379 0
2380 5
2381 0
2382 3
2383 1
2384 1
2385 1
2386 5
2387 2
2388 3
2389 2
2390 4
2391 2
2392 4
2393 4
2394 6
2395 3
2396 3
2397 9
2398 5
2399 6
2400 4
2401 4
2402 3
2403 5
2404 1
2405 5
2406 6
2407 3
2408 6
2409 4
2410 4
2411 1
2412 1
2413 5
2414 3
2415 3
2416 6
2417 6
2418 3
2419 2
2420 1
2421 2
2422 4
2423 3
2424 6
2425 4
2426 9
2427 6
2428 5
2429 4
2430 4
2431 4
2432 5
2433 4
2434 2
2435 4
2436 7
2437 0
2438 3
2439 3
2440 4
2441 4
2442 1
2443 1
2444 3
2445 2
2446 5
2447 2
2448 4
2449 2
2450 5
2451 2
2452 1
2453 3
2454 1
2455 7
2456 3
2457 2
2458 3
2459 1
2460 5
2461 3
2462 4
2463 1
2464 4
2465 3
2466 4
2467 4
2468 2
2469 4
2470 3
2471 4
2472 3
2473 3
2474 3
2475 5
2476 4
2477 5
2478 4
2479 7
2480 5
2481 3
2482 8
2483 5
2484 4
2485 2
2486 2
2487 3
2488 2
2489 6
2490 8
2491 4
2492 1
2493 5
2494 4
2495 3
2496 6
2497 5
2498 5
2499 6
2500 5
2501 3
2502 2
2503 6
2504 0
2505 5
2506 6
2507 4
2508 6
2509 5
2510 5
2511 7
2512 7
2513 2
2514 4
2515 4
2516 3
2517 5
2518 3
2519 5
2520 4
2521 4
2522 3
2523 4
2524 2
2525 5
2526 3
2527 1
2528 1
2529 1
2530 8
2531 3
2532 2
2533 5
2534 3
2535 2
2536 6
2537 5
2538 6
2539 1
2540 4
2541 5
2542 3
2543 4
2544 4
2545 2
2546 3
2547 4
2548 5
2549 3
2550 1
2551 4
2552 1
2553 3
2554 2
2555 2
2556 4
2557 4
2558 5
2559 4
2560 3
2561 4
2562 2
2563 7
2564 2
2565 4
2566 4
2567 2
2568 2
2569 1
2570 2
2571 5
2572 0
2573 1
2574 2
2575 5
2576 5
2577 4
2578 6
2579 4
2580 4
2581 5
2582 5
2583 1
2584 3
2585 2
2586 3
2587 6
2588 4
2589 6
2590 4
2591 6
2592 4
2593 5
2594 1
2595 5
2596 5
2597 6
2598 4
2599 5
2600 3
2601 4
2602 5
2603 4
2604 5
2605 3
2606 2
2607 5
2608 4
2609 5
2610 6
2611 5
2612 4
2613 2
2614 4
2615 4
2616 2
2617 1
2618 4
2619 2
2620 4
2621 7
2622 4
2623 6
2624 4
2625 4
2626 4
2627 4
2628 5
2629 4
2630 1
2631 1
2632 2
2633 3
2634 9
2635 5
2636 4
2637 4
2638 6
2639 5
2640 1
2641 2
2642 1
2643 4
2644 3
2645 6
2646 7
2647 7
2648 5
2649 4
2650 4
2651 3
2652 5
2653 5
2654 4
2655 5
2656 2
2657 3
2658 4
2659 5
2660 4
2661 4
2662 4
2663 7
2664 0
2665 6
2666 4
2667 8
2668 3
2669 3
2670 3
2671 5
2672 5
2673 3
2674 6
2675 5
2676 3
2677 4
2678 6
2679 4
2680 9
2681 7
2682 4
2683 7
2684 2
2685 5
2686 3
2687 3
2688 2
2689 2
2690 3
2691 7
2692 5
2693 3
2694 0
2695 3
2696 3
2697 3
2698 6
2699 5
2700 5
2701 5
2702 4
2703 5
2704 1
2705 6
2706 4
2707 5
2708 2
2709 1
2710 7
2711 4
2712 5
2713 5
2714 6
2715 3
2716 4
2717 3
2718 3
2719 3
2720 6
2721 4
2722 7
2723 4
2724 4
2725 7
2726 2
2727 2
2728 5
2729 7
2730 2
2731 5
2732 7
2733 4
2734 4
2735 5
2736 3
2737 5
2738 5
2739 2
2740 2
2741 1
2742 4
2743 6
2744 4
2745 7
2746 4
2747 6
2748 3
2749 5
2750 4
2751 6
2752 6
2753 4
2754 6
2755 4
2756 4
2757 5
2758 4
2759 2
2760 3
2761 3
2762 5
2763 4
2764 6
2765 3
2766 3
2767 3
2768 1
2769 4
2770 5
2771 2
2772 6
2773 4
2774 6
2775 4
2776 4
2777 4
2778 6
2779 1
2780 4
2781 4
2782 2
2783 3
2784 5
2785 3
2786 4
2787 4
2788 1
2789 5
2790 2
2791 4
2792 3
2793 5
2794 2
2795 3
2796 2
2797 6
2798 5
2799 4
2800 2
2801 2
2802 4
2803 6
2804 4
2805 5
2806 4
2807 4
2808 4
2809 3
2810 4
2811 4
2812 7
2813 3
2814 6
2815 5
2816 4
2817 5
2818 4
2819 4
2820 6
2821 4
2822 4
2823 4
2824 4
2825 3
2826 2
2827 3
2828 3
2829 4
2830 4
2831 4
2832 3
2833 3
2834 2
2835 4
2836 3
2837 5
2838 4
2839 4
2840 5
2841 7
2842 4
2843 5
2844 3
2845 3
2846 5
2847 4
2848 4
2849 2
2850 5
2851 3
2852 5
2853 4
2854 5
2855 3
2856 1
2857 5
2858 3
2859 6
2860 4
2861 2
2862 7
2863 2
2864 7
2865 7
2866 3
2867 1
2868 2
2869 2
2870 4
2871 7
2872 6
2873 8
2874 1
2875 5
2876 2
2877 6
2878 4
2879 4
2880 5
2881 1
2882 6
2883 4
2884 6
2885 8
2886 2
2887 6
2888 4
2889 4
2890 5
2891 4
2892 2
2893 2
2894 2
2895 2
2896 2
2897 3
2898 3
2899 4
2900 6
2901 3
2902 3
2903 1
2904 1
2905 4
2906 3
2907 6
2908 6
2909 7
2910 8
2911 2
2912 3
2913 1
2914 1
2915 3
2916 6
2917 6
2918 3
2919 3
2920 7
2921 3
2922 3
2923 4
2924 4
2925 4
2926 5
2927 4
2928 3
2929 2
2930 5
2931 3
2932 3
2933 1
2934 2
2935 4
2936 1
2937 2
2938 2
2939 3
2940 5
2941 2
2942 1
2943 6
2944 4
2945 1
2946 4
2947 1
2948 4
2949 2
2950 3
2951 3
2952 3
2953 1
2954 6
2955 4
2956 2
2957 4
2958 1
2959 3
2960 1
2961 3
2962 7
2963 4
2964 7
2965 3
2966 5
2967 4
2968 2
2969 7
2970 5
2971 6
2972 5
2973 1
2974 5
2975 5
2976 4
2977 4
2978 3
2979 3
2980 3
2981 3
2982 5
2983 4
2984 2
2985 5
2986 2
2987 5
2988 5
2989 4
2990 4
2991 6
2992 2
2993 4
2994 3
2995 4
2996 2
2997 5
2998 3
2999 4
3000 2
3001 3
3002 4
3003 4
3004 4
3005 3
3006 3
3007 3
3008 5
3009 3
3010 7
3011 0
3012 3
3013 7
3014 6
3015 2
3016 6
3017 4
3018 2
3019 7
3020 2
3021 5
3022 2
3023 2
3024 5
3025 3
3026 3
3027 4
3028 4
3029 4
3030 3
3031 6
3032 4
3033 2
3034 2
3035 2
3036 2
3037 4
3038 5
3039 5
3040 3
3041 5
3042 5
3043 5
3044 5
3045 5
3046 4
3047 2
3048 5
3049 4
3050 3
3051 6
3052 5
3053 6
3054 3
3055 2
3056 4
3057 4
3058 7
3059 3
3060 3
3061 4
3062 6
3063 1
3064 4
3065 2
3066 3
3067 5
3068 4
3069 3
3070 1
3071 2
3072 3
3073 3
3074 2
3075 7
3076 5
3077 5
3078 3
3079 4
3080 2
3081 4
3082 6
3083 5
3084 2
3085 5
3086 4
3087 5
3088 5
3089 4
3090 3
3091 2
3092 5
3093 3
3094 7
3095 6
3096 2
3097 2
3098 4
3099 2
3100 4
3101 4
3102 5
3103 3
3104 5
3105 2
3106 4
3107 4
3108 4
3109 7
3110 5
3111 4
3112 7
3113 4
3114 5
3115 4
3116 4
3117 4
3118 5
3119 5
3120 4
3121 3
3122 3
3123 2
3124 3
3125 3
3126 3
3127 1
3128 3
3129 2
3130 6
3131 2
3132 1
3133 4
3134 4
3135 6
3136 4
3137 8
3138 1
3139 4
3140 3
3141 2
3142 7
3143 1
3144 2
3145 3
3146 3
3147 2
3148 6
3149 5
3150 4
3151 6
3152 3
3153 2
3154 5
3155 4
3156 6
3157 1
3158 3
3159 5
3160 4
3161 2
3162 6
3163 5
3164 3
3165 5
3166 3
3167 6
3168 4
3169 3
3170 6
3171 1
3172 2
3173 3
3174 5
3175 5
3176 2
3177 2
3178 3
3179 5
3180 5
3181 3
3182 5
3183 7
3184 6
3185 4
3186 3
3187 3
3188 4
3189 5
3190 4
3191 3
3192 3
3193 3
3194 5
3195 5
3196 2
3197 5
3198 4
3199 5
3200 1
3201 3
3202 6
3203 4
3204 4
3205 4
3206 4
3207 4
3208 2
3209 7
3210 2
3211 2
3212 5
3213 4
3214 4
3215 2
3216 4
3217 1
3218 0
3219 2
3220 3
3221 4
3222 1
3223 3
3224 4
3225 4
3226 4
3227 2
3228 3
3229 4
3230 3
3231 2
3232 4
3233 1
3234 2
3235 4
3236 3
3237 3
3238 4
3239 4
3240 3
3241 1
3242 4
3243 3
3244 4
3245 2
3246 3
3247 6
3248 1
3249 2
3250 1
3251 3
3252 5
3253 3
3254 4
3255 5
3256 4
3257 5
3258 4
3259 3
3260 6
3261 2
3262 5
3263 4
3264 1
3265 1
3266 5
3267 5
3268 4
3269 3
3270 4
3271 3
3272 6
3273 3
3274 5
3275 2
3276 3
3277 6
3278 5
3279 1
3280 2
3281 4
3282 4
3283 5
3284 5
3285 6
3286 5
3287 4
3288 2
3289 5
3290 5
3291 3
3292 4
3293 6
3294 3
3295 5
3296 3
3297 5
3298 5
3299 3
3300 4
3301 2
3302 3
3303 4
3304 2
3305 3
3306 3
3307 5
3308 2
3309 2
3310 3
3311 4
3312 2
3313 1
3314 3
3315 2
3316 2
3317 1
3318 1
3319 4
3320 1
3321 2
3322 2
3323 2
3324 3
3325 3
3326 1
3327 4
3328 3
3329 0
3330 1
3331 3
3332 2
3333 2
3334 2
3335 0
3336 1
3337 2
3338 4
3339 5
3340 5
3341 4
3342 3
3343 1
3344 7
3345 5
3346 2
3347 4
3348 4
3349 7
3350 5
3351 3
3352 3
3353 2
3354 5
3355 5
3356 4
3357 7
3358 2
3359 5
3360 6
3361 3
3362 5
3363 5
3364 2
3365 3
3366 3
3367 5
3368 7
3369 4
3370 3
3371 1
3372 3
3373 1
3374 2
3375 2
3376 6
3377 7
3378 2
3379 3
3380 1
3381 2
3382 2
3383 3
3384 3
3385 5
3386 6
3387 5
3388 3
3389 3
3390 3
3391 5
3392 6
3393 4
3394 3
3395 5
3396 5
3397 1
3398 4
3399 2
3400 1
3401 1
3402 3
3403 6
3404 5
3405 3
3406 3
3407 5
3408 3
3409 3
3410 1
3411 5
3412 6
3413 6
3414 2
3415 5
3416 3
3417 5
3418 1
3419 4
3420 6
3421 8
3422 4
3423 6
3424 4
3425 2
3426 3
3427 2
3428 5
3429 2
3430 4
3431 2
3432 5
3433 3
3434 2
3435 3
3436 1
3437 2
3438 4
3439 6
3440 2
3441 4
3442 2
3443 1
3444 4
3445 1
3446 4
3447 6
3448 5
3449 1
3450 4
3451 4
3452 5
3453 3
3454 5
3455 7
3456 5
3457 3
3458 5
3459 5
3460 7
3461 5
3462 4
3463 5
3464 5
3465 6
3466 6
3467 2
3468 4
3469 3
3470 5
3471 3
3472 2
3473 3
3474 4
3475 5
3476 4
3477 3
3478 4
3479 2
3480 4
3481 3
3482 4
3483 4
3484 6
3485 3
3486 4
3487 2
3488 2
3489 4
3490 3
3491 3
3492 4
3493 5
3494 5
3495 3
3496 5
3497 3
3498 5
3499 4
3500 5
3501 2
3502 2
3503 6
3504 0
3505 3
3506 6
3507 2
3508 6
3509 8
3510 3
3511 6
3512 3
3513 3
3514 8
3515 3
3516 3
3517 3
3518 6
3519 6
3520 3
3521 5
3522 1
3523 6
3524 4
3525 5
3526 6
3527 5
3528 3
3529 1
3530 4
3531 2
3532 1
3533 5
3534 5
3535 6
3536 3
3537 2
3538 4
3539 5
3540 4
3541 3
3542 5
3543 3
3544 6
3545 6
3546 6
3547 5
3548 6
3549 8
3550 5
3551 4
3552 4
3553 6
3554 2
3555 4
3556 5
3557 5
3558 2
3559 2
3560 4
3561 2
3562 5
3563 2
3564 1
3565 2
3566 5
3567 5
3568 3
3569 6
3570 5
3571 3
3572 0
3573 6
3574 5
3575 1
3576 3
3577 7
3578 5
3579 4
3580 3
3581 3
3582 4
3583 3
3584 5
3585 7
3586 4
3587 2
3588 2
3589 7
3590 3
3591 1
3592 2
3593 4
3594 9
3595 4
3596 5
3597 5
3598 3
3599 2
3600 2
3601 3
3602 6
3603 4
3604 7
3605 5
3606 4
3607 2
3608 6
3609 3
3610 5
3611 7
3612 3
3613 4
3614 6
3615 6
3616 5
3617 4
3618 3
3619 2
3620 5
3621 4
3622 5
3623 6
3624 7
3625 5
3626 6
3627 5
3628 2
3629 5
3630 2
3631 3
3632 3
3633 5
3634 3
3635 5
3636 2
3637 6
3638 5
3639 6
3640 2
3641 1
3642 6
3643 5
3644 4
3645 8
3646 6
3647 9
3648 5
3649 6
3650 2
3651 4
3652 7
3653 3
3654 4
3655 5
3656 5
3657 7
3658 2
3659 3
3660 4
3661 7
3662 3
3663 8
3664 3
3665 4
3666 3
3667 3
3668 3
3669 1
3670 5
3671 6
3672 5
3673 4
3674 3
3675 5
3676 2
3677 4
3678 6
3679 7
3680 3
3681 3
3682 3
3683 5
3684 4
3685 3
3686 4
3687 6
3688 4
3689 4
3690 5
3691 5
3692 3
3693 3
3694 5
3695 6
3696 3
3697 7
3698 7
3699 5
3700 3
3701 3
3702 2
3703 4
3704 6
3705 4
3706 6
3707 2
3708 1
3709 5
3710 5
3711 6
3712 8
3713 5
3714 3
3715 4
3716 5
3717 5
3718 7
3719 5
3720 2
3721 4
3722 3
3723 4
3724 3
3725 4
3726 7
3727 0
3728 4
3729 7
3730 3
3731 4
3732 4
3733 4
3734 5
3735 6
3736 4
3737 5
3738 4
3739 6
3740 3
3741 5
3742 6
3743 6
3744 4
3745 6
3746 4
3747 4
3748 5
3749 4
3750 8
3751 3
3752 2
3753 5
3754 2
3755 2
3756 5
3757 3
3758 3
3759 5
3760 7
3761 3
3762 4
3763 1
3764 3
3765 4
3766 3
3767 5
3768 2
3769 3
3770 2
3771 1
3772 3
3773 3
3774 2
3775 4
3776 6
3777 3
3778 1
3779 4
3780 5
3781 4
3782 7
3783 3
3784 4
3785 4
3786 5
3787 5
3788 4
3789 5
3790 7
3791 3
3792 4
3793 4
3794 3
3795 4
3796 4
3797 2
3798 5
3799 3
3800 3
3801 3
3802 5
3803 4
3804 3
3805 5
3806 6
3807 2
3808 4
3809 4
3810 5
3811 2
3812 0
3813 2
3814 4
3815 2
3816 7
3817 9
3818 5
3819 1
3820 1
3821 7
3822 3
3823 8
3824 6
3825 3
3826 2
3827 4
3828 6
3829 5
3830 4
3831 2
3832 5
3833 2
3834 8
3835 5
3836 4
3837 7
3838 1
3839 4
3840 6
3841 5
3842 4
3843 6
3844 5
3845 5
3846 3
3847 5
3848 2
3849 5
3850 5
3851 7
3852 3
3853 3
3854 2
3855 4
3856 3
3857 3
3858 4
3859 3
3860 4
3861 4
3862 3
3863 2
3864 4
3865 3
3866 5
3867 3
3868 7
3869 2
3870 7
3871 6
3872 1
3873 5
3874 1
3875 3
3876 5
3877 2
3878 7
3879 3
3880 7
3881 3
3882 1
3883 4
3884 4
3885 1
3886 5
3887 3
3888 6
3889 3
3890 6
3891 5
3892 5
3893 6
3894 3
3895 6
3896 5
3897 9
3898 4
3899 4
3900 2
3901 3
3902 5
3903 4
3904 4
3905 8
3906 6
3907 4
3908 9
3909 5
3910 4
3911 7
3912 5
3913 3
3914 5
3915 5
3916 3
3917 4
3918 5
3919 9
3920 2
3921 3
3922 7
3923 3
3924 6
3925 8
3926 3
3927 8
3928 5
3929 5
3930 6
3931 4
3932 4
3933 2
3934 6
3935 4
3936 3
3937 3
3938 6
3939 4
3940 2
3941 4
3942 6
3943 1
3944 2
3945 5
3946 2
3947 5
3948 2
3949 3
3950 3
3951 6
3952 4
3953 2
3954 3
3955 2
3956 4
3957 4
3958 7
3959 4
3960 3
3961 5
3962 4
3963 1
3964 2
3965 7
3966 4
3967 1
3968 5
3969 3
3970 6
3971 8
3972 6
3973 1
3974 4
3975 5
3976 4
3977 7
3978 5
3979 5
3980 4
3981 4
3982 5
3983 3
3984 5
3985 1
3986 3
3987 4
3988 3
3989 9
3990 3
3991 4
3992 5
3993 2
3994 2
3995 4
3996 5
3997 2
3998 2
3999 4
4000 3
4001 3
4002 8
4003 9
4004 5
4005 3
4006 3
4007 7
4008 3
4009 4
4010 5
4011 1
4012 4
4013 5
4014 5
4015 5
4016 4
4017 3
4018 4
4019 1
4020 3
4021 5
4022 3
4023 5
4024 5
4025 7
4026 5
4027 3
4028 1
4029 6
4030 5
4031 6
4032 5
4033 2
4034 5
4035 5
4036 4
4037 2
4038 0
4039 3
4040 6
4041 4
4042 4
4043 4
4044 3
4045 2
4046 1
4047 3
4048 5
4049 4
4050 5
4051 4
4052 3
4053 4
4054 5
4055 4
4056 4
4057 3
4058 5
4059 2
4060 4
4061 5
4062 3
4063 4
4064 7
4065 6
4066 2
4067 7
4068 6
4069 3
4070 5
4071 4
4072 7
4073 4
4074 8
4075 4
4076 7
4077 8
4078 6
4079 3
4080 8
4081 5
4082 6
4083 1
4084 5
4085 1
4086 2
4087 6
4088 4
4089 6
4090 3
4091 5
4092 3
4093 5
4094 3
4095 2
4096 6
4097 4
4098 3
4099 3
4100 3
4101 5
4102 6
4103 7
4104 7
4105 6
4106 5
4107 3
4108 5
4109 3
4110 5
4111 5
4112 2
4113 4
4114 3
4115 7
4116 5
4117 7
4118 7
4119 3
4120 6
4121 6
4122 5
4123 7
4124 6
4125 5
4126 4
4127 4
4128 5
4129 4
4130 4
4131 5
4132 3
4133 5
4134 2
4135 5
4136 6
4137 2
4138 4
4139 1
4140 3
4141 6
4142 4
4143 1
4144 5
4145 2
4146 4
4147 2
4148 2
4149 5
4150 3
4151 6
4152 8
4153 4
4154 3
4155 5
4156 4
4157 3
4158 1
4159 5
4160 2
4161 3
4162 4
4163 1
4164 4
4165 5
4166 3
4167 2
4168 2
4169 4
4170 1
4171 5
4172 1
4173 3
4174 4
4175 5
4176 3
4177 0
4178 4
4179 4
4180 2
4181 3
4182 2
4183 6
4184 5
4185 4
4186 5
4187 5
4188 4
4189 5
4190 2
4191 6
4192 3
4193 2
4194 4
4195 4
4196 2
4197 2
4198 3
4199 2
4200 3
4201 7
4202 3
4203 2
4204 2
4205 5
4206 5
4207 4
4208 3
4209 1
4210 4
4211 3
4212 2
4213 4
4214 2
4215 2
4216 6
4217 2
4218 3
4219 4
4220 2
4221 4
4222 3
4223 3
4224 6
4225 3
4226 2
4227 1
4228 4
4229 2
4230 2
4231 3
4232 3
4233 4
4234 6
4235 4
4236 3
4237 4
4238 4
4239 5
4240 4
4241 2
4242 1
4243 6
4244 4
4245 3
4246 2
4247 1
4248 2
4249 5
4250 4
4251 3
4252 5
4253 3
4254 1
4255 5
4256 4
4257 5
4258 4
4259 3
4260 4
4261 5
4262 4
4263 7
4264 4
4265 2
4266 5
4267 4
4268 2
4269 4
4270 2
4271 1
4272 4
4273 6
4274 5
4275 6
4276 5
4277 4
4278 6
4279 6
4280 5
4281 2
4282 3
4283 5
4284 3
4285 1
4286 1
4287 3
4288 3
4289 3
4290 1
4291 2
4292 6
4293 6
4294 5
4295 6
4296 6
4297 3
4298 6
4299 2
4300 4
4301 2
4302 5
4303 5
4304 8
4305 5
4306 5
4307 5
4308 3
4309 1
4310 1
4311 8
4312 3
4313 3
4314 8
4315 3
4316 5
4317 4
4318 5
4319 5
4320 6
4321 6
4322 1
4323 6
4324 7
4325 6
4326 5
4327 6
4328 2
4329 2
4330 6
4331 4
4332 4
4333 5
4334 2
4335 3
4336 4
4337 5
4338 4
4339 5
4340 2
4341 6
4342 4
4343 3
4344 2
4345 5
4346 4
4347 5
4348 5
4349 9
4350 6
4351 6
4352 5
4353 5
4354 4
4355 4
4356 6
4357 5
4358 5
4359 6
4360 7
4361 4
4362 3
4363 4
4364 7
4365 4
4366 5
4367 7
4368 4
4369 2
4370 5
4371 4
4372 4
4373 5
4374 5
4375 4
4376 5
4377 4
4378 4
4379 4
4380 3
4381 7
4382 4
4383 4
4384 5
4385 4
4386 5
4387 3
4388 2
4389 2
4390 8
4391 1
4392 7
4393 2
4394 4
4395 4
4396 7
4397 6
4398 4
4399 2
4400 6
4401 4
4402 5
4403 2
4404 7
4405 5
4406 6
4407 6
4408 6
4409 4
4410 5
4411 2
4412 1
4413 4
4414 5
4415 6
4416 6
4417 6
4418 4
4419 4
4420 4
4421 3
4422 6
4423 6
4424 4
4425 2
4426 7
4427 6
4428 7
4429 3
4430 8
4431 1
4432 3
4433 6
4434 4
4435 4
4436 5
4437 3
4438 4
4439 5
4440 7
4441 4
4442 7
4443 2
4444 5
4445 4
4446 6
4447 4
4448 6
4449 6
4450 4
4451 6
4452 6
4453 5
4454 4
4455 2
4456 4
4457 5
4458 6
4459 3
4460 6
4461 2
4462 6
4463 4
4464 3
4465 6
4466 5
4467 8
4468 6
4469 4
4470 8
4471 3
4472 7
4473 5
4474 5
4475 3
4476 4
4477 3
4478 4
4479 5
4480 5
4481 7
4482 2
4483 3
4484 5
4485 5
4486 5
4487 1
4488 4
4489 3
4490 3
4491 7
4492 6
4493 4
4494 6
4495 4
4496 5
4497 5
4498 7
4499 6
4500 8
4501 6
4502 2
4503 5
4504 3
4505 5
4506 7
4507 4
4508 3
4509 4
4510 4
4511 5
4512 1
4513 3
4514 5
4515 4
4516 3
4517 2
4518 8
4519 3
4520 7
4521 4
4522 9
4523 3
4524 7
4525 9
4526 5
4527 4
4528 5
4529 8
4530 7
4531 6
4532 5
4533 7
4534 4
4535 4
4536 4
4537 3
4538 6
4539 6
4540 4
4541 3
4542 7
4543 6
4544 4
4545 3
4546 5
4547 3
4548 5
4549 7
4550 6
4551 2
4552 4
4553 4
4554 2
4555 4
4556 5
4557 7
4558 6
4559 7
4560 4
4561 5
4562 1
4563 0
4564 3
4565 5
4566 3
4567 6
4568 4
4569 7
4570 7
4571 4
4572 1
4573 4
4574 3
4575 2
4576 7
4577 8
4578 6
4579 7
4580 4
4581 5
4582 6
4583 5
4584 5
4585 4
4586 4
4587 4
4588 5
4589 5
4590 5
4591 4
4592 2
4593 6
4594 4
4595 2
4596 6
4597 6
4598 2
4599 5
4600 5
4601 4
4602 2
4603 7
4604 9
4605 5
4606 6
4607 3
4608 5
4609 4
4610 4
4611 2
4612 4
4613 6
4614 5
4615 3
4616 1
4617 3
4618 6
4619 5
4620 6
4621 4
4622 1
4623 8
4624 5
4625 5
4626 5
4627 4
4628 2
4629 3
4630 0
4631 4
4632 2
4633 4
4634 4
4635 3
4636 4
4637 5
4638 3
4639 6
4640 4
4641 3
4642 2
4643 0
4644 4
4645 4
4646 5
4647 6
4648 6
4649 2
4650 5
4651 3
4652 3
4653 1
4654 3
4655 4
4656 3
4657 3
4658 6
4659 5
4660 3
4661 4
4662 2
4663 2
4664 6
4665 8
4666 6
4667 5
4668 4
4669 4
4670 3
4671 4
4672 4
4673 6
4674 3
4675 7
4676 2
4677 6
4678 4
4679 4
4680 2
4681 3
4682 3
4683 5
4684 4
4685 4
4686 3
4687 6
4688 6
4689 4
4690 4
4691 2
4692 2
4693 6
4694 4
4695 2
4696 4
4697 3
4698 5
4699 4
4700 5
4701 3
4702 2
4703 6
4704 7
4705 4
4706 2
4707 3
4708 5
4709 5
4710 2
4711 4
4712 1
4713 1
4714 5
4715 6
4716 2
4717 3
4718 5
4719 6
4720 7
4721 5
4722 6
4723 4
4724 5
4725 5
4726 4
4727 2
4728 1
4729 4
4730 5
4731 3
4732 1
4733 1
4734 2
4735 3
4736 3
4737 3
4738 3
4739 3
4740 4
4741 6
4742 9
4743 3
4744 6
4745 4
4746 6
4747 4
4748 2
4749 4
4750 4
4751 5
4752 5
4753 4
4754 5
4755 5
4756 3
4757 5
4758 5
4759 7
4760 7
4761 7
4762 4
4763 4
4764 2
4765 2
4766 5
4767 5
4768 5
4769 5
4770 5
4771 4
4772 3
4773 5
4774 2
4775 6
4776 5
4777 3
4778 3
4779 4
4780 6
4781 5
4782 6
4783 4
4784 2
4785 5
4786 4
4787 5
4788 2
4789 4
4790 3
4791 3
4792 4
4793 3
4794 2
4795 5
4796 1
4797 4
4798 4
4799 5
4800 4
4801 3
4802 7
4803 5
4804 3
4805 7
4806 5
4807 4
4808 5
4809 2
4810 6
4811 4
4812 1
4813 2
4814 4
4815 2
4816 6
4817 3
4818 6
4819 2
4820 2
4821 2
4822 2
4823 6
4824 6
4825 3
4826 4
4827 3
4828 3
4829 6
4830 4
4831 3
4832 5
4833 3
4834 5
4835 4
4836 2
4837 6
4838 2
4839 4
4840 6
4841 7
4842 4
4843 5
4844 2
4845 5
4846 2
4847 4
4848 6
4849 4
4850 4
4851 7
4852 6
4853 3
4854 1
4855 4
4856 8
4857 3
4858 4
4859 2
4860 3
4861 4
4862 3
4863 5
4864 3
4865 3
4866 2
4867 1
4868 5
4869 5
4870 6
4871 3
4872 3
4873 3
4874 2
4875 1
4876 4
4877 4
4878 5
4879 3
4880 4
4881 6
4882 3
4883 3
4884 2
4885 2
4886 5
4887 3
4888 5
4889 4
4890 5
4891 5
4892 5
4893 1
4894 5
4895 4
4896 4
4897 1
4898 2
4899 4
4900 10
4901 7
4902 5
4903 3
4904 4
4905 4
4906 3
4907 2
4908 4
4909 6
4910 5
4911 3
4912 4
4913 2
4914 3
4915 4
4916 5
4917 3
4918 3
4919 6
4920 6
4921 6
4922 4
4923 2
4924 4
4925 3
4926 7
4927 4
4928 5
4929 5
4930 2
4931 0
4932 5
4933 9
4934 5
4935 5
4936 7
4937 4
4938 4
4939 7
4940 3
4941 6
4942 4
4943 6
4944 6
4945 1
4946 3
4947 7
4948 3
4949 6
4950 5
4951 4
4952 4
4953 3
4954 3
4955 6
4956 8
4957 5
4958 6
4959 2
4960 2
4961 4
4962 1
4963 5
4964 1
4965 5
4966 3
4967 4
4968 4
4969 5
4970 9
4971 5
4972 3
4973 4
4974 4
4975 9
4976 3
4977 5
4978 4
4979 6
4980 3
4981 6
4982 4
4983 5
4984 2
4985 3
4986 5
4987 6
4988 4
4989 6
4990 4
4991 5
4992 5
4993 3
4994 3
4995 4
4996 5
4997 5
4998 3
4999 3
5000 4
5001 3
5002 2
5003 2
5004 3
5005 4
5006 3
5007 7
5008 2
5009 4
5010 6
5011 4
5012 5
5013 7
5014 5
5015 7
5016 6
5017 4
5018 7
5019 4
5020 1
5021 4
5022 10
5023 5
5024 3
5025 6
5026 2
5027 7
5028 2
5029 5
5030 6
5031 5
5032 7
5033 5
5034 5
5035 6
5036 4
5037 5
5038 5
5039 5
5040 6
5041 8
5042 1
5043 4
5044 6
5045 3
5046 6
5047 4
5048 7
5049 2
5050 3
5051 8
5052 4
5053 6
5054 4
5055 1
5056 5
5057 6
5058 6
5059 5
5060 4
5061 3
5062 3
5063 3
5064 2
5065 2
5066 3
5067 3
5068 3
5069 3
5070 4
5071 4
5072 6
5073 1
5074 4
5075 2
5076 4
5077 5
5078 6
5079 4
5080 4
5081 6
5082 6
5083 6
5084 4
5085 4
5086 7
5087 2
5088 4
5089 4
5090 6
5091 2
5092 3
5093 3
5094 2
5095 5
5096 4
5097 3
5098 5
5099 3
5100 7
5101 4
5102 4
5103 6
5104 2
5105 7
5106 3
5107 4
5108 4
5109 4
5110 3
5111 5
5112 6
5113 5
5114 8
5115 4
5116 2
5117 2
5118 5
5119 4
5120 5
5121 2
5122 3
5123 4
5124 2
5125 6
5126 5
5127 6
5128 6
5129 3
5130 3
5131 4
5132 6
5133 5
5134 3
5135 6
5136 1
5137 2
5138 4
5139 6
5140 4
5141 6
5142 6
5143 3
5144 5
5145 2
5146 3
5147 4
5148 5
5149 5
5150 6
5151 3
5152 2
5153 2
5154 5
5155 4
5156 3
5157 3
5158 5
5159 4
5160 6
5161 5
5162 4
5163 6
5164 3
5165 2
5166 4
5167 3
5168 5
5169 6
5170 6
5171 6
5172 7
5173 6
5174 5
5175 5
5176 3
5177 6
5178 2
5179 5
5180 6
5181 3
5182 4
5183 3
5184 2
5185 3
5186 2
5187 1
5188 3
5189 6
5190 6
5191 4
5192 5
5193 5
5194 4
5195 5
5196 3
5197 2
5198 3
5199 7
5200 5
5201 0
5202 7
5203 6
5204 2
5205 7
5206 4
5207 2
5208 2
5209 5
5210 3
5211 5
5212 3
5213 4
5214 5
5215 6
5216 4
5217 3
5218 3
5219 2
5220 1
5221 6
5222 7
5223 6
5224 7
5225 4
5226 2
5227 5
5228 6
5229 5
5230 4
5231 7
5232 5
5233 3
5234 6
5235 6
5236 2
5237 2
5238 4
5239 1
5240 2
5241 3
5242 2
5243 3
5244 3
5245 6
5246 4
5247 7
5248 5
5249 3
5250 2
5251 5
5252 5
5253 4
5254 4
5255 1
5256 3
5257 5
5258 4
5259 4
5260 1
5261 5
5262 4
5263 1
5264 1
5265 5
5266 1
5267 4
5268 4
5269 3
5270 2
5271 2
5272 6
5273 2
5274 3
5275 4
5276 6
5277 4
5278 4
5279 6
5280 5
5281 4
5282 2
5283 2
5284 5
5285 7
5286 2
5287 3
5288 5
5289 5
5290 3
5291 5
5292 3
5293 2
5294 3
5295 3
5296 4
5297 6
5298 5
5299 5
5300 4
5301 3
5302 5
5303 4
5304 2
5305 3
5306 1
5307 2
5308 5
5309 4
5310 4
5311 4
5312 4
5313 4
5314 6
5315 6
5316 5
5317 5
5318 5
5319 3
5320 5
5321 6
5322 2
5323 6
5324 6
5325 5
5326 8
5327 6
5328 3
5329 4
5330 5
5331 5
5332 5
5333 8
5334 3
5335 1
5336 3
5337 3
5338 6
5339 5
5340 6
5341 4
5342 1
5343 4
5344 4
5345 3
5346 4
5347 3
5348 6
5349 6
5350 4
5351 6
5352 5
5353 5
5354 3
5355 6
5356 3
5357 5
5358 5
5359 7
5360 4
5361 7
5362 4
5363 3
5364 4
5365 6
5366 6
5367 3
5368 2
5369 0
5370 4
5371 4
5372 3
5373 6
5374 3
5375 2
5376 3
5377 6
5378 2
5379 3
5380 5
5381 5
5382 2
5383 4
5384 6
5385 7
5386 4
5387 3
5388 6
5389 4
5390 4
5391 4
5392 3
5393 4
5394 5
5395 5
5396 6
5397 5
5398 5
5399 4
5400 4
5401 4
5402 5
5403 5
5404 7
5405 6
5406 7
5407 5
5408 6
5409 4
5410 6
5411 6
5412 3
5413 3
5414 5
5415 3
5416 4
5417 7
5418 3
5419 4
5420 6
5421 3
5422 4
5423 7
5424 4
5425 4
5426 6
5427 5
5428 6
5429 3
5430 4
5431 4
5432 5
5433 3
5434 3
5435 3
5436 1
5437 3
5438 5
5439 5
5440 5
5441 4
5442 6
5443 4
5444 1
5445 5
5446 2
5447 6
5448 6
5449 7
5450 2
5451 5
5452 6
5453 5
5454 2
5455 5
5456 6
5457 7
5458 2
5459 5
5460 6
5461 3
5462 3
5463 6
5464 3
5465 5
5466 2
5467 2
5468 4
5469 5
5470 5
5471 7
5472 5
5473 6
5474 5
5475 4
5476 6
5477 1
5478 4
5479 4
5480 2
5481 4
5482 2
5483 3
5484 3
5485 6
5486 4
5487 3
5488 7
5489 2
5490 3
5491 5
5492 5
5493 4
5494 2
5495 4
5496 4
5497 7
5498 6
5499 4
5500 4
5501 5
5502 3
5503 4
5504 3
5505 3
5506 4
5507 5
5508 4
5509 6
5510 3
5511 5
5512 6
5513 4
5514 5
5515 6
5516 5
5517 4
5518 4
5519 4
5520 2
5521 2
5522 4
5523 5
5524 6
5525 9
5526 3
5527 1
5528 5
5529 5
5530 2
5531 1
5532 4
5533 4
5534 6
5535 5
5536 3
5537 4
5538 6
5539 5
5540 3
5541 5
5542 5
5543 4
5544 4
5545 2
5546 4
5547 4
5548 6
5549 5
5550 5
5551 4
5552 3
5553 6
5554 6
5555 4
5556 5
5557 3
5558 3
5559 5
5560 4
5561 5
5562 4
5563 3
5564 4
5565 3
5566 6
5567 5
5568 5
5569 6
5570 6
5571 6
5572 1
5573 5
5574 7
5575 7
5576 5
5577 5
5578 5
5579 4
5580 5
5581 4
5582 4
5583 4
5584 7
5585 2
5586 1
5587 2
5588 4
5589 1
5590 5
5591 4
5592 1
5593 7
5594 8
5595 4
5596 4
5597 5
5598 3
5599 6
5600 2
5601 4
5602 4
5603 5
5604 2
5605 3
5606 4
5607 5
5608 5
5609 3
5610 2
5611 7
5612 3
5613 5
5614 6
5615 7
5616 6
5617 2
5618 1
5619 4
5620 3
5621 6
5622 4
5623 3
5624 2
5625 4
5626 5
5627 7
5628 6
5629 1
5630 5
5631 5
5632 5
5633 3
5634 2
5635 4
5636 5
5637 5
5638 6
5639 2
5640 6
5641 5
5642 7
5643 4
5644 5
5645 5
5646 4
5647 4
5648 5
5649 5
5650 3
5651 3
5652 4
5653 4
5654 4
5655 4
5656 7
5657 5
5658 4
5659 9
5660 4
5661 3
5662 5
5663 3
5664 6
5665 5
5666 5
5667 2
5668 4
5669 4
5670 1
5671 2
5672 0
5673 6
5674 3
5675 4
5676 7
5677 6
5678 2
5679 3
5680 6
5681 3
5682 7
5683 4
5684 4
5685 7
5686 2
5687 7
5688 4
5689 4
5690 4
5691 6
5692 7
5693 2
5694 4
5695 4
5696 2
5697 2
5698 3
5699 1
5700 4
5701 4
5702 4
5703 4
5704 4
5705 5
5706 6
5707 6
5708 4
5709 6
5710 2
5711 6
5712 3
5713 5
5714 6
5715 3
5716 4
5717 3
5718 1
5719 3
5720 6
5721 4
5722 4
5723 3
5724 3
5725 5
5726 5
5727 3
5728 5
5729 6
5730 5
5731 3
5732 2
5733 4
5734 4
5735 4
5736 2
5737 1
5738 8
5739 5
5740 7
5741 2
5742 3
5743 5
5744 4
5745 4
5746 2
5747 4
5748 7
5749 5
5750 5
5751 4
5752 2
5753 4
5754 5
5755 4
5756 3
5757 4
5758 7
5759 5
5760 5
5761 3
5762 3
5763 5
5764 4
5765 9
5766 6
5767 3
5768 3
5769 5
5770 5
5771 6
5772 5
5773 1
5774 5
5775 8
5776 2
5777 3
5778 6
5779 6
5780 5
5781 2
5782 3
5783 5
5784 3
5785 2
5786 2
5787 4
5788 1
5789 4
5790 6
5791 5
5792 6
5793 4
5794 2
5795 3
5796 3
5797 6
5798 3
5799 5
5800 5
5801 5
5802 5
5803 5
5804 3
5805 3
5806 8
5807 6
5808 5
5809 7
5810 3
5811 1
5812 2
5813 4
5814 5
5815 7
5816 4
5817 7
5818 5
5819 5
5820 6
5821 4
5822 5
5823 6
5824 5
5825 2
5826 8
5827 4
5828 6
5829 7
5830 3
5831 3
5832 3
5833 2
5834 6
5835 6
5836 6
5837 2
5838 5
5839 7
5840 5
5841 1
5842 4
5843 0
5844 4
5845 4
5846 5
5847 6
5848 9
5849 4
5850 9
5851 3
5852 5
5853 4
5854 7
5855 4
5856 6
5857 7
5858 3
5859 1
5860 3
5861 3
5862 2
5863 7
5864 5
5865 4
5866 4
5867 3
5868 3
5869 5
5870 3
5871 9
5872 5
5873 4
5874 2
5875 2
5876 5
5877 4
5878 6
5879 7
5880 3
5881 4
5882 5
5883 3
5884 2
5885 4
5886 3
5887 4
5888 6
5889 5
5890 1
5891 5
5892 6
5893 4
5894 4
5895 6
5896 5
5897 5
5898 4
5899 0
5900 1
5901 2
5902 6
5903 6
5904 6
5905 3
5906 2
5907 3
5908 2
5909 1
5910 3
5911 3
5912 3
5913 2
5914 1
5915 2
5916 4
5917 5
5918 6
5919 4
5920 2
5921 5
5922 4
5923 5
5924 5
5925 7
5926 4
5927 6
5928 6
5929 3
5930 2
5931 1
5932 2
5933 4
5934 4
5935 3
5936 7
5937 4
5938 3
5939 3
5940 5
5941 9
5942 5
5943 1
5944 2
5945 6
5946 5
5947 5
5948 5
5949 3
5950 5
5951 4
5952 5
5953 3
5954 4
5955 5
5956 4
5957 4
5958 4
5959 5
5960 6
5961 6
5962 5
5963 5
5964 4
5965 4
5966 2
5967 5
5968 3
5969 2
5970 7
5971 6
5972 4
5973 7
5974 4
5975 4
5976 5
5977 7
5978 4
5979 5
5980 5
5981 2
5982 1
5983 5
5984 4
5985 5
5986 4
5987 3
5988 4
5989 1
5990 4
5991 3
5992 5
5993 5
5994 5
5995 2
5996 0
5997 3
5998 3
5999 3
6000 2
6001 2
6002 3
6003 2
6004 2
6005 3
6006 6
6007 3
6008 4
6009 4
6010 4
6011 3
6012 3
6013 4
6014 2
6015 2
6016 1
6017 5
6018 4
6019 4
6020 6
6021 2
6022 1
6023 4
6024 4
6025 7
6026 3
6027 2
6028 7
6029 4
6030 4
6031 2
6032 6
6033 5
6034 7
6035 5
6036 5
6037 2
6038 4
6039 3
6040 4
6041 2
6042 7
6043 3
6044 4
6045 4
6046 5
6047 2
6048 3
6049 3
6050 5
6051 1
6052 5
6053 2
6054 5
6055 3
6056 4
6057 2
6058 3
6059 2
6060 4
6061 6
6062 2
6063 6
6064 6
6065 4
6066 1
6067 4
6068 3
6069 4
6070 3
6071 3
6072 3
6073 5
6074 1
6075 3
6076 2
6077 5
6078 3
6079 4
6080 3
6081 2
6082 7
6083 2
6084 3
6085 4
6086 2
6087 3
6088 3
6089 5
6090 3
6091 7
6092 1
6093 2
6094 4
6095 4
6096 3
6097 1
6098 6
6099 4
6100 3
6101 6
6102 3
6103 4
6104 3
6105 5
6106 3
6107 2
6108 3
6109 0
6110 1
6111 3
6112 2
6113 3
6114 5
6115 3
6116 3
6117 6
6118 5
6119 4
6120 4
6121 3
6122 4
6123 3
6124 3
6125 4
6126 2
6127 3
6128 3
6129 5
6130 5
6131 7
6132 4
6133 5
6134 3
6135 5
6136 3
6137 6
6138 5
6139 2
6140 5
6141 3
6142 3
6143 4
6144 4
6145 1
6146 5
6147 5
6148 4
6149 5
6150 6
6151 3
6152 5
6153 5
6154 2
6155 3
6156 6
6157 5
6158 4
6159 5
6160 2
6161 7
6162 4
6163 4
6164 3
6165 5
6166 4
6167 5
6168 3
6169 3
6170 4
6171 6
6172 3
6173 5
6174 8
6175 1
6176 2
6177 1
6178 1
6179 2
6180 4
6181 3
6182 3
6183 6
6184 5
6185 7
6186 7
6187 4
6188 5
6189 4
6190 2
6191 4
6192 2
6193 2
6194 5
6195 2
6196 5
6197 4
6198 3
6199 2
6200 6
6201 4
6202 2
6203 3
6204 2
6205 4
6206 4
6207 5
6208 6
6209 3
6210 4
6211 5
6212 4
6213 2
6214 3
6215 4
6216 2
6217 5
6218 4
6219 3
6220 2
6221 3
6222 2
6223 6
6224 7
6225 4
6226 3
6227 3
6228 3
6229 2
6230 5
6231 4
6232 3
6233 3
6234 2
6235 4
6236 2
6237 4
6238 2
6239 7
6240 2
6241 2
6242 4
6243 3
6244 2
6245 5
6246 4
6247 2
6248 3
6249 4
6250 4
6251 3
6252 4
6253 6
6254 1
6255 4
6256 2
6257 4
6258 1
6259 5
6260 5
6261 4
6262 3
6263 2
6264 5
6265 2
6266 3
6267 5
6268 4
6269 0
6270 8
6271 2
6272 2
6273 6
6274 5
6275 1
6276 5
6277 5
6278 3
6279 3
6280 5
6281 5
6282 3
6283 1
6284 3
6285 6
6286 4
6287 6
6288 6
6289 5
6290 4
6291 2
6292 5
6293 4
6294 5
6295 4
6296 3
6297 3
6298 4
6299 1
6300 3
6301 2
6302 6
6303 5
6304 2
6305 3
6306 4
6307 5
6308 4
6309 4
6310 4
6311 2
6312 4
6313 5
6314 2
6315 4
6316 3
6317 3
6318 2
6319 3
6320 4
6321 1
6322 3
6323 5
6324 5
6325 3
6326 5
6327 2
6328 2
6329 4
6330 3
6331 1
6332 5
6333 5
6334 6
6335 4
6336 4
6337 4
6338 6
6339 3
6340 5
6341 5
6342 5
6343 5
6344 4
6345 6
6346 6
6347 1
6348 0
6349 5
6350 6
6351 5
6352 4
6353 6
6354 6
6355 6
6356 1
6357 7
6358 2
6359 5
6360 3
6361 4
6362 5
6363 3
6364 7
6365 4
6366 2
6367 1
6368 4
6369 4
6370 5
6371 4
6372 3
6373 2
6374 4
6375 1
6376 2
6377 5
6378 3
6379 5
6380 3
6381 2
6382 6
6383 4
6384 4
6385 6
6386 1
6387 2
6388 3
6389 3
6390 4
6391 6
6392 3
6393 0
6394 1
6395 3
6396 2
6397 3
6398 3
6399 3
6400 4
6401 3
6402 5
6403 8
6404 8
6405 6
6406 5
6407 3
6408 3
6409 4
6410 4
6411 1
6412 2
6413 9
6414 2
6415 4
6416 5
6417 4
6418 6
6419 4
6420 2
6421 7
6422 6
6423 8
6424 2
6425 3
6426 3
6427 2
6428 5
6429 4
6430 3
6431 5
6432 5
6433 3
6434 6
6435 7
6436 7
6437 6
6438 6
6439 5
6440 3
6441 4
6442 2
6443 3
6444 2
6445 2
6446 1
6447 2
6448 7
6449 5
6450 4
6451 3
6452 3
6453 4
6454 4
6455 5
6456 4
6457 3
6458 1
6459 3
6460 5
6461 5
6462 6
6463 6
6464 6
6465 10
6466 7
6467 2
6468 4
6469 5
6470 2
6471 5
6472 4
6473 4
6474 7
6475 3
6476 6
6477 1
6478 3
6479 4
6480 3
6481 4
6482 3
6483 8
6484 6
6485 7
6486 3
6487 6
6488 2
6489 3
6490 4
6491 4
6492 4
6493 3
6494 4
6495 5
6496 4
6497 6
6498 2
6499 1
6500 3
6501 3
6502 5
6503 1
6504 3
6505 3
6506 7
6507 2
6508 3
6509 2
6510 2
6511 3
6512 3
6513 5
6514 3
6515 7
6516 2
6517 1
6518 5
6519 6
6520 4
6521 5
6522 5
6523 5
6524 3
6525 5
6526 3
6527 2
6528 4
6529 3
6530 6
6531 6
6532 3
6533 4
6534 4
6535 1
6536 2
6537 3
6538 3
6539 5
6540 3
6541 5
6542 6
6543 3
6544 4
6545 4
6546 7
6547 5
6548 3
6549 3
6550 4
6551 9
6552 1
6553 2
6554 5
6555 2
6556 5
6557 6
6558 6
6559 5
6560 5
6561 4
6562 2
6563 3
6564 4
6565 6
6566 3
6567 4
6568 4
6569 3
6570 1
6571 4
6572 1
6573 2
6574 2
6575 4
6576 2
6577 4
6578 4
6579 5
6580 5
6581 5
6582 2
6583 6
6584 3
6585 3
6586 3
6587 3
6588 8
6589 4
6590 6
6591 5
6592 5
6593 3
6594 2
6595 5
6596 0
6597 5
6598 5
6599 4
6600 4
6601 5
6602 4
6603 3
6604 3
6605 4
6606 5
6607 1
6608 3
6609 6
6610 6
6611 7
6612 4
6613 4
6614 4
6615 2
6616 5
6617 6
6618 3
6619 3
6620 5
6621 6
6622 3
6623 3
6624 1
6625 4
6626 3
6627 3
6628 2
6629 3
6630 3
6631 3
6632 2
6633 3
6634 3
6635 5
6636 7
6637 1
6638 6
6639 1
6640 5
6641 3
6642 3
6643 2
6644 2
6645 1
6646 4
6647 2
6648 0
6649 3
6650 2
6651 4
6652 1
6653 2
6654 2
6655 3
6656 0
6657 2
6658 0
6659 4
6660 3
6661 2
6662 2
6663 4
6664 3
6665 3
6666 5
6667 2
6668 3
6669 3
6670 4
6671 3
6672 2
6673 1
6674 0
6675 2
6676 3
6677 3
6678 5
6679 2
6680 6
6681 1
6682 5
6683 3
6684 3
6685 5
6686 1
6687 3
6688 1
6689 2
6690 3
6691 7
6692 4
6693 2
6694 2
6695 0
6696 2
6697 3
6698 4
6699 3
6700 3
6701 4
6702 2
6703 3
6704 2
6705 1
6706 1
6707 4
6708 4
6709 0
6710 1
6711 4
6712 2
6713 0
6714 5
6715 4
6716 2
6717 6
6718 3
6719 4
6720 1
6721 2
6722 4
6723 3
6724 3
6725 5
6726 2
6727 4
6728 2
6729 5
6730 3
6731 5
6732 7
6733 2
6734 3
6735 5
6736 4
6737 2
6738 3
6739 2
6740 6
6741 6
6742 0
6743 0
6744 3
6745 3
6746 3
6747 1
6748 2
6749 6
6750 4
6751 4
6752 5
6753 6
6754 3
6755 4
6756 6
6757 3
6758 4
6759 3
6760 4
6761 4
6762 1
6763 3
6764 4
6765 0
6766 1
6767 2
6768 2
6769 2
6770 3
6771 3
6772 2
6773 3
6774 3
6775 4
6776 2
6777 2
6778 1
6779 0
6780 2
6781 3
6782 2
6783 3
6784 3
6785 4
6786 3
6787 3
6788 4
6789 8
6790 2
6791 4
6792 4
6793 4
6794 3
6795 2
6796 2
6797 2
6798 3
6799 2
6800 2
6801 2
6802 3
6803 6
6804 4
6805 4
6806 6
6807 5
6808 2
6809 6
6810 5
6811 6
6812 2
6813 4
6814 2
6815 3
6816 2
6817 3
6818 2
6819 5
6820 6
6821 2
6822 6
6823 4
6824 6
6825 3
6826 5
6827 2
6828 2
6829 5
6830 2
6831 0
6832 3
6833 5
6834 4
6835 3
6836 3
6837 2
6838 4
6839 6
6840 1
6841 3
6842 4
6843 3
6844 3
6845 4
6846 5
6847 0
6848 1
6849 0
6850 1
6851 3
6852 3
6853 5
6854 5
6855 2
6856 3
6857 4
6858 3
6859 3
6860 5
6861 3
6862 2
6863 2
6864 4
6865 4
6866 3
6867 4
6868 7
6869 0
6870 2
6871 0
6872 4
6873 5
6874 5
6875 3
6876 2
6877 5
6878 2
6879 3
6880 5
6881 6
6882 2
6883 4
6884 3
6885 2
6886 4
6887 2
6888 1
6889 5
6890 1
6891 3
6892 3
6893 1
6894 5
6895 1
6896 2
6897 3
6898 2
6899 2
6900 5
6901 6
6902 2
6903 3
6904 5
6905 2
6906 2
6907 3
6908 5
6909 5
6910 3
6911 5
6912 4
6913 4
6914 6
6915 3
6916 3
6917 3
6918 8
6919 1
6920 4
6921 3
6922 4
6923 3
6924 2
6925 5
6926 0
6927 4
6928 2
6929 4
6930 3
6931 5
6932 3
6933 3
6934 3
6935 2
6936 2
6937 3
6938 3
6939 5
6940 2
6941 5
6942 4
6943 2
6944 3
6945 4
6946 3
6947 4
6948 4
6949 4
6950 5
6951 3
6952 4
6953 2
6954 2
6955 4
6956 2
6957 5
6958 6
6959 4
6960 2
6961 5
6962 4
6963 4
6964 3
6965 4
6966 3
6967 5
6968 7
6969 2
6970 2
6971 4
6972 3
6973 5
6974 7
6975 4
6976 4
6977 5
6978 2
6979 3
6980 4
6981 3
6982 6
6983 4
6984 6
6985 2
6986 6
6987 4
6988 3
6989 5
6990 5
6991 1
6992 4
6993 3
6994 5
6995 3
6996 4
6997 2
6998 4
6999 6
7000 3
7001 2
7002 2
7003 3
7004 4
7005 5
7006 3
7007 4
7008 2
7009 6
7010 4
7011 6
7012 2
7013 3
7014 3
7015 7
7016 4
7017 2
7018 6
7019 2
7020 6
7021 2
7022 5
7023 3
7024 2
7025 2
7026 3
7027 1
7028 2
7029 3
7030 6
7031 2
7032 3
7033 4
7034 3
7035 1
7036 1
7037 4
7038 5
7039 1
7040 3
7041 3
7042 5
7043 6
7044 5
7045 1
7046 5
7047 3
7048 5
7049 3
7050 2
7051 2
7052 5
7053 6
7054 2
7055 3
7056 2
7057 3
7058 1
7059 3
7060 5
7061 4
7062 4
7063 3
7064 1
7065 2
7066 3
7067 3
7068 3
7069 3
7070 3
7071 5
7072 4
7073 6
7074 2
7075 1
7076 4
7077 1
7078 3
7079 0
7080 2
7081 5
7082 4
7083 2
7084 4
7085 5
7086 4
7087 4
7088 4
7089 5
7090 5
7091 4
7092 2
7093 3
7094 3
7095 6
7096 3
7097 2
7098 4
7099 4
7100 1
7101 5
7102 4
7103 1
7104 2
7105 3
7106 7
7107 3
7108 4
7109 4
7110 3
7111 5
7112 5
7113 2
7114 3
7115 3
7116 2
7117 5
7118 4
7119 0
7120 1
7121 4
7122 2
7123 7
7124 0
7125 3
7126 2
7127 0
7128 4
7129 2
7130 4
7131 4
7132 3
7133 5
7134 2
7135 1
7136 3
7137 1
7138 2
7139 3
7140 5
7141 4
7142 6
7143 5
7144 2
7145 1
7146 4
7147 2
7148 2
7149 4
7150 2
7151 3
7152 2
7153 2
7154 3
7155 3
7156 4
7157 1
7158 4
7159 4
7160 3
7161 3
7162 3
7163 3
7164 4
7165 3
7166 3
7167 2
7168 2
7169 1
7170 4
7171 3
7172 3
7173 4
7174 4
7175 4
7176 4
7177 4
7178 5
7179 3
7180 4
7181 4
7182 4
7183 2
7184 2
7185 2
7186 2
7187 2
7188 1
7189 3
7190 2
7191 2
7192 6
7193 4
7194 3
7195 3
7196 4
7197 1
7198 3
7199 4
7200 5
7201 5
7202 3
7203 2
7204 1
7205 3
7206 5
7207 4
7208 2
7209 7
7210 5
7211 5
7212 5
7213 2
7214 4
7215 1
7216 6
7217 3
7218 1
7219 4
7220 3
7221 4
7222 4
7223 2
7224 4
7225 2
7226 0
7227 3
7228 3
7229 5
7230 3
7231 1
7232 2
7233 1
7234 1
7235 2
7236 3
7237 0
7238 1
7239 3
7240 4
7241 2
7242 1
7243 1
7244 4
7245 1
7246 4
7247 8
7248 4
7249 2
7250 4
7251 1
7252 3
7253 4
7254 3
7255 3
7256 1
7257 3
7258 3
7259 0
7260 3
7261 4
7262 2
7263 2
7264 1
7265 2
7266 3
7267 3
7268 4
7269 3
7270 4
7271 3
7272 2
7273 4
7274 4
7275 2
7276 3
7277 4
7278 4
7279 3
7280 3
7281 3
7282 3
7283 1
7284 1
7285 3
7286 6
7287 4
7288 2
7289 4
7290 4
7291 4
7292 2
7293 3
7294 1
7295 3
7296 3
7297 2
7298 3
7299 3
7300 1
7301 0
7302 4
7303 2
7304 2
7305 4
7306 2
7307 1
7308 2
7309 3
7310 4
7311 4
7312 5
7313 2
7314 2
7315 1
7316 1
7317 0
7318 1
7319 3
7320 0
7321 4
7322 3
7323 2
7324 4
7325 2
7326 2
7327 4
7328 2
7329 2
7330 3
7331 3
7332 2
7333 2
7334 2
7335 0
7336 1
7337 4
7338 2
7339 1
7340 3
7341 1
7342 2
7343 2
7344 0
7345 1
7346 2
7347 3
7348 1
7349 1
7350 1
7351 4
7352 2
7353 2
7354 2
7355 3
7356 4
7357 3
7358 0
7359 1
7360 1
7361 1
7362 1
7363 0
7364 1
7365 2
7366 1
7367 7
7368 2
7369 1
7370 3
7371 3
7372 3
7373 2
7374 2
7375 1
7376 3
7377 3
7378 5
7379 3
7380 2
7381 5
7382 4
7383 2
7384 3
7385 2
7386 2
7387 4
7388 5
7389 1
7390 1
7391 1
7392 4
7393 2
7394 1
7395 2
7396 2
7397 2
7398 2
7399 1
7400 1
7401 0
7402 4
7403 2
7404 4
7405 2
7406 3
7407 3
7408 4
7409 2
7410 2
7411 3
7412 2
7413 4
7414 2
7415 0
7416 2
7417 2
7418 2
7419 3
7420 0
7421 6
7422 2
7423 4
7424 2
7425 4
7426 0
7427 2
7428 1
7429 2
7430 1
7431 0
7432 2
7433 1
7434 4
7435 3
7436 4
7437 5
7438 2
7439 2
7440 2
7441 0
7442 3
7443 2
7444 4
7445 1
7446 3
7447 2
7448 4
7449 4
7450 2
7451 4
7452 3
7453 2
7454 5
7455 3
7456 5
7457 3
7458 4
7459 1
7460 1
7461 4
7462 4
7463 3
7464 2
7465 5
7466 1
7467 2
7468 1
7469 2
7470 1
7471 3
7472 3
7473 1
7474 2
7475 3
7476 1
7477 3
7478 3
7479 2
7480 5
7481 3
7482 3
7483 2
7484 4
7485 0
7486 5
7487 3
7488 4
7489 5
7490 2
7491 3
7492 2
7493 4
7494 4
7495 4
7496 3
7497 1
7498 3
7499 3
7500 5
7501 2
7502 3
7503 0
7504 3
7505 6
7506 4
7507 5
7508 3
7509 4
7510 3
7511 1
7512 3
7513 3
7514 1
7515 3
7516 5
7517 7
7518 3
7519 4
7520 2
7521 5
7522 4
7523 5
7524 2
7525 7
7526 5
7527 4
7528 0
7529 5
7530 3
7531 4
7532 5
7533 4
7534 5
7535 4
7536 5
7537 4
7538 1
7539 6
7540 4
7541 3
7542 3
7543 2
7544 1
7545 1
7546 3
7547 5
7548 3
7549 2
7550 3
7551 4
7552 0
7553 4
7554 2
7555 4
7556 1
7557 1
7558 4
7559 2
7560 6
7561 2
7562 2
7563 4
7564 1
7565 2
7566 5
7567 4
7568 4
7569 4
7570 1
7571 1
7572 3
7573 3
7574 2
7575 2
7576 5
7577 2
7578 3
7579 1
7580 2
7581 0
7582 2
7583 3
7584 1
7585 5
7586 2
7587 3
7588 5
7589 6
7590 2
7591 0
7592 2
7593 0
7594 3
7595 4
7596 5
7597 2
7598 4
7599 2
7600 2
7601 6
7602 5
7603 4
7604 2
7605 0
7606 3
7607 1
7608 1
7609 2
7610 2
7611 4
7612 2
7613 3
7614 1
7615 1
7616 1
7617 1
7618 3
7619 4
7620 4
7621 1
7622 0
7623 3
7624 2
7625 3
7626 3
7627 2
7628 3
7629 3
7630 3
7631 2
7632 2
7633 2
7634 3
7635 4
7636 2
7637 3
7638 2
7639 5
7640 0
7641 4
7642 0
7643 0
7644 1
7645 2
7646 3
7647 1
7648 2
7649 5
7650 2
7651 1
7652 1
7653 2
7654 2
7655 5
7656 4
7657 4
7658 4
7659 4
7660 2
7661 4
7662 3
7663 6
7664 6
7665 2
7666 1
7667 4
7668 2
7669 3
7670 2
7671 4
7672 6
7673 3
7674 2
7675 4
7676 3
7677 5
7678 3
7679 4
7680 3
7681 1
7682 3
7683 4
7684 2
7685 4
7686 1
7687 2
7688 1
7689 1
7690 3
7691 5
7692 1
7693 3
7694 6
7695 2
7696 1
7697 3
7698 4
7699 1
7700 2
7701 4
7702 4
7703 3
7704 4
7705 1
7706 5
7707 5
7708 1
7709 1
7710 2
7711 4
7712 2
7713 4
7714 1
7715 4
7716 1
7717 5
7718 2
7719 3
7720 2
7721 4
7722 3
7723 2
7724 4
7725 5
7726 1
7727 1
7728 2
7729 2
7730 3
7731 3
7732 1
7733 3
7734 4
7735 2
7736 4
7737 2
7738 3
7739 5
7740 2
7741 1
7742 2
7743 2
7744 2
7745 3
7746 5
7747 1
7748 3
7749 2
7750 2
7751 2
7752 2
7753 1
7754 1
7755 0
7756 2
7757 1
7758 3
7759 1
7760 0
7761 1
7762 3
7763 4
7764 2
7765 2
7766 3
7767 2
7768 1
7769 2
7770 0
7771 1
7772 2
7773 2
7774 1
7775 2
7776 2
7777 2
7778 3
7779 3
7780 1
7781 2
7782 2
7783 2
7784 0
7785 1
7786 0
7787 0
7788 1
7789 1
7790 1
7791 0
7792 1
7793 0
7794 0
7795 2
7796 0
7797 1
7798 4
7799 4
7800 2
7801 0
7802 4
7803 2
7804 1
7805 4
7806 3
7807 3
7808 5
7809 3
7810 4
7811 2
7812 2
7813 2
7814 1
7815 2
7816 5
7817 3
7818 2
7819 2
7820 4
7821 5
7822 1
7823 2
7824 4
7825 1
7826 3
7827 3
7828 2
7829 3
7830 1
7831 2
7832 4
7833 3
7834 4
7835 3
7836 4
7837 2
7838 3
7839 3
7840 5
7841 5
7842 4
7843 2
7844 2
7845 2
7846 2
7847 4
7848 5
7849 3
7850 3
7851 2
7852 2
7853 3
7854 4
7855 2
7856 3
7857 3
7858 3
7859 4
7860 6
7861 1
7862 3
7863 3
7864 2
7865 2
7866 1
7867 2
7868 2
7869 1
7870 4
7871 2
7872 7
7873 4
7874 3
7875 5
7876 3
7877 0
7878 0
7879 4
7880 2
7881 2
7882 2
7883 4
7884 1
7885 3
7886 2
7887 3
7888 2
7889 3
7890 5
7891 2
7892 3
7893 3
7894 0
7895 3
7896 4
7897 3
7898 4
7899 3
7900 3
7901 4
7902 4
7903 3
7904 3
7905 4
7906 2
7907 3
7908 3
7909 1
7910 3
7911 1
7912 1
7913 0
7914 2
7915 3
7916 5
7917 3
7918 6
7919 0
7920 2
7921 4
7922 2
7923 2
7924 3
7925 1
7926 3
7927 2
7928 1
7929 4
7930 2
7931 4
7932 7
7933 1
7934 4
7935 2
7936 6
7937 7
7938 4
7939 1
7940 3
7941 5
7942 2
7943 2
7944 4
7945 6
7946 0
7947 5
7948 5
7949 3
7950 6
7951 2
7952 5
7953 3
7954 5
7955 5
7956 5
7957 3
7958 5
7959 1
7960 3
7961 3
7962 4
7963 4
7964 3
7965 5
7966 1
7967 1
7968 4
7969 3
7970 2
7971 3
7972 2
7973 1
7974 2
7975 3
7976 2
7977 1
7978 4
7979 2
7980 3
7981 4
7982 2
7983 5
7984 3
7985 3
7986 0
7987 3
7988 3
7989 2
7990 6
7991 3
7992 3
7993 0
7994 4
7995 5
7996 1
7997 3
7998 4
7999 3
8000 4
8001 0
8002 4
8003 7
8004 3
8005 5
8006 4
8007 3
8008 4
8009 5
8010 3
8011 2
8012 0
8013 2
8014 1
8015 2
8016 1
8017 3
8018 2
8019 2
8020 2
8021 4
8022 3
8023 0
8024 5
8025 2
8026 1
8027 2
8028 5
8029 2
8030 1
8031 2
8032 2
8033 4
8034 6
8035 2
8036 2
8037 3
8038 4
8039 1
8040 4
8041 2
8042 4
8043 1
8044 5
8045 3
8046 3
8047 1
8048 4
8049 3
8050 2
8051 1
8052 2
8053 5
8054 5
8055 2
8056 4
8057 3
8058 4
8059 1
8060 2
8061 2
8062 3
8063 5
8064 3
8065 2
8066 1
8067 4
8068 3
8069 2
8070 3
8071 3
8072 4
8073 2
8074 4
8075 6
8076 4
8077 2
8078 2
8079 4
8080 4
8081 2
8082 3
8083 3
8084 1
8085 2
8086 1
8087 2
8088 4
8089 2
8090 2
8091 5
8092 2
8093 0
8094 4
8095 1
8096 3
8097 3
8098 4
8099 4
8100 5
8101 3
8102 2
8103 1
8104 3
8105 6
8106 5
8107 4
8108 2
8109 3
8110 1
8111 4
8112 3
8113 3
8114 2
8115 2
8116 1
8117 2
8118 3
8119 2
8120 5
8121 1
8122 4
8123 3
8124 2
8125 4
8126 2
8127 3
8128 2
8129 2
8130 1
8131 7
8132 3
8133 3
8134 4
8135 6
8136 2
8137 3
8138 5
8139 4
8140 3
8141 1
8142 1
8143 3
8144 2
8145 3
8146 2
8147 1
8148 4
8149 5
8150 2
8151 1
8152 1
8153 3
8154 3
8155 2
8156 2
8157 4
8158 2
8159 3
8160 5
8161 3
8162 6
8163 3
8164 3
8165 3
8166 4
8167 2
8168 2
8169 1
8170 3
8171 4
8172 0
8173 4
8174 1
8175 3
8176 2
8177 1
8178 3
8179 4
8180 4
8181 4
8182 2
8183 2
8184 3
8185 4
8186 4
8187 0
8188 5
8189 3
8190 3
8191 4
8192 4
8193 1
8194 3
8195 2
8196 1
8197 3
8198 3
8199 5
8200 2
8201 3
8202 2
8203 1
8204 2
8205 3
8206 4
8207 5
8208 3
8209 2
8210 0
8211 2
8212 5
8213 3
8214 5
8215 1
8216 4
8217 4
8218 2
8219 3
8220 3
8221 3
8222 2
8223 1
8224 5
8225 3
8226 1
8227 1
8228 1
8229 4
8230 4
8231 1
8232 4
8233 2
8234 4
8235 1
8236 2
8237 3
8238 1
8239 1
8240 3
8241 4
8242 2
8243 2
8244 0
8245 5
8246 2
8247 3
8248 2
8249 6
8250 1
8251 2
8252 1
8253 3
8254 4
8255 2
8256 3
8257 4
8258 0
8259 2
8260 4
8261 2
8262 2
8263 1
8264 5
8265 4
8266 1
8267 2
8268 1
8269 5
8270 3
8271 3
8272 1
8273 2
8274 2
8275 3
8276 3
8277 4
8278 1
8279 1
8280 1
8281 3
8282 4
8283 4
8284 4
8285 2
8286 2
8287 2
8288 1
8289 5
8290 5
8291 5
8292 3
8293 4
8294 4
8295 3
8296 4
8297 3
8298 3
8299 2
8300 3
8301 5
8302 3
8303 3
8304 5
8305 4
8306 4
8307 5
8308 6
8309 5
8310 3
8311 3
8312 2
8313 4
8314 7
8315 1
8316 3
8317 2
8318 2
8319 2
8320 3
8321 2
8322 3
8323 1
8324 1
8325 5
8326 4
8327 4
8328 2
8329 2
8330 1
8331 2
8332 2
8333 1
8334 2
8335 3
8336 2
8337 3
8338 4
8339 3
8340 2
8341 3
8342 2
8343 1
8344 4
8345 3
8346 2
8347 2
8348 4
8349 2
8350 3
8351 3
8352 1
8353 5
8354 1
8355 3
8356 4
8357 7
8358 3
8359 5
8360 5
8361 4
8362 1
8363 4
8364 2
8365 1
8366 0
8367 2
8368 4
8369 3
8370 3
8371 5
8372 3
8373 3
8374 3
8375 4
8376 5
8377 2
8378 5
8379 3
8380 6
8381 3
8382 4
8383 2
8384 2
8385 2
8386 1
8387 2
8388 5
8389 3
8390 1
8391 2
8392 1
8393 2
8394 3
8395 1
8396 4
8397 2
8398 3
8399 4
8400 3
8401 4
8402 4
8403 6
8404 4
8405 4
8406 3
8407 6
8408 2
8409 1
8410 3
8411 3
8412 5
8413 5
8414 3
8415 3
8416 2
8417 5
8418 1
8419 3
8420 3
8421 2
8422 4
8423 1
8424 4
8425 3
8426 4
8427 1
8428 5
8429 3
8430 2
8431 2
8432 1
8433 3
8434 3
8435 4
8436 4
8437 3
8438 5
8439 4
8440 4
8441 3
8442 5
8443 3
8444 5
8445 5
8446 3
8447 3
8448 3
8449 2
8450 2
8451 3
8452 7
8453 3
8454 3
8455 2
8456 3
8457 5
8458 6
8459 5
8460 1
8461 4
8462 4
8463 3
8464 2
8465 1
8466 0
8467 1
8468 2
8469 3
8470 3
8471 2
8472 4
8473 5
8474 3
8475 3
8476 5
8477 5
8478 5
8479 6
8480 4
8481 4
8482 4
8483 3
8484 6
8485 4
8486 5
8487 3
8488 3
8489 4
8490 2
8491 4
8492 3
8493 2
8494 4
8495 2
8496 1
8497 3
8498 3
8499 3
8500 5
8501 4
8502 1
8503 2
8504 6
8505 3
8506 5
8507 6
8508 3
8509 3
8510 4
8511 4
8512 4
8513 4
8514 4
8515 7
8516 3
8517 7
8518 3
8519 4
8520 3
8521 4
8522 3
8523 4
8524 4
8525 2
8526 4
8527 6
8528 2
8529 4
8530 3
8531 3
8532 3
8533 1
8534 5
8535 1
8536 4
8537 5
8538 4
8539 3
8540 1
8541 5
8542 4
8543 1
8544 4
8545 3
8546 5
8547 2
8548 3
8549 3
8550 4
8551 6
8552 5
8553 6
8554 4
8555 4
8556 1
8557 5
8558 6
8559 2
8560 0
8561 4
8562 6
8563 2
8564 6
8565 5
8566 3
8567 1
8568 4
8569 3
8570 4
8571 3
8572 3
8573 4
8574 3
8575 4
8576 6
8577 5
8578 5
8579 4
8580 4
8581 4
8582 3
8583 4
8584 3
8585 1
8586 4
8587 4
8588 5
8589 5
8590 3
8591 4
8592 4
8593 4
8594 3
8595 5
8596 2
8597 8
8598 2
8599 3
8600 0
8601 4
8602 3
8603 3
8604 4
8605 2
8606 5
8607 4
8608 5
8609 3
8610 0
8611 3
8612 1
8613 3
8614 4
8615 5
8616 3
8617 1
8618 1
8619 1
8620 5
8621 2
8622 5
8623 4
8624 2
8625 1
8626 2
8627 5
8628 2
8629 2
8630 2
8631 5
8632 3
8633 6
8634 4
8635 4
8636 1
8637 2
8638 3
8639 2
8640 6
8641 3
8642 2
8643 2
8644 1
8645 1
8646 6
8647 3
8648 4
8649 2
8650 3
8651 4
8652 5
8653 2
8654 2
8655 2
8656 2
8657 3
8658 4
8659 4
8660 4
8661 3
8662 4
8663 6
8664 4
8665 4
8666 3
8667 3
8668 4
8669 4
8670 4
8671 2
8672 2
8673 3
8674 2
8675 1
8676 5
8677 3
8678 3
8679 3
8680 2
8681 5
8682 0
8683 1
8684 2
8685 1
8686 4
8687 2
8688 4
8689 3
8690 0
8691 1
8692 3
8693 2
8694 3
8695 6
8696 4
8697 3
8698 3
8699 3
8700 3
8701 3
8702 3
8703 2
8704 2
8705 2
8706 4
8707 4
8708 3
8709 5
8710 3
8711 2
8712 4
8713 3
8714 1
8715 3
8716 3
8717 1
8718 0
8719 4
8720 2
8721 5
8722 3
8723 4
8724 3
8725 5
8726 3
8727 2
8728 2
8729 3
8730 3
8731 3
8732 4
8733 4
8734 4
8735 2
8736 3
8737 2
8738 6
8739 5
8740 4
8741 6
8742 5
8743 5
8744 4
8745 3
8746 4
8747 1
8748 3
8749 3
8750 3
8751 5
8752 4
8753 3
8754 3
8755 4
8756 4
8757 3
8758 1
8759 5
8760 6
8761 2
8762 2
8763 1
8764 5
8765 2
8766 5
8767 4
8768 3
8769 5
8770 3
8771 1
8772 1
8773 4
8774 4
8775 3
8776 1
8777 1
8778 2
8779 4
8780 2
8781 3
8782 4
8783 4
8784 2
8785 1
8786 2
8787 2
8788 1
8789 5
8790 3
8791 5
8792 5
8793 3
8794 3
8795 4
8796 5
8797 4
8798 4
8799 6
8800 3
8801 5
8802 2
8803 2
8804 2
8805 3
8806 3
8807 5
8808 6
8809 3
8810 3
8811 2
8812 3
8813 6
8814 4
8815 3
8816 1
8817 7
8818 2
8819 3
8820 5
8821 2
8822 3
8823 4
8824 6
8825 2
8826 1
8827 3
8828 3
8829 2
8830 5
8831 1
8832 5
8833 1
8834 3
8835 7
8836 2
8837 2
8838 3
8839 4
8840 4
8841 3
8842 3
8843 2
8844 4
8845 4
8846 3
8847 3
8848 3
8849 2
8850 5
8851 6
8852 5
8853 3
8854 3
8855 2
8856 4
8857 3
8858 4
8859 4
8860 2
8861 1
8862 5
8863 3
8864 3
8865 2
8866 1
8867 5
8868 3
8869 3
8870 1
8871 5
8872 2
8873 6
8874 2
8875 5
8876 3
8877 6
8878 6
8879 1
8880 3
8881 2
8882 7
8883 4
8884 0
8885 2
8886 2
8887 3
8888 4
8889 2
8890 2
8891 1
8892 4
8893 1
8894 4
8895 4
8896 5
8897 4
8898 4
8899 3
8900 0
8901 5
8902 4
8903 5
8904 3
8905 2
8906 4
8907 4
8908 3
8909 3
8910 2
8911 5
8912 3
8913 2
8914 3
8915 4
8916 2
8917 6
8918 2
8919 5
8920 2
8921 1
8922 5
8923 6
8924 2
8925 7
8926 3
8927 2
8928 3
8929 5
8930 1
8931 6
8932 4
8933 5
8934 1
8935 3
8936 1
8937 2
8938 4
8939 4
8940 3
8941 3
8942 0
8943 3
8944 3
8945 3
8946 3
8947 4
8948 5
8949 3
8950 2
8951 2
8952 3
8953 4
8954 1
8955 2
8956 3
8957 2
8958 4
8959 3
8960 4
8961 5
8962 4
8963 2
8964 1
8965 3
8966 3
8967 2
8968 4
8969 2
8970 4
8971 1
8972 2
8973 4
8974 2
8975 7
8976 8
8977 1
8978 2
8979 4
8980 5
8981 2
8982 4
8983 4
8984 5
8985 6
8986 3
8987 3
8988 8
8989 1
8990 4
8991 6
8992 3
8993 5
8994 2
8995 1
8996 5
8997 3
8998 3
8999 5
9000 1
9001 5
9002 1
9003 5
9004 2
9005 5
9006 2
9007 2
9008 3
9009 3
9010 2
9011 3
9012 4
9013 5
9014 2
9015 3
9016 2
9017 0
9018 4
9019 4
9020 5
9021 5
9022 1
9023 2
9024 2
9025 1
9026 3
9027 1
9028 2
9029 2
9030 3
9031 3
9032 4
9033 4
9034 5
9035 3
9036 3
9037 1
9038 1
9039 5
9040 5
9041 2
9042 0
9043 2
9044 3
9045 3
9046 2
9047 2
9048 4
9049 2
9050 0
9051 6
9052 2
9053 3
9054 2
9055 4
9056 0
9057 2
9058 3
9059 2
9060 2
9061 3
9062 2
9063 3
9064 5
9065 5
9066 4
9067 3
9068 1
9069 6
9070 2
9071 3
9072 2
9073 3
9074 1
9075 1
9076 3
9077 4
9078 7
9079 5
9080 4
9081 5
9082 3
9083 4
9084 2
9085 6
9086 4
9087 4
9088 3
9089 3
9090 4
9091 5
9092 5
9093 4
9094 5
9095 3
9096 5
9097 1
9098 2
9099 5
9100 4
9101 3
9102 3
9103 3
9104 1
9105 4
9106 1
9107 4
9108 3
9109 3
9110 2
9111 3
9112 4
9113 3
9114 3
9115 3
9116 4
9117 2
9118 2
9119 3
9120 4
9121 6
9122 5
9123 5
9124 4
9125 5
9126 4
9127 3
9128 4
9129 4
9130 5
9131 3
9132 5
9133 5
9134 5
9135 6
9136 3
9137 0
9138 1
9139 4
9140 4
9141 2
9142 4
9143 4
9144 4
9145 2
9146 4
9147 2
9148 5
9149 4
9150 4
9151 2
9152 5
9153 3
9154 5
9155 2
9156 4
9157 6
9158 4
9159 1
9160 3
9161 3
9162 6
9163 2
9164 2
9165 5
9166 6
9167 4
9168 3
9169 3
9170 2
9171 2
9172 4
9173 4
9174 3
9175 6
9176 3
9177 7
9178 5
9179 1
9180 1
9181 5
9182 4
9183 4
9184 2
9185 3
9186 3
9187 4
9188 5
9189 3
9190 4
9191 4
9192 4
9193 1
9194 1
9195 5
9196 3
9197 2
9198 7
9199 4
9200 6
9201 4
9202 4
9203 6
9204 4
9205 6
9206 2
9207 3
9208 2
9209 3
9210 4
9211 5
9212 3
9213 5
9214 2
9215 2
9216 2
9217 1
9218 3
9219 5
9220 2
9221 7
9222 4
9223 3
9224 4
9225 6
9226 6
9227 3
9228 6
9229 3
9230 5
9231 3
9232 4
9233 7
9234 3
9235 5
9236 3
9237 5
9238 3
9239 4
9240 6
9241 5
9242 5
9243 6
9244 4
9245 3
9246 6
9247 5
9248 4
9249 5
9250 3
9251 5
9252 4
9253 4
9254 5
9255 3
9256 3
9257 6
9258 5
9259 4
9260 1
9261 4
9262 1
9263 2
9264 3
9265 3
9266 6
9267 5
9268 6
9269 7
9270 2
9271 4
9272 3
9273 1
9274 3
9275 5
9276 3
9277 2
9278 5
9279 5
9280 3
9281 3
9282 2
9283 4
9284 8
9285 6
9286 5
9287 4
9288 4
9289 4
9290 5
9291 3
9292 5
9293 4
9294 4
9295 5
9296 2
9297 6
9298 4
9299 6
9300 3
9301 4
9302 4
9303 7
9304 5
9305 6
9306 4
9307 4
9308 5
9309 8
9310 3
9311 3
9312 7
9313 5
9314 6
9315 3
9316 2
9317 4
9318 6
9319 4
9320 3
9321 3
9322 7
9323 2
9324 5
9325 2
9326 2
9327 6
9328 2
9329 3
9330 2
9331 5
9332 4
9333 2
9334 4
9335 3
9336 1
9337 2
9338 3
9339 5
9340 4
9341 4
9342 4
9343 4
9344 3
9345 3
9346 6
9347 4
9348 5
9349 6
9350 6
9351 5
9352 4
9353 5
9354 5
9355 5
9356 2
9357 2
9358 6
9359 2
9360 3
9361 5
9362 6
9363 3
9364 1
9365 5
9366 3
9367 0
9368 4
9369 1
9370 0
9371 3
9372 4
9373 3
9374 2
9375 2
9376 2
9377 5
9378 2
9379 5
9380 2
9381 4
9382 4
9383 4
9384 4
9385 2
9386 3
9387 3
9388 5
9389 6
9390 6
9391 5
9392 2
9393 4
9394 1
9395 1
9396 4
9397 4
9398 1
9399 3
9400 0
9401 0
9402 3
9403 3
9404 6
9405 4
9406 4
9407 1
9408 4
9409 5
9410 2
9411 2
9412 3
9413 2
9414 5
9415 5
9416 5
9417 4
9418 4
9419 4
9420 3
9421 3
9422 3
9423 5
9424 2
9425 3
9426 3
9427 3
9428 5
9429 2
9430 3
9431 3
9432 3
9433 5
9434 4
9435 3
9436 5
9437 3
9438 2
9439 4
9440 3
9441 5
9442 4
9443 2
9444 5
9445 8
9446 5
9447 4
9448 3
9449 3
9450 5
9451 5
9452 3
9453 6
9454 4
9455 6
9456 2
9457 2
9458 6
9459 3
9460 2
9461 2
9462 1
9463 4
9464 6
9465 2
9466 1
9467 6
9468 2
9469 1
9470 3
9471 4
9472 4
9473 5
9474 3
9475 6
9476 4
9477 3
9478 4
9479 6
9480 5
9481 4
9482 6
9483 4
9484 1
9485 3
9486 3
9487 0
9488 5
9489 2
9490 4
9491 1
9492 5
9493 3
9494 4
9495 3
9496 5
9497 7
9498 6
9499 1
9500 6
9501 3
9502 1
9503 4
9504 3
9505 5
9506 5
9507 5
9508 3
9509 3
9510 4
9511 6
9512 4
9513 6
9514 3
9515 2
9516 5
9517 1
9518 4
9519 4
9520 5
9521 4
9522 5
9523 3
9524 3
9525 3
9526 6
9527 4
9528 5
9529 5
9530 5
9531 2
9532 2
9533 2
9534 1
9535 4
9536 5
9537 5
9538 2
9539 3
9540 4
9541 5
9542 4
9543 3
9544 5
9545 5
9546 4
9547 4
9548 3
9549 0
9550 5
9551 3
9552 4
9553 5
9554 2
9555 3
9556 2
9557 5
9558 2
9559 4
9560 5
9561 3
9562 2
9563 0
9564 1
9565 5
9566 1
9567 3
9568 3
9569 8
9570 5
9571 5
9572 2
9573 6
9574 5
9575 0
9576 4
9577 5
9578 3
9579 3
9580 2
9581 2
9582 2
9583 2
9584 4
9585 5
9586 0
9587 2
9588 2
9589 1
9590 2
9591 4
9592 3
9593 1
9594 3
9595 2
9596 7
9597 3
9598 5
9599 7
9600 6
9601 3
9602 4
9603 4
9604 4
9605 3
9606 3
9607 5
9608 1
9609 1
9610 4
9611 3
9612 0
9613 3
9614 4
9615 6
9616 5
9617 7
9618 6
9619 5
9620 7
9621 6
9622 5
9623 5
9624 4
9625 4
9626 2
9627 5
9628 3
9629 3
9630 7
9631 5
9632 4
9633 6
9634 5
9635 2
9636 2
9637 2
9638 5
9639 5
9640 3
9641 2
9642 2
9643 5
9644 4
9645 1
9646 2
9647 8
9648 7
9649 6
9650 2
9651 4
9652 4
9653 2
9654 3
9655 5
9656 5
9657 3
9658 4
9659 4
9660 3
9661 5
9662 5
9663 3
9664 6
9665 4
9666 3
9667 2
9668 1
9669 2
9670 5
9671 4
9672 5
9673 2
9674 3
9675 1
9676 5
9677 3
9678 4
9679 2
9680 3
9681 1
9682 1
9683 4
9684 3
9685 6
9686 5
9687 5
9688 5
9689 5
9690 2
9691 3
9692 3
9693 4
9694 4
9695 0
9696 2
9697 3
9698 2
9699 1
9700 4
9701 1
9702 3
9703 3
9704 5
9705 5
9706 5
9707 2
9708 1
9709 6
9710 2
9711 1
9712 5
9713 5
9714 2
9715 3
9716 3
9717 5
9718 5
9719 2
9720 1
9721 4
9722 2
9723 3
9724 4
9725 3
9726 4
9727 3
9728 2
9729 4
9730 4
9731 5
9732 4
9733 6
9734 3
9735 3
9736 3
9737 4
9738 3
9739 3
9740 4
9741 3
9742 3
9743 1
9744 4
9745 1
9746 2
9747 3
9748 5
9749 4
9750 1
9751 5
9752 2
9753 6
9754 2
9755 2
9756 4
9757 4
9758 5
9759 0
9760 3
9761 3
9762 4
9763 2
9764 4
9765 3
9766 3
9767 3
9768 3
9769 1
9770 4
9771 3
9772 3
9773 2
9774 2
9775 3
9776 5
9777 2
9778 3
9779 4
9780 3
9781 6
9782 5
9783 2
9784 1
9785 4
9786 1
9787 3
9788 1
9789 3
9790 2
9791 3
9792 2
9793 6
9794 3
9795 3
9796 2
9797 4
9798 2
9799 3
9800 2
9801 3
9802 2
9803 4
9804 2
9805 3
9806 1
9807 6
9808 5
9809 1
9810 5
9811 4
9812 6
9813 3
9814 4
9815 1
9816 1
9817 4
9818 2
9819 0
9820 7
9821 3
9822 5
9823 1
9824 4
9825 2
9826 0
9827 4
9828 4
9829 1
9830 4
9831 2
9832 2
9833 4
9834 3
9835 1
9836 4
9837 3
9838 5
9839 3
9840 3
9841 3
9842 4
9843 5
9844 3
9845 4
9846 5
9847 4
9848 5
9849 6
9850 5
9851 5
9852 6
9853 1
9854 2
9855 4
9856 3
9857 4
9858 6
9859 5
9860 8
9861 3
9862 4
9863 3
9864 4
9865 4
9866 1
9867 3
9868 4
9869 4
9870 2
9871 7
9872 3
9873 5
9874 3
9875 3
9876 3
9877 3
9878 1
9879 4
9880 5
9881 5
9882 4
9883 5
9884 4
9885 5
9886 4
9887 4
9888 7
9889 2
9890 2
9891 0
9892 6
9893 2
9894 1
9895 3
9896 2
9897 2
9898 5
9899 5
9900 6
9901 6
9902 5
9903 7
9904 3
9905 4
9906 4
9907 2
9908 3
9909 4
9910 2
9911 3
9912 4
9913 4
9914 4
9915 3
9916 5
9917 1
9918 2
9919 4
9920 3
9921 4
9922 2
9923 3
9924 4
9925 3
9926 4
9927 4
9928 2
9929 4
9930 3
9931 3
9932 3
9933 2
9934 5
9935 4
9936 4
9937 1
9938 4
9939 4
9940 4
9941 3
9942 4
9943 2
9944 2
9945 3
9946 2
9947 2
9948 5
9949 2
9950 3
9951 2
9952 3
9953 3
9954 5
9955 5
9956 3
9957 4
9958 1
9959 5
9960 2
9961 2
9962 4
9963 4
9964 3
9965 3
9966 2
9967 5
9968 4
9969 7
9970 3
9971 8
9972 2
9973 4
9974 3
9975 4
9976 4
9977 6
9978 5
9979 3
9980 3
9981 3
9982 3
9983 6
9984 5
9985 3
9986 1
9987 4
9988 4
9989 1
9990 4
9991 0
9992 2
9993 4
9994 4
9995 3
9996 4
9997 4
9998 2
9999 5
10000 4
10001 5
