0 8
1 8
2 4
3 3
4 3
5 1
6 1
7 2
8 1
9 4
10 4
11 1
12 1
13 2
14 1
15 2
16 6
17 5
18 3
19 5
20 3
21 0
22 4
23 2
24 2
25 3
26 1
27 4
28 2
29 1
30 1
31 4
32 2
33 1
34 1
35 2
36 3
37 4
38 4
39 3
40 3
41 1
42 3
43 2
44 1
45 2
46 2
47 1
48 0
49 3
50 2
51 0
52 0
53 3
54 0
55 2
56 2
57 3
58 3
59 1
60 1
61 1
62 1
63 4
64 4
65 2
66 1
67 2
68 2
69 4
70 4
71 3
72 2
73 1
74 0
75 1
76 2
77 3
78 2
79 4
80 1
81 2
82 3
83 1
84 2
85 6
86 4
87 1
88 3
89 3
90 4
91 3
92 2
93 2
94 1
95 1
96 1
97 3
98 1
99 3
100 3
101 0
102 2
103 2
104 2
105 3
106 1
107 3
108 3
109 4
110 2
111 4
112 1
113 0
114 3
115 1
116 0
117 2
118 3
119 2
120 2
121 1
122 2
123 0
124 3
125 3
126 4
127 1
128 1
129 3
130 1
131 2
132 3
133 1
134 0
135 1
136 1
137 0
138 3
139 0
140 3
141 2
142 2
143 5
144 2
145 1
146 2
147 1
148 1
149 0
150 1
151 2
152 2
153 2
154 2
155 1
156 3
157 1
158 2
159 2
160 0
161 1
162 1
163 1
164 3
165 3
166 1
167 0
168 2
169 1
170 0
171 1
172 0
173 1
174 2
175 1
176 1
177 1
178 2
179 2
180 2
181 1
182 0
183 2
184 2
185 2
186 1
187 2
188 1
189 3
190 3
191 4
192 2
193 0
194 1
195 2
196 1
197 0
198 3
199 0
200 1
201 4
202 1
203 4
204 1
205 2
206 0
207 1
208 1
209 0
210 1
211 1
212 3
213 2
214 3
215 4
216 3
217 2
218 4
219 1
220 2
221 1
222 3
223 0
224 3
225 3
226 1
227 2
228 2
229 0
230 2
231 1
232 0
233 1
234 1
235 1
236 1
237 2
238 3
239 2
240 3
241 3
242 1
243 2
244 1
245 1
246 2
247 1
248 2
249 1
250 1
251 4
252 1
253 1
254 0
255 0
256 4
257 1
258 3
259 2
260 2
261 3
262 1
263 1
264 2
265 1
266 3
267 1
268 2
269 1
270 2
271 0
272 1
273 4
274 4
275 4
276 3
277 2
278 4
279 2
280 3
281 3
282 3
283 0
284 1
285 0
286 0
287 2
288 1
289 4
290 3
291 1
292 1
293 1
294 0
295 1
296 2
297 3
298 1
299 1
300 0
301 2
302 2
303 0
304 1
305 2
306 2
307 1
308 1
309 2
310 3
311 2
312 2
313 1
314 3
315 2
316 0
317 5
318 0
319 2
320 0
321 1
322 0
323 2
324 1
325 2
326 3
327 0
328 0
329 1
330 0
331 0
332 2
333 2
334 1
335 2
336 2
337 1
338 0
339 1
340 0
341 0
342 0
343 1
344 4
345 1
346 1
347 1
348 2
349 1
350 0
351 0
352 0
353 1
354 1
355 1
356 0
357 1
358 1
359 1
360 0
361 3
362 1
363 2
364 1
365 1
366 3
367 2
368 0
369 0
370 0
371 0
372 1
373 1
374 0
375 2
376 0
377 0
378 0
379 0
380 3
381 0
382 1
383 4
384 1
385 0
386 1
387 2
388 2
389 2
390 0
391 2
392 1
393 1
394 1
395 1
396 4
397 2
398 2
399 2
400 2
401 0
402 0
403 1
404 2
405 3
406 3
407 2
408 2
409 0
410 2
411 1
412 1
413 3
414 1
415 1
416 1
417 1
418 1
419 1
420 1
421 2
422 1
423 2
424 0
425 2
426 2
427 1
428 2
429 1
430 1
431 1
432 0
433 2
434 3
435 3
436 1
437 1
438 2
439 3
440 0
441 1
442 1
443 1
444 1
445 0
446 0
447 1
448 1
449 1
450 0
451 1
452 1
453 3
454 3
455 2
456 0
457 1
458 0
459 1
460 2
461 3
462 0
463 0
464 2
465 0
466 0
467 1
468 3
469 3
470 0
471 4
472 0
473 2
474 0
475 2
476 1
477 1
478 2
479 2
480 3
481 0
482 1
483 0
484 2
485 0
486 1
487 2
488 1
489 1
490 1
491 0
492 2
493 0
494 0
495 2
496 3
497 1
498 0
499 0
500 0
501 1
502 0
503 2
504 0
505 0
506 3
507 1
508 0
509 3
510 4
511 1
512 3
513 2
514 2
515 1
516 3
517 2
518 0
519 1
520 2
521 1
522 2
523 1
524 1
525 1
526 0
527 0
528 0
529 1
530 1
531 0
532 0
533 1
534 0
535 0
536 1
537 0
538 0
539 1
540 0
541 1
542 1
543 1
544 0
545 1
546 2
547 2
548 1
549 3
550 0
551 1
552 2
553 0
554 0
555 1
556 2
557 0
558 0
559 1
560 1
561 2
562 1
563 0
564 0
565 1
566 0
567 0
568 0
569 0
570 1
571 0
572 0
573 2
574 0
575 1
576 1
577 1
578 0
579 2
580 0
581 1
582 1
583 2
584 2
585 3
586 0
587 1
588 0
589 1
590 0
591 1
592 2
593 0
594 2
595 1
596 0
597 2
598 3
599 3
600 3
601 2
602 0
603 1
604 1
605 1
606 1
607 0
608 0
609 0
610 1
611 1
612 2
613 2
614 1
615 2
616 0
617 3
618 1
619 0
620 0
621 0
622 2
623 0
624 0
625 1
626 2
627 3
628 3
629 2
630 3
631 1
632 1
633 1
634 2
635 2
636 0
637 1
638 1
639 0
640 0
641 0
642 2
643 1
644 2
645 1
646 1
647 1
648 2
649 0
650 0
651 2
652 0
653 1
654 3
655 0
656 2
657 2
658 1
659 0
660 0
661 0
662 1
663 0
664 0
665 1
666 0
667 1
668 0
669 1
670 0
671 0
672 0
673 2
674 0
675 0
676 0
677 0
678 1
679 2
680 0
681 1
682 0
683 0
684 1
685 1
686 1
687 4
688 1
689 1
690 0
691 0
692 1
693 3
694 0
695 3
696 2
697 0
698 0
699 2
700 2
701 1
702 1
703 1
704 0
705 1
706 1
707 0
708 0
709 3
710 0
711 1
712 3
713 0
714 1
715 1
716 1
717 0
718 3
719 1
720 1
721 1
722 1
723 2
724 1
725 1
726 2
727 2
728 1
729 1
730 2
731 2
732 1
733 5
734 0
735 5
736 0
737 2
738 4
739 1
740 2
741 0
742 0
743 2
744 0
745 1
746 0
747 1
748 2
749 2
750 2
751 3
752 0
753 2
754 2
755 1
756 0
757 0
758 0
759 0
760 2
761 1
762 2
763 0
764 3
765 3
766 0
767 1
768 3
769 1
770 2
771 0
772 0
773 1
774 2
775 1
776 1
777 0
778 2
779 2
780 1
781 1
782 1
783 1
784 0
785 1
786 1
787 2
788 1
789 0
790 0
791 1
792 0
793 2
794 1
795 0
796 2
797 0
798 2
799 3
800 3
801 0
802 3
803 2
804 1
805 2
806 1
807 1
808 2
809 2
810 0
811 2
812 2
813 2
814 1
815 1
816 1
817 0
818 2
819 2
820 1
821 0
822 1
823 2
824 0
825 0
826 0
827 0
828 1
829 2
830 1
831 2
832 0
833 1
834 1
835 2
836 0
837 3
838 1
839 3
840 3
841 1
842 2
843 4
844 1
845 1
846 1
847 1
848 1
849 4
850 2
851 3
852 0
853 2
854 0
855 0
856 1
857 1
858 3
859 1
860 4
861 3
862 2
863 3
864 2
865 0
866 0
867 0
868 1
869 1
870 2
871 0
872 2
873 0
874 3
875 4
876 2
877 0
878 1
879 0
880 1
881 2
882 3
883 2
884 2
885 0
886 1
887 2
888 3
889 1
890 1
891 2
892 2
893 0
894 0
895 2
896 4
897 1
898 1
899 0
900 3
901 0
902 2
903 2
904 1
905 1
906 1
907 1
908 1
909 1
910 0
911 2
912 1
913 1
914 2
915 2
916 1
917 2
918 2
919 0
920 2
921 1
922 0
923 2
924 1
925 2
926 1
927 1
928 2
929 2
930 0
931 1
932 1
933 1
934 4
935 1
936 2
937 2
938 2
939 1
940 1
941 0
942 2
943 1
944 0
945 1
946 2
947 0
948 1
949 2
950 2
951 1
952 0
953 1
954 1
955 0
956 3
957 1
958 0
959 2
960 1
961 3
962 3
963 0
964 2
965 3
966 2
967 2
968 2
969 1
970 0
971 1
972 2
973 0
974 1
975 3
976 3
977 5
978 2
979 5
980 4
981 3
982 2
983 4
984 2
985 1
986 2
987 2
988 3
989 2
990 3
991 0
992 1
993 2
994 1
995 1
996 3
997 0
998 0
999 0
1000 0
1001 3
1002 2
1003 1
1004 1
1005 2
1006 2
1007 3
1008 2
1009 3
1010 1
1011 2
1012 1
1013 2
1014 7
1015 3
1016 3
1017 2
1018 1
1019 0
1020 2
1021 2
1022 2
1023 0
1024 3
1025 3
1026 3
1027 1
1028 2
1029 1
1030 4
1031 2
1032 1
1033 2
1034 1
1035 0
1036 0
1037 6
1038 3
1039 3
1040 1
1041 3
1042 3
1043 3
1044 0
1045 2
1046 2
1047 3
1048 3
1049 3
1050 2
1051 1
1052 2
1053 1
1054 1
1055 1
1056 2
1057 0
1058 1
1059 3
1060 2
1061 1
1062 5
1063 4
1064 3
1065 0
1066 0
1067 2
1068 2
1069 1
1070 1
1071 1
1072 1
1073 3
1074 3
1075 3
1076 2
1077 1
1078 0
1079 2
1080 1
1081 2
1082 2
1083 2
1084 0
1085 2
1086 2
1087 1
1088 2
1089 1
1090 1
1091 2
1092 2
1093 4
1094 3
1095 2
1096 3
1097 3
1098 1
1099 0
1100 1
1101 2
1102 4
1103 3
1104 1
1105 1
1106 1
1107 2
1108 1
1109 1
1110 0
1111 1
1112 0
1113 0
1114 0
1115 0
1116 1
1117 1
1118 1
1119 0
1120 1
1121 1
1122 0
1123 1
1124 1
1125 0
1126 0
1127 1
1128 0
1129 1
1130 0
1131 0
1132 3
1133 1
1134 0
1135 0
1136 0
1137 1
1138 0
1139 0
1140 0
1141 1
1142 5
1143 1
1144 0
1145 0
1146 2
1147 2
1148 0
1149 1
1150 1
1151 0
1152 0
1153 0
1154 0
1155 1
1156 0
1157 0
1158 1
1159 0
1160 2
1161 1
1162 1
1163 0
1164 0
1165 1
1166 1
1167 0
1168 0
1169 0
1170 0
1171 0
1172 0
1173 1
1174 0
1175 1
1176 0
1177 0
1178 2
1179 2
1180 0
1181 1
1182 0
1183 1
1184 1
1185 0
1186 1
1187 1
1188 1
1189 1
1190 1
1191 1
1192 2
1193 1
1194 2
1195 1
1196 1
1197 0
1198 0
1199 1
1200 1
1201 0
1202 0
1203 1
1204 1
1205 1
1206 1
1207 2
1208 1
1209 0
1210 0
1211 0
1212 0
1213 2
1214 1
1215 0
1216 2
1217 0
1218 1
1219 0
1220 1
1221 0
1222 2
1223 1
1224 0
1225 1
1226 3
1227 2
1228 1
1229 2
1230 0
1231 0
1232 1
1233 1
1234 0
1235 1
1236 1
1237 1
1238 1
1239 2
1240 1
1241 2
1242 1
1243 2
1244 1
1245 0
1246 1
1247 1
1248 0
1249 0
1250 3
1251 1
1252 1
1253 0
1254 1
1255 2
1256 1
1257 2
1258 0
1259 1
1260 0
1261 1
1262 1
1263 0
1264 0
1265 0
1266 1
1267 2
1268 2
1269 2
1270 0
1271 1
1272 0
1273 0
1274 0
1275 0
1276 1
1277 3
1278 0
1279 0
1280 1
1281 2
1282 3
1283 0
1284 1
1285 3
1286 3
1287 1
1288 0
1289 0
1290 1
1291 1
1292 4
1293 3
1294 1
1295 1
1296 1
1297 0
1298 0
1299 3
1300 1
1301 1
1302 2
1303 2
1304 3
1305 0
1306 2
1307 1
1308 1
1309 0
1310 2
1311 2
1312 1
1313 1
1314 2
1315 2
1316 2
1317 0
1318 0
1319 4
1320 1
1321 1
1322 1
1323 3
1324 3
1325 1
1326 0
1327 2
1328 2
1329 1
1330 0
1331 1
1332 2
1333 2
1334 0
1335 1
1336 0
1337 0
1338 2
1339 0
1340 0
1341 2
1342 0
1343 1
1344 2
1345 3
1346 1
1347 0
1348 2
1349 0
1350 3
1351 1
1352 0
1353 0
1354 1
1355 2
1356 1
1357 1
1358 0
1359 1
1360 2
1361 0
1362 1
1363 1
1364 1
1365 1
1366 2
1367 3
1368 3
1369 0
1370 1
1371 3
1372 0
1373 1
1374 2
1375 2
1376 4
1377 2
1378 1
1379 1
1380 2
1381 0
1382 1
1383 1
1384 3
1385 1
1386 1
1387 3
1388 1
1389 1
1390 0
1391 3
1392 0
1393 1
1394 1
1395 0
1396 0
1397 1
1398 2
1399 2
1400 0
1401 4
1402 3
1403 3
1404 2
1405 2
1406 2
1407 1
1408 3
1409 2
1410 3
1411 1
1412 1
1413 3
1414 3
1415 2
1416 2
1417 1
1418 0
1419 1
1420 4
1421 4
1422 1
1423 1
1424 3
1425 2
1426 1
1427 2
1428 1
1429 1
1430 2
1431 2
1432 4
1433 0
1434 2
1435 0
1436 0
1437 0
1438 0
1439 2
1440 3
1441 4
1442 1
1443 1
1444 3
1445 2
1446 3
1447 2
1448 0
1449 0
1450 1
1451 1
1452 1
1453 1
1454 1
1455 2
1456 3
1457 2
1458 2
1459 1
1460 0
1461 1
1462 1
1463 2
1464 3
1465 1
1466 1
1467 2
1468 4
1469 2
1470 1
1471 4
1472 5
1473 3
1474 1
1475 3
1476 1
1477 2
1478 3
1479 2
1480 0
1481 0
1482 2
1483 3
1484 2
1485 2
1486 2
1487 1
1488 3
1489 1
1490 1
1491 0
1492 4
1493 1
1494 0
1495 0
1496 2
1497 1
1498 0
1499 2
1500 2
1501 2
1502 0
1503 2
1504 0
1505 3
1506 1
1507 0
1508 2
1509 2
1510 6
1511 2
1512 0
1513 3
1514 2
1515 1
1516 2
1517 0
1518 1
1519 1
1520 2
1521 0
1522 2
1523 2
1524 0
1525 0
1526 0
1527 2
1528 1
1529 2
1530 3
1531 2
1532 2
1533 1
1534 1
1535 3
1536 4
1537 2
1538 2
1539 1
1540 3
1541 2
1542 2
1543 1
1544 0
1545 4
1546 1
1547 2
1548 0
1549 0
1550 2
1551 0
1552 2
1553 2
1554 1
1555 2
1556 4
1557 2
1558 2
1559 0
1560 3
1561 3
1562 1
1563 0
1564 1
1565 1
1566 2
1567 2
1568 3
1569 1
1570 2
1571 2
1572 1
1573 2
1574 0
1575 1
1576 1
1577 1
1578 1
1579 1
1580 1
1581 3
1582 2
1583 2
1584 3
1585 1
1586 0
1587 2
1588 3
1589 1
1590 2
1591 2
1592 1
1593 0
1594 3
1595 3
1596 2
1597 1
1598 0
1599 0
1600 2
1601 1
1602 0
1603 0
1604 1
1605 0
1606 3
1607 0
1608 3
1609 2
1610 1
1611 1
1612 1
1613 1
1614 1
1615 3
1616 3
1617 1
1618 2
1619 0
1620 5
1621 0
1622 0
1623 2
1624 2
1625 2
1626 1
1627 2
1628 3
1629 2
1630 3
1631 2
1632 3
1633 2
1634 2
1635 0
1636 2
1637 2
1638 3
1639 2
1640 1
1641 4
1642 3
1643 4
1644 1
1645 2
1646 1
1647 1
1648 0
1649 3
1650 0
1651 2
1652 2
1653 1
1654 3
1655 0
1656 4
1657 3
1658 0
1659 3
1660 2
1661 1
1662 2
1663 2
1664 3
1665 2
1666 0
1667 1
1668 1
1669 1
1670 2
1671 1
1672 3
1673 2
1674 1
1675 2
1676 0
1677 2
1678 1
1679 1
1680 3
1681 0
1682 2
1683 3
1684 1
1685 4
1686 0
1687 3
1688 2
1689 1
1690 0
1691 1
1692 0
1693 3
1694 1
1695 3
1696 1
1697 0
1698 1
1699 2
1700 2
1701 4
1702 1
1703 0
1704 2
1705 3
1706 3
1707 1
1708 2
1709 1
1710 2
1711 1
1712 1
1713 6
1714 5
1715 1
1716 2
1717 1
1718 3
1719 4
1720 3
1721 2
1722 3
1723 4
1724 5
1725 1
1726 1
1727 1
1728 4
1729 4
1730 4
1731 3
1732 2
1733 2
1734 1
1735 2
1736 6
1737 1
1738 0
1739 5
1740 1
1741 3
1742 0
1743 0
1744 2
1745 3
1746 2
1747 2
1748 1
1749 1
1750 2
1751 1
1752 1
1753 4
1754 1
1755 3
1756 0
1757 0
1758 3
1759 3
1760 3
1761 3
1762 4
1763 3
1764 5
1765 2
1766 1
1767 2
1768 4
1769 2
1770 2
1771 6
1772 3
1773 3
1774 1
1775 0
1776 2
1777 2
1778 2
1779 1
1780 3
1781 5
1782 4
1783 1
1784 2
1785 2
1786 2
1787 1
1788 6
1789 5
1790 2
1791 3
1792 2
1793 2
1794 2
1795 2
1796 6
1797 3
1798 7
1799 4
1800 3
1801 8
1802 2
1803 6
1804 4
1805 3
1806 2
1807 1
1808 2
1809 2
1810 2
1811 2
1812 3
1813 3
1814 5
1815 5
1816 1
1817 2
1818 5
1819 1
1820 2
1821 3
1822 0
1823 5
1824 3
1825 0
1826 1
1827 0
1828 4
1829 3
1830 3
1831 3
1832 4
1833 1
1834 3
1835 4
1836 1
1837 2
1838 0
1839 3
1840 2
1841 1
1842 0
1843 1
1844 3
1845 3
1846 3
1847 2
1848 5
1849 4
1850 1
1851 0
1852 1
1853 2
1854 3
1855 1
1856 1
1857 5
1858 3
1859 2
1860 2
1861 2
1862 2
1863 4
1864 2
1865 1
1866 1
1867 2
1868 2
1869 4
1870 3
1871 2
1872 3
1873 3
1874 1
1875 1
1876 0
1877 0
1878 3
1879 1
1880 0
1881 2
1882 1
1883 1
1884 1
1885 2
1886 3
1887 2
1888 3
1889 0
1890 0
1891 0
1892 2
1893 3
1894 0
1895 2
1896 1
1897 0
1898 2
1899 3
1900 0
1901 0
1902 1
1903 2
1904 2
1905 1
1906 0
1907 1
1908 1
1909 0
1910 2
1911 1
1912 1
1913 1
1914 2
1915 1
1916 2
1917 3
1918 0
1919 0
1920 0
1921 0
1922 1
1923 1
1924 2
1925 1
1926 3
1927 2
1928 0
1929 0
1930 0
1931 0
1932 1
1933 0
1934 0
1935 2
1936 1
1937 1
1938 1
1939 0
1940 1
1941 0
1942 0
1943 2
1944 2
1945 3
1946 1
1947 2
1948 3
1949 3
1950 4
1951 2
1952 2
1953 1
1954 2
1955 2
1956 3
1957 0
1958 2
1959 0
1960 0
1961 0
1962 0
1963 1
1964 1
1965 1
1966 1
1967 3
1968 1
1969 1
1970 4
1971 1
1972 1
1973 1
1974 2
1975 3
1976 1
1977 2
1978 2
1979 1
1980 3
1981 2
1982 2
1983 3
1984 1
1985 2
1986 3
1987 3
1988 3
1989 2
1990 3
1991 0
1992 1
1993 3
1994 0
1995 1
1996 2
1997 0
1998 2
1999 0
2000 0
2001 2
2002 1
2003 3
2004 2
2005 2
2006 0
2007 2
2008 1
2009 2
2010 1
2011 3
2012 0
2013 1
2014 0
2015 1
2016 1
2017 3
2018 1
2019 0
2020 3
2021 0
2022 3
2023 1
2024 1
2025 0
2026 2
2027 0
2028 0
2029 3
2030 2
2031 2
2032 1
2033 2
2034 1
2035 1
2036 1
2037 1
2038 1
2039 1
2040 3
2041 1
2042 2
2043 2
2044 1
2045 2
2046 1
2047 2
2048 3
2049 1
2050 3
2051 2
2052 1
2053 1
2054 1
2055 2
2056 2
2057 0
2058 2
2059 0
2060 3
2061 1
2062 0
2063 0
2064 2
2065 3
2066 1
2067 2
2068 2
2069 2
2070 1
2071 3
2072 2
2073 0
2074 0
2075 0
2076 2
2077 1
2078 1
2079 2
2080 1
2081 1
2082 1
2083 1
2084 3
2085 1
2086 2
2087 1
2088 0
2089 1
2090 2
2091 1
2092 1
2093 0
2094 1
2095 2
2096 0
2097 1
2098 0
2099 0
2100 2
2101 1
2102 1
2103 1
2104 0
2105 1
2106 2
2107 0
2108 2
2109 0
2110 0
2111 2
2112 2
2113 1
2114 2
2115 0
2116 3
2117 2
2118 4
2119 2
2120 1
2121 1
2122 1
2123 1
2124 1
2125 2
2126 1
2127 1
2128 2
2129 2
2130 1
2131 1
2132 0
2133 1
2134 3
2135 0
2136 0
2137 1
2138 1
2139 1
2140 1
2141 1
2142 1
2143 0
2144 2
2145 4
2146 0
2147 1
2148 1
2149 1
2150 2
2151 2
2152 2
2153 0
2154 0
2155 1
2156 0
2157 0
2158 1
2159 1
2160 1
2161 2
2162 1
2163 1
2164 1
2165 2
2166 1
2167 1
2168 2
2169 3
2170 1
2171 0
2172 0
2173 0
2174 1
2175 1
2176 1
2177 1
2178 1
2179 3
2180 1
2181 2
2182 0
2183 1
2184 2
2185 2
2186 0
2187 3
2188 1
2189 0
2190 2
2191 0
2192 1
2193 2
2194 0
2195 0
2196 4
2197 1
2198 1
2199 0
2200 2
2201 0
2202 2
2203 2
2204 0
2205 1
2206 1
2207 1
2208 0
2209 1
2210 2
2211 1
2212 1
2213 2
2214 1
2215 2
2216 2
2217 0
2218 2
2219 2
2220 4
2221 1
2222 2
2223 2
2224 2
2225 6
2226 4
2227 2
2228 1
2229 1
2230 2
2231 2
2232 2
2233 6
2234 5
2235 1
2236 1
2237 1
2238 3
2239 5
2240 5
2241 3
2242 1
2243 3
2244 0
2245 1
2246 2
2247 2
2248 1
2249 2
2250 0
2251 1
2252 2
2253 1
2254 3
2255 3
2256 3
2257 3
2258 3
2259 1
2260 1
2261 0
2262 4
2263 1
2264 1
2265 1
2266 0
2267 1
2268 1
2269 2
2270 1
2271 1
2272 1
2273 2
2274 1
2275 0
2276 1
2277 2
2278 2
2279 1
2280 2
2281 0
2282 3
2283 2
2284 1
2285 0
2286 1
2287 3
2288 1
2289 2
2290 2
2291 0
2292 2
2293 4
2294 1
2295 0
2296 2
2297 1
2298 1
2299 3
2300 0
2301 2
2302 4
2303 0
2304 2
2305 2
2306 1
2307 3
2308 3
2309 1
2310 1
2311 3
2312 2
2313 3
2314 0
2315 2
2316 4
2317 1
2318 3
2319 3
2320 1
2321 1
2322 2
2323 1
2324 1
2325 1
2326 0
2327 2
2328 1
2329 1
2330 0
2331 2
2332 1
2333 0
2334 0
2335 2
2336 1
2337 1
2338 0
2339 1
2340 0
2341 1
2342 1
2343 3
2344 0
2345 2
2346 1
2347 0
2348 0
2349 1
2350 1
2351 1
2352 0
2353 1
2354 1
2355 1
2356 0
2357 0
2358 0
2359 1
2360 1
2361 0
2362 0
2363 1
2364 1
2365 1
2366 1
2367 0
2368 0
2369 0
2370 1
2371 1
2372 1
2373 0
2374 0
2375 0
2376 0
2377 2
2378 0
2379 0
2380 0
2381 0
2382 0
2383 1
2384 1
2385 1
2386 1
2387 0
2388 0
2389 1
2390 1
2391 0
2392 0
2393 0
2394 0
2395 1
2396 1
2397 1
2398 1
2399 2
2400 1
2401 2
2402 1
2403 0
2404 1
2405 1
2406 0
2407 1
2408 2
2409 0
2410 2
2411 0
2412 0
2413 1
2414 1
2415 0
2416 0
2417 2
2418 0
2419 1
2420 0
2421 0
2422 0
2423 0
2424 0
2425 2
2426 0
2427 2
2428 0
2429 1
2430 1
2431 1
2432 1
2433 0
2434 1
2435 2
2436 0
2437 1
2438 0
2439 1
2440 0
2441 1
2442 0
2443 1
2444 0
2445 0
2446 1
2447 0
2448 0
2449 0
2450 2
2451 0
2452 0
2453 0
2454 1
2455 2
2456 1
2457 0
2458 1
2459 1
2460 1
2461 1
2462 1
2463 0
2464 0
2465 1
2466 0
2467 0
2468 2
2469 1
2470 1
2471 1
2472 0
2473 0
2474 1
2475 1
2476 0
2477 1
2478 1
2479 2
2480 1
2481 2
2482 1
2483 0
2484 0
2485 1
2486 0
2487 2
2488 2
2489 1
2490 1
2491 2
2492 1
2493 1
2494 1
2495 0
2496 0
2497 0
2498 0
2499 0
2500 0
2501 1
2502 0
2503 0
2504 1
2505 0
2506 0
2507 0
2508 0
2509 0
2510 0
2511 1
2512 0
2513 0
2514 0
2515 2
2516 1
2517 1
2518 0
2519 0
2520 1
2521 1
2522 0
2523 3
2524 1
2525 1
2526 1
2527 0
2528 1
2529 1
2530 1
2531 0
2532 1
2533 0
2534 0
2535 1
2536 1
2537 1
2538 0
2539 1
2540 2
2541 1
2542 0
2543 1
2544 1
2545 1
2546 1
2547 1
2548 0
2549 1
2550 3
2551 1
2552 1
2553 1
2554 1
2555 1
2556 0
2557 0
2558 0
2559 2
2560 1
2561 1
2562 2
2563 0
2564 1
2565 1
2566 0
2567 1
2568 0
2569 1
2570 1
2571 0
2572 0
2573 1
2574 0
2575 0
2576 3
2577 2
2578 1
2579 1
2580 1
2581 0
2582 0
2583 1
2584 1
2585 1
2586 0
2587 1
2588 0
2589 0
2590 1
2591 1
2592 0
2593 1
2594 0
2595 0
2596 1
2597 2
2598 2
2599 0
2600 0
2601 1
2602 1
2603 1
2604 1
2605 2
2606 0
2607 1
2608 0
2609 0
2610 2
2611 0
2612 2
2613 1
2614 0
2615 0
2616 0
2617 1
2618 1
2619 0
2620 1
2621 0
2622 1
2623 0
2624 1
2625 1
2626 1
2627 0
2628 1
2629 0
2630 0
2631 0
2632 0
2633 1
2634 0
2635 0
2636 1
2637 0
2638 1
2639 2
2640 1
2641 1
2642 1
2643 1
2644 2
2645 2
2646 0
2647 3
2648 0
2649 1
2650 1
2651 0
2652 1
2653 1
2654 1
2655 1
2656 0
2657 1
2658 1
2659 1
2660 0
2661 1
2662 1
2663 0
2664 0
2665 0
2666 1
2667 2
2668 0
2669 1
2670 1
2671 2
2672 2
2673 1
2674 1
2675 1
2676 1
2677 0
2678 2
2679 2
2680 1
2681 3
2682 2
2683 0
2684 1
2685 0
2686 2
2687 4
2688 3
2689 2
2690 3
2691 2
2692 1
2693 0
2694 2
2695 3
2696 3
2697 3
2698 6
2699 3
2700 2
2701 3
2702 1
2703 1
2704 0
2705 0
2706 2
2707 1
2708 1
2709 4
2710 0
2711 3
2712 2
2713 3
2714 1
2715 2
2716 1
2717 0
2718 1
2719 5
2720 3
2721 0
2722 2
2723 1
2724 2
2725 1
2726 0
2727 1
2728 2
2729 0
2730 0
2731 0
2732 0
2733 1
2734 0
2735 1
2736 2
2737 0
2738 2
2739 0
2740 2
2741 1
2742 0
2743 1
2744 0
2745 2
2746 2
2747 1
2748 1
2749 0
2750 2
2751 1
2752 1
2753 0
2754 3
2755 1
2756 0
2757 0
2758 1
2759 0
2760 2
2761 1
2762 1
2763 1
2764 0
2765 2
2766 1
2767 1
2768 0
2769 2
2770 1
2771 1
2772 3
2773 1
2774 3
2775 0
2776 0
2777 2
2778 3
2779 2
2780 1
2781 1
2782 0
2783 0
2784 1
2785 2
2786 1
2787 0
2788 2
2789 2
2790 1
2791 0
2792 0
2793 1
2794 2
2795 0
2796 1
2797 1
2798 0
2799 0
2800 0
2801 0
2802 4
2803 2
2804 1
2805 0
2806 2
2807 2
2808 1
2809 1
2810 1
2811 1
2812 0
2813 0
2814 0
2815 1
2816 1
2817 2
2818 3
2819 1
2820 2
2821 1
2822 0
2823 0
2824 1
2825 1
2826 0
2827 1
2828 1
2829 1
2830 2
2831 0
2832 0
2833 1
2834 1
2835 0
2836 0
2837 0
2838 1
2839 0
2840 0
2841 1
2842 0
2843 2
2844 2
2845 0
2846 1
2847 2
2848 0
2849 1
2850 1
2851 1
2852 0
2853 1
2854 2
2855 0
2856 3
2857 1
2858 1
2859 1
2860 0
2861 0
2862 1
2863 0
2864 0
2865 1
2866 1
2867 2
2868 1
2869 0
2870 0
2871 1
2872 2
2873 2
2874 1
2875 1
2876 1
2877 3
2878 3
2879 1
2880 0
2881 4
2882 1
2883 1
2884 1
2885 1
2886 1
2887 1
2888 0
2889 0
2890 0
2891 3
2892 1
2893 2
2894 0
2895 1
2896 0
2897 0
2898 0
2899 0
2900 0
2901 1
2902 1
2903 1
2904 1
2905 1
2906 1
2907 2
2908 0
2909 0
2910 1
2911 1
2912 1
2913 0
2914 1
2915 1
2916 0
2917 1
2918 1
2919 1
2920 2
2921 0
2922 0
2923 2
2924 1
2925 0
2926 0
2927 0
2928 0
2929 0
2930 1
2931 0
2932 0
2933 1
2934 1
2935 1
2936 0
2937 1
2938 0
2939 1
2940 0
2941 1
2942 1
2943 0
2944 1
2945 1
2946 1
2947 1
2948 2
2949 0
2950 1
2951 0
2952 1
2953 0
2954 2
2955 0
2956 1
2957 0
2958 2
2959 1
2960 2
2961 1
2962 3
2963 0
2964 1
2965 0
2966 2
2967 2
2968 1
2969 2
2970 1
2971 2
2972 1
2973 1
2974 1
2975 0
2976 2
2977 1
2978 1
2979 1
2980 1
2981 1
2982 0
2983 1
2984 0
2985 1
2986 1
2987 0
2988 2
2989 2
2990 2
2991 2
2992 1
2993 2
2994 3
2995 2
2996 3
2997 3
2998 0
2999 2
3000 3
3001 4
3002 3
3003 2
3004 1
3005 0
3006 1
3007 2
3008 1
3009 2
3010 3
3011 1
3012 4
3013 2
3014 3
3015 1
3016 2
3017 1
3018 1
3019 0
3020 1
3021 2
3022 1
3023 1
3024 1
3025 2
3026 0
3027 0
3028 2
3029 4
3030 2
3031 1
3032 2
3033 2
3034 0
3035 2
3036 1
3037 1
3038 0
3039 1
3040 0
3041 2
3042 1
3043 2
3044 0
3045 0
3046 2
3047 2
3048 1
3049 3
3050 2
3051 0
3052 1
3053 2
3054 0
3055 3
3056 1
3057 3
3058 4
3059 1
3060 2
3061 1
3062 1
3063 1
3064 0
3065 2
3066 1
3067 3
3068 0
3069 1
3070 1
3071 1
3072 3
3073 1
3074 1
3075 3
3076 1
3077 0
3078 2
3079 2
3080 0
3081 1
3082 1
3083 2
3084 3
3085 1
3086 2
3087 2
3088 3
3089 1
3090 1
3091 0
3092 1
3093 1
3094 1
3095 0
3096 1
3097 1
3098 1
3099 1
3100 1
3101 4
3102 3
3103 1
3104 2
3105 2
3106 2
3107 1
3108 0
3109 2
3110 0
3111 2
3112 1
3113 0
3114 0
3115 2
3116 0
3117 1
3118 1
3119 2
3120 0
3121 1
3122 2
3123 0
3124 2
3125 2
3126 0
3127 1
3128 1
3129 1
3130 0
3131 1
3132 1
3133 1
3134 1
3135 2
3136 0
3137 0
3138 2
3139 3
3140 2
3141 2
3142 1
3143 0
3144 0
3145 3
3146 1
3147 1
3148 1
3149 1
3150 1
3151 2
3152 3
3153 1
3154 1
3155 0
3156 1
3157 2
3158 2
3159 1
3160 2
3161 2
3162 0
3163 1
3164 0
3165 2
3166 0
3167 0
3168 1
3169 1
3170 0
3171 2
3172 2
3173 0
3174 1
3175 2
3176 0
3177 1
3178 0
3179 0
3180 0
3181 1
3182 0
3183 1
3184 2
3185 0
3186 1
3187 0
3188 1
3189 0
3190 0
3191 0
3192 1
3193 0
3194 2
3195 1
3196 1
3197 0
3198 0
3199 2
3200 0
3201 0
3202 0
3203 1
3204 1
3205 2
3206 1
3207 1
3208 2
3209 2
3210 3
3211 2
3212 1
3213 0
3214 1
3215 1
3216 0
3217 0
3218 2
3219 1
3220 0
3221 0
3222 1
3223 2
3224 1
3225 1
3226 0
3227 1
3228 1
3229 0
3230 0
3231 3
3232 1
3233 2
3234 1
3235 2
3236 1
3237 1
3238 1
3239 1
3240 2
3241 1
3242 0
3243 2
3244 0
3245 1
3246 2
3247 0
3248 1
3249 1
3250 1
3251 0
3252 3
3253 1
3254 2
3255 1
3256 1
3257 1
3258 0
3259 1
3260 2
3261 0
3262 0
3263 0
3264 1
3265 2
3266 3
3267 1
3268 0
3269 1
3270 1
3271 1
3272 1
3273 1
3274 2
3275 0
3276 2
3277 1
3278 1
3279 2
3280 2
3281 1
3282 2
3283 2
3284 2
3285 1
3286 1
3287 1
3288 1
3289 1
3290 1
3291 1
3292 0
3293 0
3294 1
3295 1
3296 1
3297 0
3298 0
3299 1
3300 2
3301 1
3302 1
3303 0
3304 2
3305 4
3306 0
3307 3
3308 1
3309 4
3310 1
3311 0
3312 1
3313 1
3314 2
3315 2
3316 1
3317 1
3318 0
3319 1
3320 0
3321 1
3322 2
3323 2
3324 2
3325 0
3326 1
3327 1
3328 2
3329 0
3330 1
3331 0
3332 1
3333 1
3334 1
3335 0
3336 0
3337 2
3338 0
3339 0
3340 1
3341 0
3342 1
3343 1
3344 1
3345 1
3346 0
3347 1
3348 0
3349 1
3350 1
3351 1
3352 1
3353 0
3354 1
3355 3
3356 1
3357 0
3358 1
3359 1
3360 0
3361 1
3362 1
3363 1
3364 1
3365 0
3366 0
3367 2
3368 1
3369 0
3370 1
3371 1
3372 2
3373 0
3374 0
3375 1
3376 2
3377 0
3378 0
3379 1
3380 0
3381 0
3382 1
3383 2
3384 0
3385 1
3386 1
3387 1
3388 1
3389 1
3390 1
3391 1
3392 0
3393 3
3394 0
3395 0
3396 1
3397 0
3398 0
3399 0
3400 0
3401 0
3402 1
3403 3
3404 1
3405 3
3406 0
3407 0
3408 4
3409 0
3410 0
3411 0
3412 0
3413 2
3414 1
3415 1
3416 2
3417 0
3418 1
3419 0
3420 2
3421 0
3422 4
3423 1
3424 0
3425 0
3426 1
3427 3
3428 2
3429 0
3430 0
3431 0
3432 1
3433 0
3434 1
3435 0
3436 0
3437 2
3438 0
3439 2
3440 2
3441 1
3442 2
3443 3
3444 0
3445 0
3446 0
3447 2
3448 1
3449 1
3450 0
3451 0
3452 1
3453 0
3454 0
3455 1
3456 1
3457 0
3458 0
3459 1
3460 0
3461 0
3462 0
3463 1
3464 0
3465 1
3466 1
3467 0
3468 2
3469 1
3470 1
3471 2
3472 0
3473 1
3474 0
3475 0
3476 1
3477 1
3478 1
3479 0
3480 0
3481 0
3482 0
3483 0
3484 0
3485 0
3486 0
3487 0
3488 0
3489 0
3490 0
3491 0
3492 0
3493 0
3494 1
3495 0
3496 0
3497 0
3498 0
3499 0
3500 0
3501 0
3502 1
3503 1
3504 1
3505 1
3506 1
3507 0
3508 1
3509 0
3510 3
3511 0
3512 0
3513 1
3514 1
3515 1
3516 1
3517 0
3518 2
3519 0
3520 1
3521 0
3522 1
3523 2
3524 3
3525 0
3526 2
3527 0
3528 0
3529 1
3530 1
3531 0
3532 1
3533 1
3534 1
3535 0
3536 1
3537 1
3538 0
3539 3
3540 1
3541 2
3542 1
3543 0
3544 0
3545 0
3546 1
3547 0
3548 1
3549 0
3550 0
3551 0
3552 1
3553 0
3554 1
3555 0
3556 1
3557 0
3558 0
3559 1
3560 0
3561 0
3562 0
3563 1
3564 1
3565 0
3566 0
3567 3
3568 1
3569 1
3570 0
3571 2
3572 0
3573 1
3574 0
3575 0
3576 2
3577 1
3578 1
3579 1
3580 1
3581 1
3582 1
3583 2
3584 1
3585 0
3586 1
3587 1
3588 1
3589 0
3590 1
3591 2
3592 0
3593 1
3594 1
3595 1
3596 1
3597 2
3598 1
3599 0
3600 0
3601 1
3602 3
3603 0
3604 1
3605 0
3606 0
3607 1
3608 0
3609 1
3610 1
3611 1
3612 0
3613 2
3614 2
3615 0
3616 1
3617 0
3618 1
3619 3
3620 1
3621 1
3622 1
3623 3
3624 0
3625 0
3626 0
3627 0
3628 1
3629 1
3630 0
3631 2
3632 2
3633 1
3634 1
3635 0
3636 1
3637 2
3638 0
3639 0
3640 2
3641 1
3642 3
3643 1
3644 1
3645 2
3646 1
3647 2
3648 1
3649 1
3650 0
3651 2
3652 1
3653 1
3654 2
3655 0
3656 1
3657 0
3658 3
3659 1
3660 0
3661 0
3662 3
3663 0
3664 2
3665 3
3666 2
3667 3
3668 3
3669 4
3670 1
3671 6
3672 2
3673 4
3674 0
3675 2
3676 0
3677 2
3678 1
3679 1
3680 1
3681 4
3682 2
3683 2
3684 3
3685 1
3686 0
3687 3
3688 1
3689 3
3690 4
3691 2
3692 3
3693 1
3694 2
3695 4
3696 3
3697 2
3698 0
3699 3
3700 3
3701 1
3702 1
3703 2
3704 2
3705 1
3706 4
3707 1
3708 1
3709 1
3710 0
3711 3
3712 2
3713 6
3714 8
3715 1
3716 2
3717 5
3718 1
3719 6
3720 1
3721 3
3722 0
3723 1
3724 3
3725 3
3726 5
3727 3
3728 3
3729 2
3730 1
3731 2
3732 2
3733 3
3734 2
3735 2
3736 3
3737 1
3738 2
3739 2
3740 0
3741 1
3742 1
3743 1
3744 3
3745 1
3746 1
3747 1
3748 1
3749 2
3750 2
3751 3
3752 1
3753 4
3754 0
3755 1
3756 2
3757 2
3758 3
3759 3
3760 0
3761 0
3762 3
3763 1
3764 4
3765 3
3766 2
3767 2
3768 1
3769 3
3770 1
3771 3
3772 3
3773 2
3774 4
3775 5
3776 3
3777 2
3778 3
3779 0
3780 0
3781 6
3782 3
3783 2
3784 1
3785 2
3786 4
3787 4
3788 3
3789 6
3790 3
3791 2
3792 2
3793 1
3794 3
3795 5
3796 1
3797 2
3798 2
3799 2
3800 2
3801 2
3802 2
3803 7
3804 4
3805 2
3806 2
3807 4
3808 3
3809 2
3810 3
3811 0
3812 3
3813 4
3814 2
3815 5
3816 2
3817 0
3818 1
3819 4
3820 1
3821 6
3822 3
3823 3
3824 5
3825 7
3826 3
3827 6
3828 3
3829 2
3830 2
3831 1
3832 3
3833 2
3834 1
3835 1
3836 2
3837 2
3838 1
3839 3
3840 3
3841 2
3842 0
3843 4
3844 5
3845 4
3846 1
3847 0
3848 0
3849 1
3850 1
3851 4
3852 2
3853 3
3854 3
3855 2
3856 1
3857 1
3858 0
3859 3
3860 3
3861 4
3862 1
3863 1
3864 5
3865 2
3866 2
3867 1
3868 3
3869 3
3870 3
3871 5
3872 5
3873 3
3874 2
3875 3
3876 2
3877 3
3878 3
3879 2
3880 5
3881 2
3882 3
3883 3
3884 3
3885 4
3886 3
3887 5
3888 1
3889 4
3890 2
3891 3
3892 3
3893 2
3894 2
3895 1
3896 4
3897 4
3898 0
3899 2
3900 0
3901 1
3902 2
3903 2
3904 2
3905 4
3906 3
3907 4
3908 3
3909 3
3910 2
3911 3
3912 1
3913 1
3914 3
3915 3
3916 4
3917 3
3918 3
3919 6
3920 3
3921 6
3922 1
3923 2
3924 4
3925 2
3926 0
3927 2
3928 1
3929 3
3930 2
3931 2
3932 2
3933 3
3934 4
3935 3
3936 3
3937 5
3938 3
3939 6
3940 4
3941 4
3942 1
3943 2
3944 6
3945 3
3946 7
3947 2
3948 3
3949 1
3950 4
3951 3
3952 5
3953 0
3954 3
3955 2
3956 3
3957 1
3958 4
3959 3
3960 5
3961 3
3962 2
3963 2
3964 3
3965 4
3966 2
3967 5
3968 2
3969 1
3970 0
3971 4
3972 4
3973 2
3974 0
3975 1
3976 3
3977 2
3978 5
3979 1
3980 1
3981 3
3982 3
3983 1
3984 3
3985 2
3986 2
3987 4
3988 1
3989 3
3990 1
3991 1
3992 0
3993 1
3994 2
3995 4
3996 1
3997 2
3998 2
3999 4
4000 2
4001 3
4002 2
4003 3
4004 2
4005 1
4006 1
4007 0
4008 1
4009 0
4010 3
4011 3
4012 1
4013 3
4014 3
4015 2
4016 2
4017 2
4018 1
4019 2
4020 0
4021 2
4022 4
4023 4
4024 2
4025 2
4026 1
4027 2
4028 1
4029 2
4030 2
4031 2
4032 4
4033 2
4034 2
4035 3
4036 3
4037 5
4038 1
4039 1
4040 3
4041 2
4042 3
4043 1
4044 2
4045 1
4046 2
4047 1
4048 2
4049 3
4050 2
4051 2
4052 0
4053 0
4054 1
4055 3
4056 1
4057 2
4058 1
4059 2
4060 5
4061 2
4062 2
4063 4
4064 3
4065 2
4066 2
4067 3
4068 3
4069 3
4070 3
4071 3
4072 2
4073 4
4074 1
4075 2
4076 0
4077 1
4078 1
4079 5
4080 3
4081 1
4082 1
4083 4
4084 0
4085 0
4086 1
4087 3
4088 2
4089 4
4090 1
4091 2
4092 1
4093 1
4094 1
4095 3
4096 1
4097 1
4098 1
4099 1
4100 0
4101 0
4102 3
4103 1
4104 2
4105 4
4106 2
4107 2
4108 0
4109 2
4110 3
4111 1
4112 1
4113 1
4114 0
4115 1
4116 1
4117 3
4118 3
4119 2
4120 1
4121 0
4122 1
4123 1
4124 2
4125 3
4126 2
4127 2
4128 3
4129 2
4130 2
4131 1
4132 1
4133 0
4134 0
4135 4
4136 2
4137 3
4138 2
4139 1
4140 2
4141 3
4142 1
4143 2
4144 3
4145 2
4146 1
4147 2
4148 1
4149 1
4150 3
4151 0
4152 2
4153 1
4154 4
4155 1
4156 2
4157 2
4158 3
4159 2
4160 5
4161 3
4162 2
4163 2
4164 1
4165 0
4166 2
4167 0
4168 3
4169 4
4170 2
4171 2
4172 3
4173 3
4174 1
4175 0
4176 2
4177 4
4178 2
4179 3
4180 6
4181 1
4182 3
4183 1
4184 0
4185 2
4186 3
4187 2
4188 1
4189 3
4190 1
4191 3
4192 1
4193 1
4194 2
4195 1
4196 3
4197 3
4198 1
4199 1
4200 3
4201 1
4202 2
4203 1
4204 2
4205 2
4206 2
4207 3
4208 5
4209 2
4210 1
4211 1
4212 2
4213 2
4214 2
4215 2
4216 2
4217 2
4218 1
4219 1
4220 1
4221 1
4222 1
4223 2
4224 1
4225 2
4226 1
4227 0
4228 3
4229 4
4230 1
4231 1
4232 3
4233 0
4234 1
4235 1
4236 1
4237 2
4238 2
4239 1
4240 1
4241 3
4242 3
4243 1
4244 0
4245 3
4246 1
4247 5
4248 0
4249 2
4250 2
4251 1
4252 2
4253 1
4254 2
4255 2
4256 4
4257 1
4258 2
4259 2
4260 2
4261 3
4262 3
4263 1
4264 2
4265 1
4266 2
4267 1
4268 1
4269 1
4270 1
4271 1
4272 0
4273 0
4274 2
4275 2
4276 2
4277 5
4278 1
4279 2
4280 2
4281 1
4282 0
4283 2
4284 1
4285 1
4286 3
4287 4
4288 1
4289 1
4290 1
4291 1
4292 0
4293 3
4294 2
4295 1
4296 4
4297 4
4298 0
4299 0
4300 1
4301 1
4302 3
4303 0
4304 0
4305 1
4306 2
4307 1
4308 3
4309 2
4310 2
4311 1
4312 2
4313 1
4314 1
4315 1
4316 1
4317 0
4318 1
4319 1
4320 0
4321 0
4322 0
4323 2
4324 2
4325 1
4326 0
4327 0
4328 1
4329 2
4330 1
4331 1
4332 2
4333 1
4334 2
4335 1
4336 3
4337 2
4338 0
4339 2
4340 1
4341 1
4342 0
4343 2
4344 1
4345 1
4346 2
4347 0
4348 1
4349 1
4350 1
4351 4
4352 2
4353 1
4354 4
4355 1
4356 1
4357 4
4358 1
4359 0
4360 1
4361 2
4362 2
4363 0
4364 2
4365 1
4366 1
4367 3
4368 1
4369 3
4370 2
4371 1
4372 1
4373 0
4374 1
4375 1
4376 1
4377 1
4378 2
4379 0
4380 2
4381 2
4382 1
4383 5
4384 0
4385 2
4386 1
4387 1
4388 1
4389 2
4390 2
4391 0
4392 3
4393 1
4394 1
4395 3
4396 0
4397 1
4398 2
4399 5
4400 3
4401 2
4402 1
4403 0
4404 0
4405 4
4406 2
4407 2
4408 1
4409 1
4410 3
4411 2
4412 2
4413 2
4414 1
4415 1
4416 3
4417 1
4418 1
4419 2
4420 0
4421 2
4422 2
4423 0
4424 1
4425 0
4426 2
4427 1
4428 1
4429 0
4430 2
4431 3
4432 3
4433 3
4434 2
4435 1
4436 2
4437 0
4438 1
4439 0
4440 3
4441 1
4442 3
4443 1
4444 2
4445 3
4446 4
4447 1
4448 1
4449 1
4450 3
4451 0
4452 6
4453 1
4454 3
4455 2
4456 3
4457 0
4458 0
4459 1
4460 1
4461 1
4462 1
4463 2
4464 1
4465 1
4466 2
4467 2
4468 2
4469 0
4470 2
4471 1
4472 2
4473 0
4474 2
4475 2
4476 0
4477 1
4478 2
4479 1
4480 2
4481 1
4482 0
4483 5
4484 1
4485 1
4486 2
4487 1
4488 1
4489 1
4490 0
4491 1
4492 2
4493 0
4494 1
4495 2
4496 1
4497 3
4498 3
4499 2
4500 2
4501 2
4502 0
4503 1
4504 5
4505 3
4506 1
4507 1
4508 3
4509 2
4510 1
4511 0
4512 2
4513 2
4514 0
4515 3
4516 4
4517 1
4518 2
4519 2
4520 0
4521 0
4522 1
4523 0
4524 1
4525 0
4526 1
4527 1
4528 2
4529 0
4530 4
4531 2
4532 1
4533 1
4534 2
4535 2
4536 3
4537 2
4538 0
4539 3
4540 3
4541 0
4542 0
4543 4
4544 0
4545 1
4546 2
4547 6
4548 2
4549 3
4550 2
4551 3
4552 3
4553 2
4554 4
4555 0
4556 1
4557 5
4558 3
4559 3
4560 3
4561 1
4562 2
4563 2
4564 5
4565 6
4566 1
4567 2
4568 2
4569 0
4570 3
4571 2
4572 1
4573 3
4574 2
4575 1
4576 0
4577 3
4578 1
4579 2
4580 2
4581 4
4582 2
4583 2
4584 5
4585 4
4586 1
4587 3
4588 1
4589 1
4590 2
4591 2
4592 2
4593 5
4594 0
4595 2
4596 2
4597 2
4598 2
4599 2
4600 3
4601 3
4602 1
4603 1
4604 2
4605 4
4606 4
4607 2
4608 0
4609 2
4610 3
4611 3
4612 2
4613 4
4614 4
4615 2
4616 3
4617 3
4618 4
4619 0
4620 4
4621 4
4622 3
4623 4
4624 2
4625 3
4626 3
4627 2
4628 0
4629 2
4630 3
4631 0
4632 4
4633 1
4634 2
4635 1
4636 2
4637 2
4638 1
4639 2
4640 1
4641 2
4642 1
4643 0
4644 0
4645 2
4646 2
4647 2
4648 3
4649 3
4650 2
4651 2
4652 1
4653 4
4654 3
4655 3
4656 3
4657 4
4658 3
4659 2
4660 4
4661 3
4662 3
4663 0
4664 2
4665 2
4666 4
4667 4
4668 4
4669 3
4670 3
4671 2
4672 4
4673 1
4674 2
4675 5
4676 2
4677 3
4678 3
4679 1
4680 2
4681 3
4682 1
4683 1
4684 1
4685 4
4686 3
4687 3
4688 0
4689 0
4690 3
4691 3
4692 1
4693 4
4694 2
4695 6
4696 4
4697 7
4698 2
4699 0
4700 0
4701 4
4702 3
4703 3
4704 1
4705 3
4706 5
4707 3
4708 3
4709 5
4710 3
4711 4
4712 2
4713 2
4714 0
4715 3
4716 2
4717 0
4718 4
4719 3
4720 2
4721 6
4722 3
4723 2
4724 3
4725 0
4726 2
4727 3
4728 4
4729 2
4730 3
4731 2
4732 5
4733 2
4734 3
4735 1
4736 4
4737 2
4738 2
4739 1
4740 2
4741 1
4742 2
4743 1
4744 0
4745 0
4746 4
4747 1
4748 1
4749 3
4750 3
4751 2
4752 3
4753 1
4754 1
4755 8
4756 5
4757 2
4758 5
4759 1
4760 3
4761 3
4762 1
4763 3
4764 3
4765 2
4766 3
4767 5
4768 3
4769 3
4770 1
4771 1
4772 2
4773 4
4774 3
4775 4
4776 3
4777 4
4778 3
4779 4
4780 2
4781 1
4782 2
4783 1
4784 2
4785 4
4786 2
4787 2
4788 2
4789 0
4790 3
4791 2
4792 2
4793 2
4794 0
4795 4
4796 2
4797 2
4798 3
4799 2
4800 1
4801 0
4802 2
4803 1
4804 0
4805 1
4806 2
4807 3
4808 3
4809 0
4810 0
4811 3
4812 1
4813 2
4814 4
4815 3
4816 1
4817 1
4818 4
4819 2
4820 4
4821 2
4822 2
4823 3
4824 1
4825 4
4826 3
4827 3
4828 3
4829 3
4830 2
4831 2
4832 1
4833 1
4834 0
4835 2
4836 4
4837 1
4838 3
4839 3
4840 4
4841 3
4842 1
4843 2
4844 3
4845 3
4846 2
4847 3
4848 4
4849 2
4850 3
4851 3
4852 1
4853 4
4854 2
4855 2
4856 4
4857 2
4858 5
4859 1
4860 1
4861 0
4862 2
4863 3
4864 3
4865 2
4866 3
4867 1
4868 0
4869 2
4870 0
4871 2
4872 1
4873 1
4874 2
4875 2
4876 0
4877 2
4878 2
4879 3
4880 2
4881 4
4882 3
4883 2
4884 4
4885 0
4886 1
4887 3
4888 1
4889 4
4890 3
4891 5
4892 1
4893 1
4894 3
4895 1
4896 1
4897 1
4898 1
4899 1
4900 2
4901 0
4902 3
4903 2
4904 2
4905 0
4906 3
4907 1
4908 1
4909 0
4910 1
4911 3
4912 4
4913 2
4914 2
4915 0
4916 0
4917 2
4918 0
4919 2
4920 2
4921 1
4922 3
4923 2
4924 4
4925 2
4926 2
4927 1
4928 5
4929 1
4930 3
4931 2
4932 2
4933 4
4934 2
4935 4
4936 3
4937 1
4938 5
4939 2
4940 1
4941 4
4942 2
4943 2
4944 2
4945 3
4946 1
4947 1
4948 0
4949 1
4950 5
4951 1
4952 3
4953 2
4954 2
4955 1
4956 2
4957 2
4958 2
4959 2
4960 3
4961 2
4962 0
4963 2
4964 1
4965 3
4966 2
4967 0
4968 0
4969 2
4970 0
4971 2
4972 1
4973 1
4974 0
4975 3
4976 2
4977 2
4978 2
4979 1
4980 1
4981 0
4982 2
4983 0
4984 1
4985 1
4986 2
4987 5
4988 3
4989 1
4990 0
4991 1
4992 2
4993 2
4994 1
4995 1
4996 1
4997 2
4998 2
4999 3
5000 2
5001 4
5002 0
5003 4
5004 2
5005 2
5006 3
5007 2
5008 2
5009 0
5010 3
5011 3
5012 3
5013 3
5014 1
5015 3
5016 1
5017 1
5018 2
5019 3
5020 2
5021 0
5022 2
5023 0
5024 1
5025 1
5026 1
5027 1
5028 2
5029 4
5030 1
5031 2
5032 3
5033 2
5034 2
5035 2
5036 5
5037 4
5038 2
5039 1
5040 3
5041 2
5042 3
5043 2
5044 1
5045 1
5046 3
5047 1
5048 4
5049 6
5050 2
5051 5
5052 4
5053 5
5054 2
5055 3
5056 2
5057 3
5058 3
5059 1
5060 1
5061 2
5062 3
5063 4
5064 1
5065 2
5066 0
5067 1
5068 2
5069 2
5070 0
5071 0
5072 1
5073 1
5074 1
5075 1
5076 1
5077 0
5078 0
5079 1
5080 2
5081 2
5082 0
5083 1
5084 1
5085 2
5086 2
5087 1
5088 4
5089 0
5090 6
5091 3
5092 0
5093 3
5094 1
5095 3
5096 1
5097 3
5098 3
5099 0
5100 3
5101 0
5102 2
5103 0
5104 4
5105 2
5106 2
5107 4
5108 4
5109 1
5110 1
5111 1
5112 2
5113 3
5114 1
5115 0
5116 0
5117 6
5118 1
5119 3
5120 0
5121 1
5122 2
5123 1
5124 2
5125 1
5126 1
5127 2
5128 3
5129 1
5130 0
5131 4
5132 3
5133 3
5134 1
5135 3
5136 1
5137 1
5138 2
5139 3
5140 0
5141 1
5142 0
5143 2
5144 3
5145 0
5146 4
5147 3
5148 2
5149 1
5150 4
5151 1
5152 1
5153 4
5154 2
5155 2
5156 3
5157 3
5158 1
5159 4
5160 1
5161 3
5162 3
5163 1
5164 3
5165 1
5166 4
5167 2
5168 3
5169 1
5170 1
5171 2
5172 4
5173 2
5174 1
5175 2
5176 1
5177 1
5178 2
5179 4
5180 1
5181 1
5182 2
5183 3
5184 1
5185 1
5186 2
5187 0
5188 0
5189 2
5190 1
5191 1
5192 1
5193 2
5194 1
5195 0
5196 1
5197 3
5198 0
5199 2
5200 2
5201 1
5202 1
5203 1
5204 3
5205 2
5206 1
5207 2
5208 1
5209 1
5210 1
5211 2
5212 4
5213 1
5214 1
5215 1
5216 1
5217 1
5218 3
5219 3
5220 1
5221 3
5222 1
5223 2
5224 0
5225 2
5226 2
5227 0
5228 3
5229 2
5230 4
5231 3
5232 2
5233 3
5234 3
5235 3
5236 0
5237 2
5238 3
5239 2
5240 4
5241 4
5242 3
5243 2
5244 3
5245 2
5246 3
5247 3
5248 3
5249 1
5250 4
5251 1
5252 2
5253 4
5254 2
5255 3
5256 3
5257 3
5258 3
5259 1
5260 1
5261 1
5262 2
5263 1
5264 1
5265 2
5266 1
5267 2
5268 3
5269 1
5270 2
5271 0
5272 0
5273 2
5274 3
5275 1
5276 2
5277 5
5278 3
5279 4
5280 1
5281 2
5282 1
5283 1
5284 2
5285 1
5286 1
5287 1
5288 0
5289 4
5290 4
5291 2
5292 1
5293 2
5294 3
5295 3
5296 1
5297 0
5298 2
5299 4
5300 3
5301 1
5302 3
5303 2
5304 3
5305 1
5306 0
5307 3
5308 3
5309 0
5310 4
5311 2
5312 4
5313 4
5314 4
5315 4
5316 0
5317 2
5318 2
5319 4
5320 0
5321 3
5322 4
5323 3
5324 4
5325 5
5326 1
5327 2
5328 4
5329 2
5330 2
5331 4
5332 2
5333 4
5334 3
5335 2
5336 1
5337 2
5338 1
5339 1
5340 1
5341 2
5342 2
5343 0
5344 1
5345 1
5346 1
5347 3
5348 1
5349 1
5350 0
5351 3
5352 1
5353 0
5354 3
5355 1
5356 1
5357 4
5358 5
5359 1
5360 2
5361 1
5362 3
5363 2
5364 3
5365 0
5366 2
5367 0
5368 0
5369 3
5370 2
5371 2
5372 0
5373 0
5374 2
5375 1
5376 0
5377 1
5378 1
5379 1
5380 3
5381 2
5382 1
5383 2
5384 0
5385 2
5386 1
5387 3
5388 0
5389 3
5390 2
5391 1
5392 2
5393 2
5394 3
5395 4
5396 1
5397 2
5398 2
5399 0
5400 1
5401 1
5402 2
5403 1
5404 3
5405 1
5406 0
5407 0
5408 2
5409 3
5410 2
5411 3
5412 2
5413 5
5414 2
5415 2
5416 2
5417 3
5418 4
5419 1
5420 0
5421 2
5422 2
5423 0
5424 2
5425 2
5426 0
5427 1
5428 2
5429 0
5430 2
5431 0
5432 0
5433 1
5434 2
5435 0
5436 0
5437 2
5438 2
5439 1
5440 0
5441 3
5442 3
5443 0
5444 1
5445 0
5446 2
5447 3
5448 0
5449 2
5450 3
5451 3
5452 2
5453 0
5454 1
5455 2
5456 1
5457 2
5458 1
5459 0
5460 5
5461 1
5462 1
5463 2
5464 2
5465 1
5466 2
5467 2
5468 0
5469 3
5470 2
5471 3
5472 2
5473 1
5474 0
5475 1
5476 2
5477 2
5478 1
5479 1
5480 2
5481 1
5482 4
5483 1
5484 3
5485 1
5486 2
5487 0
5488 0
5489 3
5490 2
5491 2
5492 2
5493 2
5494 0
5495 3
5496 2
5497 0
5498 1
5499 2
5500 0
5501 1
5502 1
5503 2
5504 0
5505 1
5506 2
5507 1
5508 2
5509 1
5510 1
5511 1
5512 1
5513 0
5514 1
5515 2
5516 2
5517 2
5518 3
5519 1
5520 1
5521 1
5522 3
5523 0
5524 2
5525 1
5526 2
5527 1
5528 2
5529 3
5530 3
5531 1
5532 0
5533 0
5534 2
5535 2
5536 1
5537 0
5538 1
5539 3
5540 1
5541 1
5542 2
5543 1
5544 2
5545 1
5546 1
5547 2
5548 1
5549 0
5550 2
5551 3
5552 2
5553 2
5554 2
5555 2
5556 2
5557 2
5558 2
5559 2
5560 2
5561 2
5562 0
5563 3
5564 4
5565 3
5566 2
5567 2
5568 1
5569 2
5570 1
5571 2
5572 1
5573 1
5574 1
5575 2
5576 1
5577 4
5578 1
5579 1
5580 0
5581 1
5582 1
5583 0
5584 2
5585 3
5586 2
5587 3
5588 2
5589 1
5590 0
5591 1
5592 1
5593 2
5594 3
5595 0
5596 1
5597 2
5598 2
5599 4
5600 3
5601 0
5602 2
5603 2
5604 1
5605 1
5606 1
5607 3
5608 2
5609 4
5610 3
5611 2
5612 3
5613 4
5614 3
5615 2
5616 2
5617 3
5618 1
5619 1
5620 4
5621 2
5622 1
5623 1
5624 4
5625 2
5626 0
5627 2
5628 3
5629 2
5630 3
5631 1
5632 1
5633 3
5634 1
5635 2
5636 2
5637 2
5638 3
5639 3
5640 2
5641 6
5642 2
5643 1
5644 1
5645 0
5646 4
5647 2
5648 2
5649 2
5650 3
5651 1
5652 5
5653 3
5654 2
5655 1
5656 1
5657 3
5658 1
5659 1
5660 2
5661 4
5662 3
5663 5
5664 4
5665 2
5666 3
5667 3
5668 2
5669 5
5670 4
5671 0
5672 3
5673 1
5674 2
5675 3
5676 2
5677 3
5678 0
5679 1
5680 5
5681 3
5682 2
5683 3
5684 1
5685 2
5686 4
5687 3
5688 2
5689 2
5690 3
5691 3
5692 1
5693 2
5694 3
5695 0
5696 1
5697 1
5698 3
5699 2
5700 2
5701 4
5702 2
5703 2
5704 5
5705 1
5706 3
5707 2
5708 3
5709 3
5710 5
5711 2
5712 2
5713 0
5714 2
5715 2
5716 3
5717 2
5718 2
5719 1
5720 1
5721 2
5722 1
5723 1
5724 3
5725 4
5726 0
5727 3
5728 1
5729 0
5730 2
5731 4
5732 4
5733 2
5734 3
5735 2
5736 1
5737 2
5738 6
5739 3
5740 3
5741 4
5742 1
5743 3
5744 1
5745 1
5746 0
5747 1
5748 2
5749 1
5750 2
5751 2
5752 1
5753 1
5754 2
5755 2
5756 1
5757 3
5758 1
5759 3
5760 3
5761 1
5762 1
5763 0
5764 0
5765 0
5766 1
5767 1
5768 3
5769 3
5770 0
5771 2
5772 1
5773 2
5774 0
5775 2
5776 2
5777 1
5778 0
5779 0
5780 1
5781 0
5782 0
5783 3
5784 3
5785 1
5786 2
5787 1
5788 2
5789 1
5790 1
5791 0
5792 1
5793 2
5794 1
5795 0
5796 2
5797 1
5798 3
5799 2
5800 1
5801 2
5802 1
5803 2
5804 1
5805 0
5806 3
5807 1
5808 0
5809 2
5810 1
5811 0
5812 1
5813 2
5814 1
5815 0
5816 4
5817 1
5818 0
5819 1
5820 3
5821 1
5822 1
5823 1
5824 5
5825 1
5826 3
5827 1
5828 2
5829 1
5830 1
5831 2
5832 1
5833 2
5834 0
5835 3
5836 1
5837 1
5838 1
5839 2
5840 2
5841 3
5842 0
5843 2
5844 3
5845 2
5846 1
5847 1
5848 0
5849 1
5850 1
5851 0
5852 1
5853 1
5854 2
5855 0
5856 1
5857 0
5858 0
5859 2
5860 2
5861 2
5862 3
5863 4
5864 1
5865 2
5866 2
5867 1
5868 1
5869 4
5870 2
5871 3
5872 1
5873 1
5874 1
5875 4
5876 4
5877 1
5878 8
5879 1
5880 1
5881 0
5882 3
5883 3
5884 2
5885 3
5886 0
5887 1
5888 2
5889 2
5890 0
5891 1
5892 3
5893 1
5894 0
5895 3
5896 2
5897 3
5898 1
5899 1
5900 3
5901 2
5902 3
5903 1
5904 1
5905 5
5906 3
5907 2
5908 2
5909 3
5910 0
5911 2
5912 3
5913 0
5914 2
5915 1
5916 2
5917 2
5918 3
5919 1
5920 4
5921 4
5922 1
5923 2
5924 1
5925 2
5926 2
5927 1
5928 4
5929 3
5930 3
5931 0
5932 3
5933 0
5934 2
5935 0
5936 0
5937 3
5938 3
5939 2
5940 3
5941 2
5942 1
5943 2
5944 3
5945 3
5946 1
5947 2
5948 5
5949 2
5950 4
5951 3
5952 3
5953 3
5954 2
5955 2
5956 2
5957 4
5958 2
5959 1
5960 2
5961 5
5962 1
5963 2
5964 2
5965 3
5966 4
5967 2
5968 2
5969 2
5970 1
5971 2
5972 1
5973 2
5974 4
5975 4
5976 2
5977 1
5978 3
5979 1
5980 2
5981 1
5982 3
5983 3
5984 2
5985 1
5986 2
5987 3
5988 0
5989 4
5990 0
5991 1
5992 1
5993 0
5994 2
5995 3
5996 2
5997 2
5998 2
5999 2
6000 2
6001 1
6002 4
6003 5
6004 2
6005 1
6006 4
6007 2
6008 0
6009 2
6010 0
6011 0
6012 2
6013 3
6014 2
6015 3
6016 1
6017 1
6018 4
6019 1
6020 0
6021 3
6022 2
6023 1
6024 1
6025 3
6026 3
6027 2
6028 1
6029 2
6030 3
6031 2
6032 4
6033 5
6034 1
6035 3
6036 1
6037 3
6038 2
6039 2
6040 2
6041 1
6042 1
6043 3
6044 1
6045 3
6046 1
6047 3
6048 1
6049 5
6050 3
6051 0
6052 4
6053 4
6054 0
6055 3
6056 1
6057 3
6058 0
6059 0
6060 0
6061 0
6062 0
6063 1
6064 1
6065 4
6066 2
6067 5
6068 1
6069 1
6070 1
6071 1
6072 3
6073 1
6074 1
6075 2
6076 2
6077 2
6078 0
6079 4
6080 2
6081 1
6082 2
6083 2
6084 5
6085 3
6086 1
6087 4
6088 3
6089 0
6090 2
6091 2
6092 2
6093 0
6094 2
6095 0
6096 1
6097 1
6098 1
6099 1
6100 1
6101 2
6102 1
6103 1
6104 1
6105 2
6106 1
6107 2
6108 2
6109 1
6110 1
6111 2
6112 2
6113 1
6114 2
6115 1
6116 2
6117 2
6118 4
6119 1
6120 2
6121 3
6122 1
6123 2
6124 4
6125 4
6126 3
6127 3
6128 4
6129 2
6130 3
6131 0
6132 1
6133 3
6134 2
6135 2
6136 3
6137 0
6138 2
6139 2
6140 1
6141 4
6142 1
6143 1
6144 1
6145 4
6146 2
6147 0
6148 0
6149 1
6150 1
6151 2
6152 2
6153 4
6154 0
6155 1
6156 6
6157 2
6158 1
6159 1
6160 1
6161 2
6162 2
6163 0
6164 2
6165 2
6166 4
6167 0
6168 0
6169 3
6170 0
6171 1
6172 2
6173 1
6174 1
6175 2
6176 3
6177 2
6178 0
6179 3
6180 2
6181 0
6182 2
6183 1
6184 1
6185 3
6186 1
6187 1
6188 2
6189 5
6190 2
6191 2
6192 1
6193 3
6194 5
6195 3
6196 3
6197 6
6198 1
6199 3
6200 1
6201 2
6202 2
6203 2
6204 0
6205 3
6206 2
6207 3
6208 2
6209 2
6210 1
6211 3
6212 2
6213 1
6214 3
6215 1
6216 3
6217 4
6218 1
6219 1
6220 1
6221 1
6222 0
6223 4
6224 2
6225 0
6226 2
6227 3
6228 3
6229 3
6230 4
6231 2
6232 5
6233 3
6234 3
6235 3
6236 4
6237 3
6238 4
6239 2
6240 1
6241 3
6242 2
6243 1
6244 0
6245 1
6246 5
6247 2
6248 5
6249 4
6250 1
6251 1
6252 3
6253 0
6254 2
6255 0
6256 0
6257 4
6258 3
6259 2
6260 1
6261 3
6262 1
6263 3
6264 1
6265 2
6266 2
6267 2
6268 0
6269 2
6270 2
6271 2
6272 1
6273 1
6274 0
6275 2
6276 1
6277 1
6278 2
6279 1
6280 3
6281 3
6282 0
6283 2
6284 0
6285 2
6286 1
6287 2
6288 3
6289 3
6290 1
6291 0
6292 1
6293 6
6294 2
6295 0
6296 1
6297 2
6298 1
6299 3
6300 2
6301 1
6302 2
6303 2
6304 4
6305 1
6306 2
6307 4
6308 0
6309 0
6310 1
6311 2
6312 0
6313 1
6314 2
6315 3
6316 1
6317 0
6318 2
6319 1
6320 1
6321 0
6322 0
6323 1
6324 1
6325 1
6326 0
6327 2
6328 1
6329 3
6330 3
6331 1
6332 1
6333 1
6334 3
6335 0
6336 1
6337 1
6338 2
6339 5
6340 3
6341 2
6342 2
6343 2
6344 3
6345 1
6346 2
6347 5
6348 2
6349 2
6350 3
6351 3
6352 2
6353 5
6354 3
6355 4
6356 2
6357 1
6358 5
6359 2
6360 3
6361 2
6362 4
6363 4
6364 2
6365 3
6366 2
6367 0
6368 3
6369 2
6370 3
6371 3
6372 1
6373 1
6374 2
6375 2
6376 4
6377 1
6378 1
6379 1
6380 1
6381 1
6382 2
6383 2
6384 0
6385 2
6386 2
6387 3
6388 3
6389 1
6390 3
6391 3
6392 2
6393 3
6394 2
6395 2
6396 1
6397 2
6398 1
6399 0
6400 1
6401 2
6402 3
6403 1
6404 1
6405 2
6406 3
6407 4
6408 2
6409 3
6410 1
6411 2
6412 0
6413 1
6414 0
6415 4
6416 0
6417 1
6418 1
6419 3
6420 3
6421 2
6422 1
6423 2
6424 4
6425 0
6426 1
6427 2
6428 1
6429 1
6430 1
6431 1
6432 0
6433 3
6434 4
6435 0
6436 2
6437 0
6438 1
6439 0
6440 1
6441 1
6442 2
6443 0
6444 1
6445 1
6446 0
6447 1
6448 3
6449 4
6450 3
6451 3
6452 3
6453 2
6454 0
6455 1
6456 0
6457 1
6458 1
6459 4
6460 2
6461 1
6462 0
6463 1
6464 0
6465 1
6466 2
6467 1
6468 1
6469 1
6470 0
6471 0
6472 1
6473 0
6474 2
6475 1
6476 1
6477 0
6478 2
6479 1
6480 1
6481 1
6482 0
6483 1
6484 1
6485 0
6486 1
6487 1
6488 1
6489 1
6490 0
6491 0
6492 0
6493 1
6494 0
6495 1
6496 1
6497 0
6498 0
6499 1
6500 1
6501 0
6502 2
6503 2
6504 2
6505 0
6506 0
6507 1
6508 1
6509 1
6510 1
6511 1
6512 1
6513 2
6514 0
6515 0
6516 1
6517 2
6518 1
6519 0
6520 2
6521 1
6522 1
6523 0
6524 1
6525 1
6526 0
6527 1
6528 1
6529 0
6530 1
6531 0
6532 0
6533 0
6534 0
6535 2
6536 2
6537 1
6538 0
6539 3
6540 0
6541 1
6542 2
6543 2
6544 0
6545 0
6546 2
6547 0
6548 1
6549 1
6550 1
6551 1
6552 1
6553 1
6554 1
6555 2
6556 0
6557 0
6558 3
6559 1
6560 2
6561 1
6562 0
6563 0
6564 2
6565 1
6566 1
6567 1
6568 3
6569 2
6570 0
6571 0
6572 1
6573 1
6574 0
6575 2
6576 1
6577 2
6578 2
6579 0
6580 2
6581 1
6582 1
6583 0
6584 1
6585 1
6586 3
6587 1
6588 0
6589 1
6590 2
6591 1
6592 2
6593 1
6594 1
6595 1
6596 1
6597 1
6598 0
6599 2
6600 1
6601 0
6602 1
6603 2
6604 0
6605 0
6606 1
6607 0
6608 0
6609 0
6610 0
6611 0
6612 0
6613 1
6614 1
6615 0
6616 1
6617 2
6618 2
6619 2
6620 0
6621 0
6622 2
6623 0
6624 1
6625 1
6626 0
6627 0
6628 2
6629 1
6630 0
6631 0
6632 0
6633 1
6634 0
6635 1
6636 1
6637 1
6638 0
6639 0
6640 3
6641 0
6642 0
6643 0
6644 1
6645 0
6646 1
6647 1
6648 1
6649 0
6650 1
6651 0
6652 1
6653 0
6654 0
6655 2
6656 1
6657 1
6658 1
6659 3
6660 1
6661 1
6662 0
6663 1
6664 1
6665 1
6666 1
6667 1
6668 0
6669 0
6670 4
6671 2
6672 1
6673 2
6674 1
6675 2
6676 1
6677 0
6678 1
6679 1
6680 1
6681 1
6682 0
6683 0
6684 0
6685 1
6686 1
6687 2
6688 0
6689 1
6690 0
6691 2
6692 0
6693 4
6694 0
6695 0
6696 0
6697 1
6698 3
6699 3
6700 4
6701 1
6702 1
6703 2
6704 1
6705 1
6706 3
6707 2
6708 0
6709 0
6710 1
6711 1
6712 0
6713 0
6714 1
6715 1
6716 1
6717 0
6718 2
6719 3
6720 0
6721 2
6722 0
6723 2
6724 2
6725 1
6726 2
6727 2
6728 1
6729 0
6730 3
6731 1
6732 1
6733 2
6734 0
6735 1
6736 3
6737 3
6738 6
6739 1
6740 1
6741 1
6742 2
6743 1
6744 4
6745 3
6746 1
6747 1
6748 2
6749 2
6750 1
6751 1
6752 4
6753 2
6754 0
6755 1
6756 3
6757 0
6758 0
6759 1
6760 2
6761 1
6762 2
6763 1
6764 1
6765 3
6766 3
6767 1
6768 3
6769 2
6770 3
6771 4
6772 0
6773 0
6774 1
6775 3
6776 2
6777 3
6778 1
6779 1
6780 1
6781 2
6782 3
6783 2
6784 3
6785 2
6786 0
6787 1
6788 3
6789 0
6790 2
6791 2
6792 2
6793 5
6794 2
6795 0
6796 1
6797 0
6798 2
6799 3
6800 2
6801 1
6802 3
6803 4
6804 5
6805 2
6806 1
6807 1
6808 1
6809 3
6810 2
6811 4
6812 1
6813 2
6814 0
6815 2
6816 1
6817 1
6818 1
6819 1
6820 3
6821 4
6822 4
6823 1
6824 3
6825 3
6826 3
6827 1
6828 4
6829 2
6830 0
6831 2
6832 2
6833 1
6834 5
6835 1
6836 3
6837 2
6838 0
6839 2
6840 3
6841 2
6842 5
6843 0
6844 1
6845 0
6846 1
6847 2
6848 3
6849 1
6850 3
6851 2
6852 1
6853 1
6854 4
6855 2
6856 1
6857 2
6858 4
6859 2
6860 3
6861 5
6862 4
6863 3
6864 5
6865 2
6866 4
6867 7
6868 2
6869 3
6870 4
6871 2
6872 3
6873 1
6874 2
6875 3
6876 4
6877 0
6878 1
6879 4
6880 3
6881 1
6882 2
6883 1
6884 1
6885 3
6886 2
6887 1
6888 4
6889 3
6890 0
6891 3
6892 3
6893 1
6894 5
6895 3
6896 3
6897 3
6898 2
6899 2
6900 2
6901 2
6902 0
6903 1
6904 2
6905 3
6906 2
6907 2
6908 3
6909 0
6910 2
6911 4
6912 3
6913 2
6914 5
6915 1
6916 4
6917 1
6918 2
6919 3
6920 5
6921 0
6922 0
6923 1
6924 4
6925 2
6926 2
6927 1
6928 4
6929 1
6930 3
6931 1
6932 1
6933 1
6934 2
6935 2
6936 0
6937 5
6938 4
6939 0
6940 0
6941 2
6942 2
6943 3
6944 2
6945 6
6946 5
6947 2
6948 2
6949 1
6950 3
6951 2
6952 4
6953 4
6954 1
6955 2
6956 3
6957 5
6958 2
6959 3
6960 1
6961 2
6962 1
6963 4
6964 2
6965 4
6966 1
6967 5
6968 2
6969 0
6970 4
6971 2
6972 4
6973 2
6974 1
6975 1
6976 2
6977 2
6978 2
6979 0
6980 2
6981 1
6982 3
6983 1
6984 2
6985 3
6986 4
6987 2
6988 1
6989 2
6990 4
6991 3
6992 0
6993 2
6994 2
6995 2
6996 0
6997 4
6998 0
6999 1
7000 2
7001 1
7002 0
7003 1
7004 2
7005 2
7006 3
7007 3
7008 2
7009 1
7010 1
7011 2
7012 2
7013 1
7014 3
7015 1
7016 2
7017 1
7018 1
7019 2
7020 1
7021 3
7022 5
7023 0
7024 1
7025 1
7026 2
7027 2
7028 2
7029 0
7030 1
7031 0
7032 2
7033 1
7034 4
7035 3
7036 0
7037 0
7038 3
7039 0
7040 0
7041 2
7042 2
7043 1
7044 0
7045 1
7046 0
7047 0
7048 1
7049 1
7050 1
7051 3
7052 2
7053 2
7054 2
7055 2
7056 1
7057 1
7058 2
7059 1
7060 1
7061 2
7062 0
7063 3
7064 1
7065 0
7066 1
7067 2
7068 1
7069 1
7070 1
7071 3
7072 2
7073 3
7074 1
7075 1
7076 3
7077 1
7078 2
7079 1
7080 0
7081 1
7082 1
7083 2
7084 2
7085 0
7086 1
7087 2
7088 1
7089 2
7090 3
7091 2
7092 2
7093 3
7094 0
7095 0
7096 2
7097 1
7098 1
7099 1
7100 5
7101 0
7102 3
7103 3
7104 3
7105 2
7106 3
7107 0
7108 2
7109 3
7110 1
7111 2
7112 2
7113 4
7114 5
7115 2
7116 4
7117 3
7118 1
7119 2
7120 1
7121 1
7122 2
7123 0
7124 2
7125 2
7126 2
7127 2
7128 1
7129 2
7130 6
7131 2
7132 2
7133 2
7134 1
7135 2
7136 1
7137 1
7138 2
7139 3
7140 4
7141 3
7142 1
7143 1
7144 1
7145 5
7146 2
7147 4
7148 4
7149 3
7150 1
7151 4
7152 2
7153 4
7154 5
7155 2
7156 4
7157 2
7158 3
7159 2
7160 0
7161 1
7162 3
7163 4
7164 2
7165 3
7166 0
7167 6
7168 4
7169 1
7170 1
7171 2
7172 3
7173 4
7174 3
7175 1
7176 5
7177 3
7178 6
7179 4
7180 3
7181 3
7182 4
7183 1
7184 5
7185 3
7186 3
7187 3
7188 3
7189 2
7190 3
7191 3
7192 5
7193 3
7194 3
7195 2
7196 2
7197 1
7198 3
7199 1
7200 3
7201 2
7202 3
7203 2
7204 3
7205 3
7206 4
7207 3
7208 3
7209 4
7210 2
7211 3
7212 4
7213 3
7214 2
7215 3
7216 4
7217 3
7218 3
7219 2
7220 1
7221 1
7222 4
7223 3
7224 2
7225 2
7226 5
7227 0
7228 3
7229 2
7230 4
7231 2
7232 4
7233 3
7234 1
7235 3
7236 1
7237 6
7238 3
7239 5
7240 1
7241 1
7242 2
7243 5
7244 2
7245 4
7246 2
7247 3
7248 0
7249 2
7250 2
7251 3
7252 1
7253 0
7254 3
7255 0
7256 5
7257 1
7258 3
7259 3
7260 3
7261 3
7262 2
7263 5
7264 3
7265 2
7266 0
7267 1
7268 1
7269 3
7270 3
7271 1
7272 2
7273 1
7274 3
7275 5
7276 2
7277 3
7278 5
7279 4
7280 2
7281 1
7282 2
7283 1
7284 4
7285 3
7286 1
7287 1
7288 1
7289 4
7290 2
7291 3
7292 6
7293 2
7294 3
7295 2
7296 3
7297 1
7298 4
7299 3
7300 1
7301 4
7302 4
7303 2
7304 1
7305 1
7306 3
7307 3
7308 4
7309 2
7310 3
7311 0
7312 2
7313 2
7314 3
7315 3
7316 5
7317 3
7318 4
7319 2
7320 1
7321 4
7322 3
7323 2
7324 3
7325 1
7326 4
7327 1
7328 2
7329 1
7330 3
7331 2
7332 1
7333 1
7334 1
7335 0
7336 4
7337 4
7338 1
7339 4
7340 2
7341 2
7342 1
7343 2
7344 6
7345 3
7346 1
7347 2
7348 2
7349 2
7350 4
7351 5
7352 0
7353 2
7354 3
7355 1
7356 1
7357 1
7358 2
7359 2
7360 1
7361 1
7362 1
7363 1
7364 1
7365 2
7366 3
7367 1
7368 4
7369 3
7370 3
7371 2
7372 2
7373 3
7374 4
7375 3
7376 1
7377 4
7378 0
7379 2
7380 2
7381 2
7382 2
7383 3
7384 2
7385 1
7386 2
7387 2
7388 1
7389 0
7390 3
7391 2
7392 3
7393 5
7394 0
7395 2
7396 2
7397 0
7398 3
7399 3
7400 0
7401 2
7402 1
7403 1
7404 4
7405 1
7406 4
7407 2
7408 0
7409 2
7410 3
7411 4
7412 1
7413 3
7414 4
7415 3
7416 2
7417 4
7418 3
7419 1
7420 1
7421 2
7422 2
7423 6
7424 1
7425 0
7426 3
7427 2
7428 3
7429 0
7430 2
7431 1
7432 3
7433 1
7434 1
7435 2
7436 4
7437 2
7438 4
7439 2
7440 2
7441 3
7442 3
7443 2
7444 3
7445 4
7446 2
7447 3
7448 4
7449 3
7450 3
7451 3
7452 7
7453 1
7454 2
7455 1
7456 2
7457 4
7458 0
7459 1
7460 2
7461 3
7462 1
7463 4
7464 3
7465 3
7466 3
7467 3
7468 1
7469 0
7470 2
7471 1
7472 4
7473 1
7474 3
7475 0
7476 0
7477 2
7478 1
7479 1
7480 4
7481 2
7482 0
7483 3
7484 2
7485 2
7486 3
7487 2
7488 4
7489 3
7490 1
7491 0
7492 1
7493 3
7494 4
7495 2
7496 2
7497 1
7498 2
7499 2
7500 2
7501 2
7502 2
7503 2
7504 0
7505 3
7506 2
7507 1
7508 2
7509 1
7510 0
7511 4
7512 2
7513 2
7514 1
7515 2
7516 3
7517 0
7518 3
7519 2
7520 2
7521 3
7522 2
7523 2
7524 0
7525 5
7526 1
7527 2
7528 1
7529 3
7530 2
7531 2
7532 4
7533 0
7534 0
7535 0
7536 2
7537 0
7538 0
7539 1
7540 3
7541 2
7542 2
7543 0
7544 0
7545 3
7546 2
7547 2
7548 0
7549 1
7550 1
7551 0
7552 0
7553 1
7554 2
7555 1
7556 1
7557 1
7558 1
7559 2
7560 1
7561 3
7562 1
7563 1
7564 1
7565 4
7566 2
7567 2
7568 5
7569 1
7570 2
7571 2
7572 0
7573 2
7574 2
7575 2
7576 0
7577 1
7578 3
7579 2
7580 0
7581 4
7582 4
7583 3
7584 5
7585 3
7586 1
7587 2
7588 1
7589 0
7590 5
7591 1
7592 1
7593 2
7594 3
7595 2
7596 2
7597 0
7598 0
7599 2
7600 1
7601 1
7602 3
7603 2
7604 2
7605 1
7606 4
7607 4
7608 1
7609 2
7610 1
7611 2
7612 2
7613 1
7614 1
7615 2
7616 1
7617 4
7618 2
7619 2
7620 3
7621 5
7622 4
7623 1
7624 5
7625 6
7626 2
7627 4
7628 2
7629 2
7630 1
7631 1
7632 3
7633 1
7634 1
7635 2
7636 1
7637 0
7638 0
7639 0
7640 0
7641 0
7642 1
7643 0
7644 0
7645 4
7646 2
7647 2
7648 1
7649 7
7650 3
7651 1
7652 3
7653 0
7654 1
7655 0
7656 2
7657 0
7658 1
7659 3
7660 2
7661 0
7662 0
7663 3
7664 3
7665 2
7666 1
7667 2
7668 0
7669 2
7670 2
7671 2
7672 1
7673 2
7674 4
7675 1
7676 2
7677 1
7678 3
7679 2
7680 0
7681 4
7682 2
7683 1
7684 3
7685 2
7686 0
7687 1
7688 4
7689 3
7690 4
7691 3
7692 0
7693 2
7694 1
7695 1
7696 1
7697 2
7698 3
7699 0
7700 2
7701 1
7702 1
7703 4
7704 1
7705 4
7706 0
7707 3
7708 0
7709 1
7710 0
7711 1
7712 1
7713 0
7714 1
7715 3
7716 2
7717 1
7718 2
7719 0
7720 3
7721 0
7722 1
7723 1
7724 1
7725 1
7726 2
7727 3
7728 1
7729 2
7730 2
7731 3
7732 1
7733 1
7734 2
7735 3
7736 3
7737 1
7738 1
7739 1
7740 1
7741 0
7742 2
7743 3
7744 1
7745 1
7746 4
7747 1
7748 3
7749 0
7750 1
7751 1
7752 1
7753 2
7754 2
7755 0
7756 2
7757 2
7758 2
7759 1
7760 3
7761 1
7762 0
7763 0
7764 0
7765 4
7766 1
7767 2
7768 3
7769 0
7770 3
7771 1
7772 1
7773 2
7774 2
7775 0
7776 1
7777 2
7778 1
7779 3
7780 1
7781 0
7782 3
7783 3
7784 2
7785 1
7786 0
7787 2
7788 1
7789 2
7790 3
7791 4
7792 2
7793 4
7794 1
7795 3
7796 2
7797 2
7798 3
7799 2
7800 2
7801 1
7802 0
7803 1
7804 1
7805 5
7806 0
7807 1
7808 0
7809 3
7810 0
7811 1
7812 0
7813 1
7814 2
7815 0
7816 3
7817 0
7818 0
7819 3
7820 5
7821 2
7822 2
7823 1
7824 4
7825 3
7826 2
7827 4
7828 3
7829 2
7830 5
7831 2
7832 1
7833 4
7834 3
7835 3
7836 2
7837 5
7838 4
7839 3
7840 2
7841 1
7842 1
7843 2
7844 2
7845 1
7846 1
7847 1
7848 0
7849 4
7850 2
7851 2
7852 2
7853 2
7854 0
7855 2
7856 1
7857 0
7858 2
7859 0
7860 1
7861 1
7862 2
7863 2
7864 4
7865 1
7866 2
7867 3
7868 1
7869 5
7870 2
7871 0
7872 1
7873 3
7874 0
7875 2
7876 1
7877 1
7878 2
7879 0
7880 1
7881 1
7882 1
7883 2
7884 3
7885 1
7886 4
7887 3
7888 2
7889 2
7890 1
7891 0
7892 1
7893 3
7894 4
7895 0
7896 4
7897 0
7898 3
7899 1
7900 3
7901 2
7902 2
7903 2
7904 3
7905 1
7906 2
7907 4
7908 0
7909 1
7910 2
7911 2
7912 4
7913 5
7914 4
7915 3
7916 4
7917 4
7918 3
7919 7
7920 2
7921 2
7922 1
7923 0
7924 2
7925 5
7926 4
7927 3
7928 1
7929 0
7930 2
7931 0
7932 2
7933 4
7934 4
7935 2
7936 4
7937 3
7938 3
7939 3
7940 2
7941 1
7942 3
7943 3
7944 2
7945 1
7946 0
7947 4
7948 4
7949 1
7950 1
7951 0
7952 4
7953 2
7954 3
7955 1
7956 1
7957 0
7958 0
7959 2
7960 0
7961 2
7962 0
7963 2
7964 2
7965 1
7966 3
7967 1
7968 1
7969 1
7970 1
7971 1
7972 0
7973 2
7974 1
7975 2
7976 1
7977 2
7978 1
7979 2
7980 2
7981 1
7982 0
7983 2
7984 2
7985 2
7986 1
7987 2
7988 1
7989 1
7990 3
7991 1
7992 1
7993 1
7994 0
7995 1
7996 1
7997 0
7998 1
7999 4
8000 2
8001 3
8002 2
8003 1
8004 3
8005 1
8006 3
8007 2
8008 2
8009 1
8010 0
8011 0
8012 1
8013 0
8014 1
8015 0
8016 1
8017 1
8018 2
8019 2
8020 0
8021 1
8022 2
8023 0
8024 3
8025 1
8026 3
8027 1
8028 2
8029 2
8030 0
8031 0
8032 0
8033 1
8034 0
8035 1
8036 1
8037 2
8038 1
8039 0
8040 0
8041 1
8042 3
8043 0
8044 3
8045 3
8046 2
8047 0
8048 0
8049 3
8050 4
8051 1
8052 1
8053 2
8054 4
8055 3
8056 1
8057 1
8058 0
8059 0
8060 0
8061 1
8062 0
8063 1
8064 0
8065 0
8066 2
8067 2
8068 1
8069 1
8070 3
8071 0
8072 3
8073 0
8074 2
8075 2
8076 1
8077 0
8078 1
8079 2
8080 0
8081 1
8082 3
8083 2
8084 0
8085 0
8086 0
8087 1
8088 1
8089 0
8090 2
8091 3
8092 1
8093 1
8094 3
8095 1
8096 0
8097 4
8098 2
8099 1
8100 2
8101 1
8102 1
8103 2
8104 2
8105 2
8106 3
8107 1
8108 3
8109 1
8110 5
8111 0
8112 2
8113 1
8114 1
8115 2
8116 1
8117 5
8118 4
8119 2
8120 2
8121 2
8122 3
8123 1
8124 3
8125 0
8126 2
8127 1
8128 2
8129 2
8130 3
8131 3
8132 2
8133 1
8134 1
8135 3
8136 2
8137 1
8138 2
8139 1
8140 0
8141 1
8142 1
8143 5
8144 4
8145 1
8146 0
8147 1
8148 0
8149 2
8150 1
8151 1
8152 0
8153 0
8154 1
8155 1
8156 3
8157 2
8158 2
8159 2
8160 3
8161 1
8162 1
8163 2
8164 0
8165 4
8166 1
8167 1
8168 2
8169 2
8170 1
8171 0
8172 1
8173 4
8174 5
8175 0
8176 1
8177 1
8178 3
8179 3
8180 3
8181 1
8182 1
8183 0
8184 1
8185 2
8186 1
8187 2
8188 3
8189 3
8190 2
8191 3
8192 2
8193 2
8194 3
8195 1
8196 1
8197 1
8198 2
8199 0
8200 2
8201 1
8202 1
8203 1
8204 3
8205 1
8206 0
8207 1
8208 0
8209 0
8210 1
8211 7
8212 1
8213 3
8214 2
8215 2
8216 2
8217 2
8218 2
8219 1
8220 1
8221 0
8222 1
8223 3
8224 2
8225 1
8226 6
8227 1
8228 1
8229 1
8230 1
8231 2
8232 1
8233 1
8234 2
8235 0
8236 1
8237 1
8238 2
8239 2
8240 1
8241 0
8242 3
8243 4
8244 2
8245 1
8246 4
8247 3
8248 0
8249 2
8250 2
8251 0
8252 3
8253 1
8254 3
8255 0
8256 1
8257 2
8258 2
8259 4
8260 2
8261 1
8262 1
8263 3
8264 2
8265 2
8266 3
8267 3
8268 3
8269 2
8270 0
8271 2
8272 3
8273 3
8274 2
8275 2
8276 3
8277 2
8278 3
8279 1
8280 1
8281 2
8282 1
8283 0
8284 1
8285 2
8286 3
8287 3
8288 2
8289 3
8290 1
8291 3
8292 2
8293 1
8294 2
8295 2
8296 0
8297 1
8298 1
8299 2
8300 2
8301 2
8302 4
8303 0
8304 1
8305 1
8306 1
8307 3
8308 3
8309 1
8310 1
8311 2
8312 1
8313 1
8314 0
8315 2
8316 0
8317 1
8318 0
8319 3
8320 2
8321 1
8322 1
8323 3
8324 1
8325 4
8326 1
8327 5
8328 2
8329 3
8330 2
8331 2
8332 2
8333 2
8334 3
8335 2
8336 5
8337 2
8338 2
8339 4
8340 1
8341 2
8342 0
8343 0
8344 3
8345 2
8346 1
8347 3
8348 2
8349 2
8350 1
8351 2
8352 2
8353 1
8354 3
8355 1
8356 1
8357 3
8358 1
8359 2
8360 4
8361 1
8362 0
8363 0
8364 1
8365 0
8366 1
8367 1
8368 1
8369 1
8370 1
8371 0
8372 1
8373 0
8374 1
8375 1
8376 3
8377 0
8378 0
8379 2
8380 2
8381 1
8382 0
8383 0
8384 0
8385 1
8386 3
8387 1
8388 3
8389 2
8390 2
8391 1
8392 2
8393 0
8394 3
8395 2
8396 0
8397 2
8398 1
8399 1
8400 2
8401 1
8402 2
8403 3
8404 4
8405 1
8406 0
8407 1
8408 0
8409 3
8410 3
8411 2
8412 3
8413 4
8414 5
8415 4
8416 1
8417 6
8418 1
8419 1
8420 3
8421 1
8422 1
8423 1
8424 3
8425 2
8426 3
8427 0
8428 2
8429 2
8430 2
8431 2
8432 1
8433 1
8434 2
8435 5
8436 3
8437 2
8438 5
8439 3
8440 1
8441 1
8442 4
8443 1
8444 3
8445 5
8446 2
8447 2
8448 3
8449 2
8450 2
8451 3
8452 1
8453 0
8454 0
8455 1
8456 3
8457 5
8458 1
8459 2
8460 3
8461 1
8462 1
8463 2
8464 3
8465 3
8466 2
8467 2
8468 2
8469 1
8470 4
8471 3
8472 4
8473 4
8474 1
8475 2
8476 3
8477 0
8478 2
8479 2
8480 2
8481 0
8482 3
8483 0
8484 3
8485 2
8486 0
8487 2
8488 3
8489 4
8490 1
8491 2
8492 4
8493 1
8494 3
8495 3
8496 1
8497 2
8498 4
8499 2
8500 1
8501 1
8502 4
8503 1
8504 3
8505 3
8506 1
8507 2
8508 1
8509 2
8510 2
8511 3
8512 2
8513 1
8514 0
8515 3
8516 0
8517 2
8518 2
8519 1
8520 2
8521 2
8522 4
8523 0
8524 1
8525 0
8526 1
8527 2
8528 0
8529 1
8530 2
8531 2
8532 1
8533 0
8534 2
8535 0
8536 0
8537 0
8538 2
8539 1
8540 1
8541 2
8542 1
8543 1
8544 0
8545 1
8546 1
8547 2
8548 1
8549 2
8550 1
8551 0
8552 2
8553 2
8554 2
8555 2
8556 1
8557 4
8558 2
8559 1
8560 1
8561 1
8562 1
8563 2
8564 2
8565 0
8566 1
8567 1
8568 2
8569 3
8570 3
8571 1
8572 2
8573 0
8574 3
8575 4
8576 0
8577 2
8578 6
8579 3
8580 4
8581 5
8582 1
8583 3
8584 2
8585 0
8586 3
8587 3
8588 1
8589 3
8590 3
8591 2
8592 5
8593 5
8594 4
8595 6
8596 3
8597 3
8598 2
8599 3
8600 2
8601 1
8602 2
8603 4
8604 1
8605 2
8606 3
8607 4
8608 2
8609 3
8610 2
8611 4
8612 4
8613 0
8614 3
8615 1
8616 2
8617 1
8618 2
8619 2
8620 0
8621 1
8622 2
8623 1
8624 2
8625 1
8626 1
8627 2
8628 2
8629 3
8630 1
8631 1
8632 1
8633 2
8634 1
8635 2
8636 4
8637 3
8638 1
8639 3
8640 0
8641 0
8642 2
8643 3
8644 0
8645 1
8646 1
8647 1
8648 3
8649 1
8650 3
8651 3
8652 2
8653 3
8654 2
8655 1
8656 4
8657 2
8658 2
8659 1
8660 4
8661 3
8662 1
8663 2
8664 2
8665 0
8666 0
8667 3
8668 0
8669 2
8670 3
8671 1
8672 1
8673 4
8674 3
8675 2
8676 2
8677 3
8678 1
8679 1
8680 3
8681 5
8682 4
8683 0
8684 2
8685 3
8686 0
8687 1
8688 1
8689 3
8690 2
8691 2
8692 2
8693 3
8694 2
8695 2
8696 2
8697 2
8698 3
8699 1
8700 4
8701 3
8702 2
8703 3
8704 2
8705 2
8706 7
8707 2
8708 4
8709 6
8710 3
8711 3
8712 1
8713 2
8714 4
8715 5
8716 2
8717 0
8718 2
8719 2
8720 4
8721 1
8722 0
8723 0
8724 1
8725 2
8726 1
8727 1
8728 1
8729 1
8730 0
8731 1
8732 0
8733 2
8734 2
8735 3
8736 3
8737 0
8738 3
8739 0
8740 1
8741 2
8742 2
8743 0
8744 3
8745 3
8746 0
8747 1
8748 3
8749 2
8750 1
8751 2
8752 1
8753 2
8754 2
8755 4
8756 3
8757 0
8758 1
8759 6
8760 6
8761 3
8762 1
8763 1
8764 5
8765 0
8766 1
8767 0
8768 1
8769 2
8770 0
8771 2
8772 2
8773 2
8774 1
8775 3
8776 1
8777 1
8778 2
8779 1
8780 0
8781 3
8782 1
8783 1
8784 2
8785 2
8786 2
8787 1
8788 0
8789 2
8790 0
8791 3
8792 1
8793 1
8794 2
8795 1
8796 0
8797 1
8798 2
8799 1
8800 4
8801 0
8802 3
8803 2
8804 1
8805 1
8806 4
8807 2
8808 3
8809 1
8810 2
8811 2
8812 1
8813 0
8814 1
8815 0
8816 0
8817 1
8818 3
8819 0
8820 4
8821 1
8822 3
8823 1
8824 1
8825 1
8826 2
8827 3
8828 1
8829 1
8830 1
8831 1
8832 4
8833 1
8834 2
8835 1
8836 2
8837 2
8838 2
8839 2
8840 2
8841 4
8842 3
8843 4
8844 2
8845 1
8846 1
8847 0
8848 1
8849 3
8850 1
8851 0
8852 2
8853 2
8854 4
8855 0
8856 0
8857 0
8858 2
8859 2
8860 0
8861 2
8862 1
8863 3
8864 2
8865 2
8866 1
8867 2
8868 2
8869 1
8870 2
8871 2
8872 2
8873 3
8874 4
8875 3
8876 5
8877 0
8878 1
8879 1
8880 1
8881 2
8882 3
8883 0
8884 3
8885 2
8886 1
8887 2
8888 2
8889 3
8890 3
8891 1
8892 1
8893 2
8894 1
8895 1
8896 1
8897 0
8898 0
8899 2
8900 1
8901 3
8902 1
8903 1
8904 1
8905 0
8906 3
8907 1
8908 0
8909 1
8910 1
8911 0
8912 1
8913 2
8914 1
8915 1
8916 2
8917 2
8918 1
8919 1
8920 1
8921 0
8922 3
8923 2
8924 3
8925 2
8926 0
8927 2
8928 2
8929 3
8930 2
8931 4
8932 3
8933 0
8934 2
8935 2
8936 1
8937 2
8938 3
8939 2
8940 4
8941 3
8942 4
8943 3
8944 5
8945 4
8946 5
8947 1
8948 2
8949 2
8950 4
8951 5
8952 0
8953 1
8954 3
8955 0
8956 0
8957 2
8958 3
8959 2
8960 1
8961 3
8962 3
8963 2
8964 4
8965 2
8966 0
8967 1
8968 1
8969 2
8970 0
8971 1
8972 2
8973 0
8974 2
8975 3
8976 3
8977 3
8978 0
8979 3
8980 2
8981 1
8982 0
8983 0
8984 0
8985 0
8986 1
8987 1
8988 0
8989 1
8990 1
8991 2
8992 1
8993 0
8994 1
8995 1
8996 1
8997 1
8998 0
8999 2
9000 1
9001 1
9002 1
9003 2
9004 3
9005 0
9006 3
9007 1
9008 0
9009 2
9010 3
9011 3
9012 1
9013 2
9014 3
9015 2
9016 4
9017 5
9018 3
9019 2
9020 1
9021 2
9022 4
9023 2
9024 4
9025 2
9026 1
9027 6
9028 4
9029 0
9030 0
9031 2
9032 2
9033 3
9034 0
9035 3
9036 3
9037 6
9038 4
9039 1
9040 4
9041 3
9042 2
9043 4
9044 4
9045 2
9046 2
9047 2
9048 3
9049 2
9050 1
9051 0
9052 1
9053 4
9054 1
9055 3
9056 1
9057 2
9058 2
9059 1
9060 2
9061 1
9062 3
9063 1
9064 2
9065 2
9066 1
9067 0
9068 1
9069 0
9070 3
9071 0
9072 4
9073 1
9074 1
9075 0
9076 1
9077 3
9078 2
9079 3
9080 1
9081 2
9082 2
9083 2
9084 3
9085 1
9086 3
9087 2
9088 1
9089 2
9090 2
9091 2
9092 4
9093 3
9094 2
9095 3
9096 1
9097 4
9098 4
9099 3
9100 5
9101 2
9102 5
9103 4
9104 6
9105 6
9106 1
9107 1
9108 4
9109 2
9110 3
9111 0
9112 4
9113 5
9114 4
9115 3
9116 2
9117 2
9118 5
9119 4
9120 0
9121 1
9122 2
9123 0
9124 1
9125 3
9126 3
9127 2
9128 0
9129 1
9130 0
9131 2
9132 0
9133 1
9134 3
9135 2
9136 1
9137 2
9138 1
9139 0
9140 0
9141 4
9142 2
9143 3
9144 0
9145 1
9146 2
9147 3
9148 0
9149 2
9150 0
9151 2
9152 1
9153 0
9154 0
9155 3
9156 3
9157 0
9158 2
9159 3
9160 4
9161 2
9162 3
9163 1
9164 2
9165 2
9166 2
9167 3
9168 1
9169 3
9170 2
9171 3
9172 2
9173 5
9174 1
9175 2
9176 2
9177 3
9178 5
9179 3
9180 0
9181 0
9182 3
9183 1
9184 3
9185 1
9186 2
9187 2
9188 0
9189 1
9190 0
9191 1
9192 1
9193 2
9194 0
9195 3
9196 0
9197 3
9198 3
9199 2
9200 3
9201 6
9202 3
9203 3
9204 1
9205 1
9206 2
9207 0
9208 1
9209 0
9210 0
9211 0
9212 2
9213 2
9214 3
9215 0
9216 1
9217 0
9218 2
9219 2
9220 2
9221 1
9222 2
9223 0
9224 2
9225 4
9226 2
9227 3
9228 1
9229 0
9230 2
9231 1
9232 1
9233 1
9234 4
9235 2
9236 3
9237 2
9238 2
9239 2
9240 3
9241 1
9242 4
9243 4
9244 0
9245 3
9246 1
9247 1
9248 3
9249 1
9250 1
9251 3
9252 1
9253 2
9254 3
9255 1
9256 0
9257 2
9258 4
9259 3
9260 4
9261 2
9262 1
9263 1
9264 5
9265 3
9266 4
9267 2
9268 0
9269 2
9270 0
9271 2
9272 3
9273 2
9274 5
9275 1
9276 2
9277 2
9278 1
9279 1
9280 2
9281 2
9282 3
9283 0
9284 1
9285 1
9286 1
9287 2
9288 2
9289 2
9290 2
9291 2
9292 1
9293 1
9294 1
9295 0
9296 0
9297 1
9298 2
9299 1
9300 0
9301 2
9302 3
9303 1
9304 2
9305 3
9306 4
9307 6
9308 4
9309 0
9310 2
9311 3
9312 0
9313 2
9314 3
9315 2
9316 3
9317 3
9318 1
9319 4
9320 2
9321 2
9322 3
9323 1
9324 1
9325 1
9326 1
9327 2
9328 2
9329 2
9330 1
9331 0
9332 1
9333 1
9334 0
9335 4
9336 0
9337 2
9338 5
9339 4
9340 3
9341 3
9342 4
9343 2
9344 1
9345 5
9346 2
9347 0
9348 1
9349 2
9350 2
9351 1
9352 1
9353 4
9354 0
9355 0
9356 4
9357 1
9358 1
9359 1
9360 0
9361 1
9362 0
9363 3
9364 1
9365 2
9366 1
9367 3
9368 0
9369 3
9370 1
9371 2
9372 1
9373 3
9374 2
9375 2
9376 1
9377 3
9378 2
9379 0
9380 0
9381 4
9382 1
9383 2
9384 1
9385 3
9386 5
9387 2
9388 2
9389 0
9390 3
9391 3
9392 0
9393 0
9394 0
9395 2
9396 1
9397 3
9398 2
9399 5
9400 1
9401 3
9402 1
9403 2
9404 2
9405 1
9406 0
9407 4
9408 1
9409 4
9410 7
9411 3
9412 2
9413 2
9414 2
9415 1
9416 2
9417 1
9418 2
9419 4
9420 2
9421 5
9422 2
9423 2
9424 5
9425 1
9426 6
9427 3
9428 1
9429 3
9430 2
9431 1
9432 2
9433 0
9434 3
9435 2
9436 0
9437 2
9438 0
9439 1
9440 1
9441 0
9442 1
9443 2
9444 0
9445 2
9446 1
9447 3
9448 0
9449 1
9450 1
9451 1
9452 1
9453 1
9454 2
9455 2
9456 3
9457 4
9458 3
9459 2
9460 4
9461 2
9462 1
9463 2
9464 2
9465 2
9466 2
9467 3
9468 3
9469 0
9470 3
9471 1
9472 3
9473 1
9474 1
9475 0
9476 3
9477 1
9478 1
9479 1
9480 2
9481 2
9482 2
9483 3
9484 1
9485 0
9486 2
9487 3
9488 2
9489 3
9490 1
9491 1
9492 2
9493 1
9494 2
9495 1
9496 4
9497 2
9498 2
9499 4
9500 2
9501 4
9502 0
9503 1
9504 3
9505 1
9506 2
9507 2
9508 1
9509 1
9510 2
9511 2
9512 0
9513 1
9514 0
9515 1
9516 1
9517 1
9518 0
9519 0
9520 1
9521 3
9522 0
9523 0
9524 1
9525 1
9526 1
9527 0
9528 1
9529 1
9530 1
9531 2
9532 2
9533 2
9534 0
9535 0
9536 0
9537 1
9538 0
9539 3
9540 0
9541 2
9542 2
9543 0
9544 3
9545 1
9546 2
9547 2
9548 1
9549 2
9550 1
9551 3
9552 2
9553 1
9554 2
9555 2
9556 2
9557 0
9558 0
9559 3
9560 2
9561 2
9562 0
9563 0
9564 0
9565 2
9566 2
9567 3
9568 2
9569 3
9570 1
9571 5
9572 4
9573 5
9574 1
9575 0
9576 0
9577 2
9578 1
9579 0
9580 1
9581 1
9582 1
9583 3
9584 3
9585 1
9586 2
9587 0
9588 3
9589 0
9590 1
9591 2
9592 3
9593 0
9594 0
9595 2
9596 1
9597 0
9598 2
9599 3
9600 1
9601 1
9602 1
9603 1
9604 0
9605 1
9606 2
9607 1
9608 1
9609 3
9610 1
9611 0
9612 4
9613 3
9614 4
9615 2
9616 1
9617 1
9618 1
9619 1
9620 2
9621 2
9622 1
9623 2
9624 1
9625 0
9626 2
9627 3
9628 2
9629 2
9630 1
9631 2
9632 0
9633 3
9634 1
9635 0
9636 2
9637 1
9638 0
9639 2
9640 1
9641 2
9642 2
9643 1
9644 1
9645 0
9646 1
9647 1
9648 3
9649 2
9650 2
9651 2
9652 1
9653 2
9654 0
9655 2
9656 2
9657 5
9658 1
9659 1
9660 1
9661 0
9662 2
9663 1
9664 1
9665 1
9666 1
9667 1
9668 0
9669 0
9670 3
9671 3
9672 1
9673 1
9674 1
9675 0
9676 1
9677 1
9678 3
9679 0
9680 0
9681 0
9682 0
9683 2
9684 0
9685 1
9686 2
9687 0
9688 0
9689 1
9690 1
9691 2
9692 3
9693 0
9694 0
9695 1
9696 0
9697 0
9698 0
9699 1
9700 1
9701 2
9702 2
9703 2
9704 0
9705 1
9706 1
9707 2
9708 1
9709 1
9710 0
9711 0
9712 2
9713 1
9714 2
9715 3
9716 2
9717 0
9718 1
9719 2
9720 2
9721 2
9722 2
9723 0
9724 2
9725 1
9726 2
9727 1
9728 2
9729 1
9730 0
9731 2
9732 3
9733 2
9734 0
9735 1
9736 3
9737 2
9738 2
9739 1
9740 2
9741 0
9742 1
9743 1
9744 2
9745 2
9746 2
9747 1
9748 0
9749 2
9750 4
9751 3
9752 1
9753 1
9754 1
9755 0
9756 4
9757 0
9758 5
9759 3
9760 5
9761 4
9762 2
9763 1
9764 2
9765 5
9766 3
9767 4
9768 1
9769 3
9770 4
9771 3
9772 3
9773 0
9774 2
9775 3
9776 3
9777 1
9778 1
9779 2
9780 2
9781 1
9782 3
9783 6
9784 5
9785 4
9786 4
9787 1
9788 1
9789 2
9790 5
9791 3
9792 2
9793 3
9794 4
9795 0
9796 0
9797 1
9798 2
9799 2
9800 3
9801 1
9802 2
9803 6
9804 0
9805 2
9806 1
9807 3
9808 2
9809 1
9810 2
9811 2
9812 4
9813 2
9814 2
9815 3
9816 2
9817 2
9818 0
9819 3
9820 3
9821 4
9822 3
9823 5
9824 3
9825 1
9826 3
9827 3
9828 4
9829 2
9830 3
9831 2
9832 3
9833 0
9834 4
9835 2
9836 4
9837 2
9838 4
9839 1
9840 2
9841 3
9842 3
9843 0
9844 3
9845 2
9846 0
9847 5
9848 2
9849 7
9850 3
9851 2
9852 2
9853 3
9854 1
9855 1
9856 4
9857 4
9858 2
9859 5
9860 3
9861 3
9862 0
9863 2
9864 4
9865 1
9866 1
9867 1
9868 0
9869 1
9870 2
9871 0
9872 4
9873 0
9874 2
9875 5
9876 5
9877 3
9878 3
9879 1
9880 2
9881 1
9882 0
9883 1
9884 0
9885 1
9886 3
9887 2
9888 5
9889 4
9890 2
9891 1
9892 4
9893 2
9894 3
9895 2
9896 6
9897 3
9898 5
9899 3
9900 2
9901 1
9902 1
9903 2
9904 0
9905 5
9906 2
9907 1
9908 2
9909 2
9910 1
9911 3
9912 1
9913 3
9914 3
9915 1
9916 2
9917 2
9918 4
9919 3
9920 4
9921 1
9922 0
9923 2
9924 0
9925 1
9926 2
9927 2
9928 2
9929 3
9930 1
9931 2
9932 2
9933 1
9934 0
9935 1
9936 4
9937 2
9938 2
9939 7
9940 6
9941 4
9942 1
9943 2
9944 2
9945 4
9946 3
9947 1
9948 2
9949 7
9950 5
9951 6
9952 3
9953 3
9954 4
9955 1
9956 0
9957 1
9958 5
9959 2
9960 1
9961 1
9962 2
9963 2
9964 3
9965 2
9966 3
9967 0
9968 4
9969 5
9970 3
9971 6
9972 5
9973 2
9974 4
9975 2
9976 0
9977 2
9978 3
9979 4
9980 2
9981 2
9982 3
9983 3
9984 4
9985 3
9986 1
9987 5
9988 2
9989 5
9990 1
9991 5
9992 2
9993 3
9994 2
9995 1
9996 1
9997 1
9998 2
9999 1
10000 1
10001 4
