0 4
1 6
2 5
3 6
4 6
5 5
6 2
7 4
8 6
9 8
10 7
11 6
12 7
13 2
14 7
15 6
16 4
17 4
18 2
19 4
20 2
21 3
22 4
23 4
24 6
25 4
26 6
27 2
28 2
29 5
30 5
31 5
32 6
33 4
34 4
35 3
36 4
37 6
38 4
39 6
40 4
41 6
42 4
43 6
44 5
45 4
46 3
47 4
48 4
49 2
50 6
51 4
52 4
53 2
54 2
55 4
56 3
57 4
58 4
59 6
60 0
61 0
62 1
63 2
64 4
65 3
66 4
67 5
68 5
69 6
70 5
71 5
72 4
73 3
74 5
75 6
76 7
77 4
78 2
79 4
80 5
81 5
82 3
83 4
84 3
85 6
86 3
87 4
88 6
89 6
90 5
91 4
92 4
93 2
94 5
95 4
96 5
97 5
98 2
99 3
100 3
101 4
102 2
103 2
104 1
105 5
106 2
107 2
108 3
109 3
110 4
111 2
112 5
113 5
114 4
115 4
116 3
117 2
118 3
119 3
120 2
121 2
122 4
123 3
124 1
125 2
126 2
127 6
128 5
129 4
130 7
131 5
132 7
133 7
134 2
135 5
136 4
137 4
138 4
139 5
140 7
141 6
142 4
143 3
144 4
145 2
146 5
147 7
148 4
149 4
150 2
151 0
152 5
153 9
154 5
155 5
156 4
157 3
158 3
159 3
160 3
161 6
162 4
163 5
164 1
165 5
166 3
167 3
168 4
169 2
170 2
171 1
172 7
173 5
174 7
175 1
176 7
177 7
178 4
179 4
180 3
181 5
182 4
183 4
184 4
185 5
186 4
187 6
188 5
189 4
190 2
191 4
192 5
193 4
194 6
195 4
196 3
197 3
198 3
199 3
200 4
201 4
202 6
203 2
204 4
205 4
206 5
207 9
208 3
209 6
210 5
211 6
212 9
213 6
214 6
215 3
216 4
217 5
218 5
219 5
220 4
221 4
222 5
223 1
224 2
225 5
226 3
227 7
228 3
229 3
230 6
231 4
232 1
233 4
234 5
235 5
236 1
237 7
238 4
239 3
240 3
241 3
242 2
243 5
244 3
245 6
246 6
247 6
248 2
249 3
250 5
251 3
252 3
253 2
254 4
255 6
256 4
257 3
258 6
259 3
260 4
261 6
262 3
263 3
264 5
265 5
266 6
267 3
268 4
269 5
270 6
271 3
272 2
273 3
274 3
275 2
276 3
277 3
278 4
279 4
280 6
281 5
282 6
283 3
284 4
285 3
286 1
287 2
288 5
289 6
290 3
291 2
292 1
293 7
294 5
295 5
296 5
297 2
298 6
299 7
300 6
301 4
302 4
303 6
304 4
305 6
306 1
307 5
308 6
309 4
310 4
311 5
312 4
313 2
314 2
315 6
316 3
317 4
318 4
319 3
320 3
321 2
322 1
323 3
324 6
325 4
326 6
327 4
328 4
329 3
330 2
331 4
332 0
333 5
334 2
335 4
336 3
337 2
338 2
339 2
340 2
341 3
342 4
343 7
344 4
345 2
346 0
347 5
348 2
349 4
350 7
351 4
352 6
353 4
354 5
355 5
356 2
357 4
358 1
359 2
360 1
361 6
362 4
363 7
364 3
365 6
366 7
367 4
368 2
369 2
370 3
371 2
372 4
373 2
374 5
375 4
376 5
377 5
378 2
379 3
380 7
381 3
382 4
383 4
384 3
385 7
386 4
387 4
388 6
389 6
390 5
391 5
392 4
393 1
394 3
395 3
396 5
397 7
398 3
399 1
400 2
401 3
402 2
403 4
404 6
405 4
406 4
407 3
408 4
409 4
410 6
411 4
412 5
413 5
414 1
415 4
416 5
417 5
418 2
419 6
420 2
421 5
422 7
423 2
424 3
425 3
426 4
427 4
428 5
429 4
430 4
431 8
432 3
433 6
434 5
435 8
436 3
437 2
438 0
439 2
440 5
441 4
442 1
443 2
444 2
445 3
446 2
447 3
448 6
449 2
450 3
451 5
452 4
453 5
454 5
455 5
456 3
457 5
458 3
459 2
460 1
461 4
462 4
463 3
464 5
465 2
466 2
467 5
468 2
469 5
470 3
471 4
472 6
473 1
474 2
475 1
476 1
477 0
478 3
479 3
480 3
481 4
482 1
483 5
484 5
485 2
486 2
487 4
488 4
489 3
490 5
491 1
492 2
493 1
494 2
495 1
496 1
497 2
498 0
499 3
500 4
501 3
502 2
503 1
504 2
505 1
506 2
507 4
508 2
509 5
510 3
511 5
512 3
513 3
514 3
515 7
516 4
517 2
518 4
519 3
520 3
521 7
522 4
523 4
524 3
525 2
526 4
527 4
528 2
529 4
530 4
531 2
532 4
533 1
534 1
535 6
536 2
537 4
538 3
539 1
540 3
541 2
542 3
543 2
544 1
545 2
546 1
547 5
548 1
549 3
550 4
551 4
552 5
553 3
554 2
555 3
556 1
557 6
558 2
559 1
560 1
561 4
562 3
563 3
564 4
565 1
566 2
567 1
568 1
569 4
570 4
571 5
572 2
573 6
574 4
575 5
576 2
577 3
578 4
579 7
580 2
581 0
582 3
583 5
584 1
585 5
586 6
587 4
588 5
589 4
590 3
591 2
592 2
593 4
594 1
595 4
596 2
597 4
598 3
599 6
600 4
601 4
602 4
603 6
604 5
605 7
606 2
607 5
608 1
609 4
610 5
611 2
612 2
613 5
614 5
615 5
616 6
617 3
618 1
619 3
620 5
621 4
622 4
623 2
624 5
625 4
626 4
627 5
628 3
629 5
630 4
631 3
632 3
633 5
634 2
635 2
636 6
637 4
638 3
639 4
640 3
641 5
642 2
643 7
644 1
645 5
646 8
647 2
648 4
649 1
650 6
651 4
652 5
653 4
654 5
655 5
656 5
657 5
658 5
659 4
660 4
661 1
662 1
663 6
664 5
665 3
666 1
667 6
668 6
669 5
670 5
671 3
672 2
673 3
674 1
675 4
676 1
677 7
678 6
679 5
680 4
681 5
682 3
683 6
684 3
685 4
686 3
687 3
688 6
689 6
690 5
691 2
692 4
693 4
694 3
695 2
696 6
697 5
698 5
699 4
700 3
701 6
702 3
703 4
704 4
705 1
706 5
707 6
708 3
709 2
710 3
711 3
712 0
713 5
714 5
715 3
716 5
717 4
718 5
719 4
720 3
721 2
722 1
723 3
724 3
725 2
726 3
727 5
728 3
729 2
730 2
731 3
732 5
733 1
734 3
735 8
736 4
737 4
738 5
739 2
740 5
741 2
742 4
743 2
744 5
745 2
746 2
747 1
748 3
749 3
750 1
751 3
752 3
753 3
754 4
755 3
756 3
757 3
758 3
759 4
760 3
761 2
762 3
763 0
764 3
765 4
766 1
767 4
768 3
769 2
770 7
771 5
772 5
773 2
774 5
775 3
776 3
777 2
778 3
779 1
780 2
781 2
782 4
783 3
784 3
785 4
786 6
787 6
788 3
789 3
790 3
791 2
792 5
793 3
794 3
795 1
796 4
797 3
798 3
799 4
800 4
801 0
802 4
803 4
804 5
805 2
806 3
807 2
808 5
809 2
810 2
811 3
812 1
813 3
814 3
815 2
816 2
817 4
818 4
819 3
820 3
821 2
822 1
823 4
824 3
825 5
826 5
827 2
828 4
829 2
830 2
831 4
832 5
833 3
834 3
835 5
836 1
837 3
838 5
839 5
840 1
841 5
842 5
843 3
844 2
845 4
846 5
847 4
848 6
849 5
850 3
851 0
852 1
853 1
854 4
855 2
856 6
857 5
858 5
859 4
860 3
861 6
862 5
863 5
864 7
865 1
866 5
867 3
868 3
869 6
870 2
871 3
872 1
873 2
874 3
875 4
876 5
877 4
878 4
879 3
880 7
881 5
882 3
883 3
884 2
885 4
886 7
887 7
888 4
889 2
890 5
891 5
892 5
893 4
894 6
895 3
896 6
897 3
898 6
899 2
900 1
901 3
902 2
903 4
904 4
905 6
906 4
907 3
908 2
909 6
910 4
911 5
912 3
913 2
914 2
915 5
916 5
917 3
918 1
919 4
920 6
921 7
922 6
923 4
924 4
925 1
926 5
927 4
928 4
929 5
930 4
931 5
932 6
933 7
934 7
935 6
936 3
937 6
938 5
939 2
940 5
941 5
942 3
943 5
944 1
945 6
946 6
947 5
948 3
949 5
950 2
951 7
952 2
953 4
954 4
955 3
956 5
957 6
958 5
959 5
960 3
961 6
962 2
963 5
964 4
965 4
966 3
967 5
968 3
969 3
970 2
971 3
972 5
973 5
974 3
975 4
976 4
977 4
978 7
979 5
980 3
981 4
982 3
983 3
984 5
985 4
986 4
987 2
988 6
989 3
990 6
991 1
992 4
993 6
994 3
995 2
996 5
997 7
998 5
999 2
1000 2
1001 6
1002 2
1003 4
1004 4
1005 6
1006 3
1007 5
1008 3
1009 2
1010 4
1011 2
1012 2
1013 3
1014 2
1015 2
1016 5
1017 6
1018 3
1019 4
1020 3
1021 4
1022 4
1023 4
1024 3
1025 3
1026 5
1027 6
1028 4
1029 10
1030 4
1031 5
1032 4
1033 4
1034 4
1035 5
1036 3
1037 3
1038 3
1039 5
1040 5
1041 7
1042 6
1043 6
1044 3
1045 3
1046 2
1047 4
1048 3
1049 5
1050 3
1051 5
1052 5
1053 3
1054 6
1055 5
1056 6
1057 4
1058 4
1059 3
1060 0
1061 2
1062 5
1063 2
1064 4
1065 5
1066 4
1067 6
1068 6
1069 3
1070 4
1071 1
1072 8
1073 7
1074 2
1075 5
1076 4
1077 6
1078 2
1079 1
1080 4
1081 2
1082 6
1083 8
1084 3
1085 5
1086 8
1087 2
1088 7
1089 5
1090 3
1091 5
1092 7
1093 6
1094 6
1095 2
1096 8
1097 3
1098 4
1099 4
1100 6
1101 0
1102 5
1103 4
1104 5
1105 5
1106 6
1107 4
1108 3
1109 2
1110 2
1111 5
1112 5
1113 4
1114 4
1115 5
1116 7
1117 3
1118 7
1119 6
1120 3
1121 6
1122 6
1123 6
1124 8
1125 6
1126 4
1127 5
1128 4
1129 4
1130 2
1131 8
1132 4
1133 9
1134 4
1135 6
1136 4
1137 3
1138 5
1139 5
1140 4
1141 3
1142 3
1143 5
1144 4
1145 5
1146 4
1147 5
1148 3
1149 5
1150 5
1151 2
1152 2
1153 6
1154 3
1155 5
1156 7
1157 6
1158 2
1159 6
1160 3
1161 3
1162 4
1163 4
1164 3
1165 2
1166 3
1167 6
1168 3
1169 7
1170 2
1171 2
1172 5
1173 5
1174 3
1175 3
1176 3
1177 6
1178 5
1179 3
1180 4
1181 4
1182 4
1183 4
1184 4
1185 3
1186 7
1187 5
1188 7
1189 3
1190 8
1191 6
1192 4
1193 6
1194 4
1195 4
1196 2
1197 1
1198 2
1199 4
1200 3
1201 5
1202 6
1203 4
1204 3
1205 4
1206 3
1207 6
1208 6
1209 6
1210 5
1211 2
1212 6
1213 4
1214 2
1215 5
1216 2
1217 5
1218 5
1219 5
1220 5
1221 2
1222 0
1223 3
1224 0
1225 7
1226 3
1227 4
1228 5
1229 7
1230 5
1231 5
1232 5
1233 3
1234 7
1235 4
1236 3
1237 4
1238 4
1239 1
1240 6
1241 5
1242 3
1243 4
1244 6
1245 5
1246 7
1247 3
1248 3
1249 2
1250 2
1251 4
1252 3
1253 2
1254 3
1255 3
1256 3
1257 3
1258 6
1259 4
1260 2
1261 7
1262 2
1263 4
1264 4
1265 3
1266 5
1267 4
1268 3
1269 4
1270 3
1271 8
1272 6
1273 2
1274 2
1275 6
1276 6
1277 6
1278 3
1279 7
1280 3
1281 2
1282 6
1283 2
1284 5
1285 3
1286 5
1287 4
1288 6
1289 2
1290 6
1291 9
1292 3
1293 4
1294 4
1295 4
1296 4
1297 2
1298 7
1299 4
1300 4
1301 4
1302 5
1303 6
1304 5
1305 4
1306 7
1307 3
1308 3
1309 5
1310 5
1311 5
1312 5
1313 6
1314 3
1315 5
1316 5
1317 2
1318 4
1319 3
1320 3
1321 5
1322 7
1323 7
1324 6
1325 1
1326 5
1327 1
1328 3
1329 2
1330 2
1331 4
1332 4
1333 3
1334 4
1335 4
1336 4
1337 3
1338 4
1339 4
1340 4
1341 5
1342 4
1343 1
1344 7
1345 1
1346 3
1347 4
1348 7
1349 5
1350 2
1351 5
1352 3
1353 2
1354 1
1355 5
1356 3
1357 5
1358 2
1359 3
1360 5
1361 4
1362 3
1363 5
1364 4
1365 5
1366 1
1367 4
1368 5
1369 1
1370 2
1371 1
1372 5
1373 3
1374 7
1375 1
1376 4
1377 4
1378 0
1379 3
1380 2
1381 3
1382 2
1383 5
1384 5
1385 4
1386 5
1387 2
1388 3
1389 5
1390 3
1391 1
1392 5
1393 5
1394 3
1395 2
1396 3
1397 5
1398 4
1399 3
1400 2
1401 5
1402 2
1403 6
1404 3
1405 3
1406 7
1407 3
1408 3
1409 4
1410 5
1411 6
1412 7
1413 5
1414 5
1415 5
1416 5
1417 4
1418 7
1419 3
1420 3
1421 4
1422 4
1423 4
1424 4
1425 4
1426 6
1427 4
1428 2
1429 4
1430 5
1431 3
1432 2
1433 4
1434 3
1435 4
1436 2
1437 3
1438 5
1439 4
1440 4
1441 3
1442 7
1443 4
1444 3
1445 7
1446 3
1447 5
1448 5
1449 6
1450 8
1451 5
1452 3
1453 3
1454 6
1455 6
1456 8
1457 5
1458 4
1459 2
1460 3
1461 2
1462 7
1463 7
1464 9
1465 5
1466 2
1467 5
1468 6
1469 5
1470 5
1471 0
1472 5
1473 2
1474 7
1475 4
1476 5
1477 2
1478 6
1479 4
1480 3
1481 4
1482 5
1483 3
1484 4
1485 4
1486 4
1487 8
1488 5
1489 5
1490 3
1491 3
1492 6
1493 6
1494 7
1495 3
1496 10
1497 5
1498 4
1499 4
1500 3
1501 3
1502 5
1503 4
1504 3
1505 3
1506 3
1507 4
1508 4
1509 3
1510 3
1511 2
1512 2
1513 4
1514 6
1515 5
1516 5
1517 9
1518 5
1519 4
1520 6
1521 5
1522 5
1523 3
1524 5
1525 1
1526 2
1527 4
1528 5
1529 6
1530 4
1531 4
1532 4
1533 5
1534 7
1535 6
1536 5
1537 3
1538 4
1539 5
1540 5
1541 7
1542 5
1543 6
1544 5
1545 6
1546 4
1547 5
1548 6
1549 6
1550 9
1551 5
1552 5
1553 6
1554 4
1555 2
1556 9
1557 1
1558 4
1559 5
1560 2
1561 4
1562 6
1563 2
1564 3
1565 6
1566 8
1567 3
1568 3
1569 3
1570 5
1571 3
1572 4
1573 4
1574 4
1575 7
1576 5
1577 2
1578 4
1579 6
1580 3
1581 0
1582 6
1583 3
1584 4
1585 4
1586 6
1587 4
1588 1
1589 5
1590 3
1591 5
1592 5
1593 2
1594 1
1595 6
1596 4
1597 4
1598 5
1599 4
1600 5
1601 5
1602 2
1603 7
1604 4
1605 6
1606 6
1607 6
1608 6
1609 4
1610 4
1611 6
1612 2
1613 6
1614 3
1615 10
1616 4
1617 4
1618 3
1619 7
1620 5
1621 8
1622 3
1623 7
1624 3
1625 7
1626 3
1627 7
1628 6
1629 3
1630 4
1631 4
1632 4
1633 3
1634 4
1635 3
1636 2
1637 9
1638 5
1639 5
1640 4
1641 6
1642 4
1643 5
1644 10
1645 6
1646 5
1647 6
1648 4
1649 9
1650 4
1651 5
1652 5
1653 4
1654 6
1655 6
1656 4
1657 4
1658 3
1659 3
1660 3
1661 2
1662 5
1663 6
1664 4
1665 6
1666 5
1667 7
1668 4
1669 3
1670 2
1671 4
1672 8
1673 3
1674 5
1675 4
1676 7
1677 5
1678 4
1679 7
1680 2
1681 5
1682 6
1683 3
1684 6
1685 4
1686 5
1687 5
1688 6
1689 5
1690 6
1691 2
1692 4
1693 5
1694 6
1695 7
1696 4
1697 4
1698 4
1699 3
1700 4
1701 4
1702 4
1703 2
1704 4
1705 6
1706 3
1707 5
1708 5
1709 4
1710 4
1711 7
1712 5
1713 6
1714 4
1715 4
1716 5
1717 5
1718 3
1719 5
1720 3
1721 2
1722 4
1723 4
1724 4
1725 5
1726 2
1727 6
1728 7
1729 6
1730 6
1731 6
1732 4
1733 5
1734 3
1735 5
1736 2
1737 8
1738 7
1739 4
1740 3
1741 3
1742 4
1743 6
1744 4
1745 1
1746 6
1747 4
1748 2
1749 6
1750 8
1751 6
1752 5
1753 4
1754 5
1755 5
1756 3
1757 1
1758 5
1759 5
1760 1
1761 2
1762 1
1763 1
1764 3
1765 3
1766 4
1767 4
1768 4
1769 5
1770 2
1771 4
1772 5
1773 2
1774 3
1775 3
1776 3
1777 2
1778 2
1779 1
1780 3
1781 4
1782 3
1783 3
1784 5
1785 7
1786 6
1787 9
1788 4
1789 1
1790 7
1791 2
1792 6
1793 4
1794 6
1795 3
1796 4
1797 3
1798 4
1799 2
1800 3
1801 2
1802 2
1803 5
1804 5
1805 7
1806 5
1807 4
1808 0
1809 1
1810 4
1811 4
1812 5
1813 4
1814 4
1815 2
1816 1
1817 3
1818 3
1819 3
1820 2
1821 3
1822 5
1823 0
1824 2
1825 4
1826 4
1827 3
1828 4
1829 6
1830 5
1831 4
1832 3
1833 4
1834 5
1835 3
1836 3
1837 4
1838 7
1839 5
1840 5
1841 5
1842 7
1843 4
1844 3
1845 4
1846 4
1847 4
1848 3
1849 8
1850 5
1851 5
1852 4
1853 1
1854 5
1855 2
1856 3
1857 3
1858 7
1859 4
1860 3
1861 2
1862 5
1863 7
1864 4
1865 4
1866 6
1867 3
1868 5
1869 4
1870 7
1871 6
1872 6
1873 4
1874 6
1875 5
1876 5
1877 5
1878 7
1879 7
1880 7
1881 1
1882 2
1883 6
1884 1
1885 2
1886 6
1887 7
1888 6
1889 4
1890 3
1891 5
1892 2
1893 3
1894 5
1895 6
1896 0
1897 5
1898 5
1899 5
1900 6
1901 3
1902 6
1903 2
1904 7
1905 7
1906 6
1907 3
1908 5
1909 6
1910 7
1911 4
1912 6
1913 4
1914 7
1915 5
1916 3
1917 3
1918 6
1919 6
1920 3
1921 4
1922 6
1923 6
1924 3
1925 3
1926 5
1927 3
1928 4
1929 5
1930 5
1931 4
1932 4
1933 5
1934 1
1935 2
1936 5
1937 4
1938 4
1939 5
1940 8
1941 5
1942 4
1943 6
1944 6
1945 7
1946 7
1947 6
1948 4
1949 4
1950 4
1951 4
1952 2
1953 4
1954 5
1955 7
1956 4
1957 4
1958 7
1959 6
1960 7
1961 6
1962 4
1963 6
1964 2
1965 3
1966 2
1967 7
1968 6
1969 6
1970 4
1971 3
1972 2
1973 5
1974 2
1975 4
1976 0
1977 2
1978 5
1979 8
1980 4
1981 5
1982 8
1983 7
1984 5
1985 4
1986 8
1987 6
1988 2
1989 5
1990 5
1991 5
1992 6
1993 4
1994 5
1995 4
1996 8
1997 5
1998 2
1999 3
2000 1
2001 3
2002 4
2003 3
2004 0
2005 2
2006 4
2007 4
2008 7
2009 3
2010 2
2011 2
2012 2
2013 2
2014 4
2015 0
2016 3
2017 4
2018 3
2019 3
2020 6
2021 1
2022 5
2023 4
2024 2
2025 4
2026 3
2027 5
2028 1
2029 4
2030 5
2031 5
2032 6
2033 6
2034 5
2035 3
2036 7
2037 5
2038 7
2039 10
2040 5
2041 6
2042 3
2043 6
2044 3
2045 6
2046 4
2047 5
2048 5
2049 1
2050 4
2051 3
2052 5
2053 2
2054 4
2055 5
2056 4
2057 7
2058 5
2059 6
2060 3
2061 4
2062 6
2063 5
2064 7
2065 3
2066 5
2067 2
2068 6
2069 2
2070 3
2071 7
2072 3
2073 1
2074 4
2075 5
2076 8
2077 4
2078 4
2079 6
2080 4
2081 2
2082 6
2083 3
2084 7
2085 5
2086 4
2087 1
2088 2
2089 1
2090 6
2091 3
2092 4
2093 6
2094 3
2095 5
2096 3
2097 5
2098 2
2099 6
2100 2
2101 5
2102 3
2103 5
2104 6
2105 3
2106 3
2107 2
2108 4
2109 3
2110 7
2111 4
2112 3
2113 5
2114 5
2115 4
2116 5
2117 4
2118 5
2119 1
2120 2
2121 3
2122 2
2123 6
2124 5
2125 4
2126 6
2127 5
2128 1
2129 5
2130 4
2131 6
2132 5
2133 2
2134 2
2135 5
2136 2
2137 0
2138 4
2139 3
2140 3
2141 5
2142 3
2143 3
2144 2
2145 7
2146 3
2147 3
2148 4
2149 1
2150 2
2151 5
2152 4
2153 7
2154 1
2155 1
2156 3
2157 2
2158 3
2159 5
2160 3
2161 0
2162 3
2163 2
2164 3
2165 1
2166 6
2167 4
2168 3
2169 5
2170 4
2171 2
2172 4
2173 4
2174 3
2175 4
2176 2
2177 4
2178 4
2179 2
2180 6
2181 3
2182 3
2183 4
2184 3
2185 3
2186 3
2187 5
2188 5
2189 6
2190 3
2191 3
2192 3
2193 4
2194 2
2195 3
2196 3
2197 4
2198 4
2199 6
2200 6
2201 3
2202 8
2203 4
2204 3
2205 4
2206 6
2207 5
2208 2
2209 4
2210 6
2211 3
2212 5
2213 5
2214 2
2215 10
2216 4
2217 2
2218 7
2219 1
2220 7
2221 5
2222 4
2223 4
2224 5
2225 4
2226 6
2227 1
2228 3
2229 4
2230 6
2231 5
2232 4
2233 3
2234 4
2235 3
2236 3
2237 5
2238 4
2239 4
2240 2
2241 4
2242 4
2243 2
2244 5
2245 6
2246 3
2247 5
2248 6
2249 2
2250 6
2251 0
2252 8
2253 3
2254 6
2255 4
2256 4
2257 2
2258 3
2259 5
2260 3
2261 6
2262 4
2263 2
2264 3
2265 5
2266 3
2267 4
2268 1
2269 2
2270 3
2271 4
2272 3
2273 3
2274 3
2275 4
2276 6
2277 4
2278 4
2279 6
2280 3
2281 4
2282 2
2283 5
2284 3
2285 4
2286 5
2287 6
2288 7
2289 4
2290 4
2291 4
2292 1
2293 6
2294 5
2295 2
2296 3
2297 2
2298 4
2299 3
2300 4
2301 7
2302 4
2303 6
2304 5
2305 3
2306 7
2307 2
2308 4
2309 5
2310 3
2311 4
2312 6
2313 2
2314 2
2315 5
2316 2
2317 5
2318 6
2319 5
2320 5
2321 6
2322 4
2323 1
2324 6
2325 3
2326 5
2327 2
2328 4
2329 0
2330 4
2331 5
2332 0
2333 4
2334 4
2335 3
2336 5
2337 2
2338 5
2339 2
2340 7
2341 2
2342 4
2343 4
2344 2
2345 3
2346 2
2347 3
2348 1
2349 4
2350 3
2351 3
2352 4
2353 3
2354 3
2355 5
2356 5
2357 1
2358 3
2359 3
2360 4
2361 5
2362 3
2363 1
2364 6
2365 4
2366 3
2367 5
2368 6
2369 5
2370 3
2371 4
2372 3
2373 2
2374 4
2375 2
2376 6
2377 4
2378 4
2379 2
2380 5
2381 3
2382 2
2383 5
2384 4
2385 6
2386 7
2387 6
2388 6
2389 4
2390 3
2391 4
2392 5
2393 8
2394 4
2395 4
2396 3
2397 4
2398 5
2399 3
2400 3
2401 5
2402 5
2403 7
2404 5
2405 7
2406 5
2407 5
2408 3
2409 3
2410 2
2411 7
2412 7
2413 2
2414 4
2415 3
2416 4
2417 2
2418 4
2419 4
2420 1
2421 5
2422 3
2423 5
2424 2
2425 4
2426 3
2427 2
2428 4
2429 4
2430 3
2431 3
2432 2
2433 4
2434 2
2435 6
2436 5
2437 4
2438 1
2439 6
2440 5
2441 4
2442 2
2443 6
2444 2
2445 4
2446 8
2447 2
2448 4
2449 1
2450 6
2451 7
2452 4
2453 4
2454 4
2455 2
2456 3
2457 4
2458 5
2459 5
2460 4
2461 3
2462 3
2463 3
2464 5
2465 0
2466 2
2467 6
2468 5
2469 4
2470 1
2471 2
2472 2
2473 3
2474 6
2475 7
2476 4
2477 4
2478 4
2479 3
2480 1
2481 6
2482 5
2483 5
2484 6
2485 3
2486 5
2487 4
2488 3
2489 4
2490 2
2491 4
2492 3
2493 3
2494 5
2495 2
2496 2
2497 3
2498 3
2499 5
2500 7
2501 6
2502 6
2503 5
2504 5
2505 4
2506 7
2507 1
2508 6
2509 5
2510 5
2511 1
2512 4
2513 3
2514 1
2515 3
2516 5
2517 1
2518 0
2519 4
2520 5
2521 3
2522 4
2523 3
2524 7
2525 8
2526 9
2527 8
2528 5
2529 3
2530 5
2531 3
2532 4
2533 4
2534 2
2535 1
2536 5
2537 4
2538 8
2539 6
2540 6
2541 2
2542 7
2543 5
2544 4
2545 5
2546 6
2547 5
2548 3
2549 2
2550 2
2551 3
2552 5
2553 7
2554 1
2555 4
2556 5
2557 6
2558 2
2559 4
2560 5
2561 6
2562 5
2563 3
2564 5
2565 4
2566 3
2567 2
2568 3
2569 3
2570 2
2571 4
2572 5
2573 4
2574 5
2575 2
2576 4
2577 1
2578 3
2579 0
2580 4
2581 4
2582 4
2583 5
2584 4
2585 5
2586 6
2587 6
2588 5
2589 5
2590 2
2591 6
2592 2
2593 1
2594 4
2595 5
2596 6
2597 5
2598 5
2599 7
2600 3
2601 2
2602 5
2603 7
2604 6
2605 2
2606 2
2607 3
2608 2
2609 2
2610 2
2611 3
2612 1
2613 3
2614 4
2615 4
2616 2
2617 2
2618 9
2619 4
2620 7
2621 5
2622 4
2623 5
2624 4
2625 6
2626 4
2627 4
2628 6
2629 3
2630 4
2631 1
2632 4
2633 7
2634 5
2635 4
2636 1
2637 5
2638 5
2639 5
2640 5
2641 6
2642 2
2643 4
2644 5
2645 4
2646 5
2647 6
2648 5
2649 0
2650 3
2651 3
2652 6
2653 3
2654 2
2655 6
2656 3
2657 5
2658 4
2659 6
2660 5
2661 7
2662 7
2663 4
2664 4
2665 3
2666 4
2667 3
2668 2
2669 3
2670 3
2671 5
2672 4
2673 6
2674 2
2675 5
2676 5
2677 5
2678 4
2679 1
2680 2
2681 2
2682 2
2683 5
2684 5
2685 6
2686 3
2687 4
2688 4
2689 4
2690 4
2691 3
2692 2
2693 2
2694 2
2695 7
2696 2
2697 1
2698 6
2699 4
2700 5
2701 3
2702 3
2703 2
2704 4
2705 5
2706 2
2707 3
2708 5
2709 2
2710 3
2711 5
2712 4
2713 4
2714 3
2715 1
2716 3
2717 6
2718 7
2719 2
2720 3
2721 3
2722 3
2723 2
2724 10
2725 5
2726 8
2727 4
2728 3
2729 4
2730 4
2731 5
2732 2
2733 6
2734 5
2735 2
2736 2
2737 4
2738 8
2739 3
2740 3
2741 4
2742 3
2743 6
2744 4
2745 5
2746 4
2747 2
2748 4
2749 5
2750 6
2751 4
2752 4
2753 4
2754 6
2755 5
2756 4
2757 6
2758 4
2759 5
2760 6
2761 5
2762 4
2763 3
2764 7
2765 4
2766 5
2767 6
2768 3
2769 2
2770 2
2771 2
2772 4
2773 1
2774 2
2775 3
2776 4
2777 5
2778 4
2779 4
2780 4
2781 4
2782 2
2783 5
2784 7
2785 3
2786 6
2787 5
2788 5
2789 3
2790 5
2791 2
2792 1
2793 3
2794 5
2795 3
2796 6
2797 3
2798 5
2799 3
2800 3
2801 5
2802 6
2803 6
2804 5
2805 6
2806 1
2807 3
2808 1
2809 5
2810 3
2811 4
2812 6
2813 5
2814 4
2815 4
2816 1
2817 4
2818 3
2819 2
2820 3
2821 5
2822 5
2823 5
2824 6
2825 4
2826 5
2827 1
2828 4
2829 3
2830 4
2831 0
2832 1
2833 3
2834 2
2835 3
2836 7
2837 5
2838 3
2839 5
2840 5
2841 3
2842 4
2843 2
2844 4
2845 2
2846 4
2847 2
2848 2
2849 3
2850 5
2851 2
2852 6
2853 4
2854 5
2855 3
2856 1
2857 6
2858 6
2859 3
2860 4
2861 2
2862 5
2863 3
2864 2
2865 1
2866 4
2867 7
2868 2
2869 4
2870 6
2871 3
2872 7
2873 6
2874 4
2875 3
2876 3
2877 5
2878 4
2879 2
2880 5
2881 1
2882 3
2883 7
2884 6
2885 5
2886 2
2887 3
2888 3
2889 3
2890 2
2891 2
2892 2
2893 2
2894 6
2895 2
2896 3
2897 3
2898 3
2899 4
2900 7
2901 3
2902 2
2903 5
2904 4
2905 4
2906 3
2907 1
2908 5
2909 0
2910 4
2911 2
2912 0
2913 7
2914 5
2915 2
2916 4
2917 5
2918 3
2919 5
2920 4
2921 3
2922 2
2923 2
2924 2
2925 5
2926 6
2927 8
2928 6
2929 2
2930 3
2931 1
2932 5
2933 4
2934 4
2935 1
2936 3
2937 8
2938 0
2939 9
2940 3
2941 4
2942 5
2943 4
2944 4
2945 2
2946 4
2947 1
2948 4
2949 1
2950 3
2951 4
2952 4
2953 3
2954 1
2955 4
2956 4
2957 4
2958 9
2959 6
2960 1
2961 4
2962 3
2963 5
2964 2
2965 2
2966 5
2967 5
2968 4
2969 3
2970 5
2971 1
2972 4
2973 5
2974 3
2975 5
2976 6
2977 3
2978 2
2979 2
2980 3
2981 5
2982 4
2983 2
2984 2
2985 3
2986 5
2987 4
2988 2
2989 1
2990 3
2991 5
2992 5
2993 4
2994 4
2995 5
2996 1
2997 1
2998 5
2999 1
3000 5
3001 6
3002 5
3003 4
3004 5
3005 4
3006 8
3007 5
3008 4
3009 3
3010 4
3011 0
3012 3
3013 5
3014 1
3015 4
3016 6
3017 5
3018 7
3019 6
3020 6
3021 6
3022 4
3023 5
3024 3
3025 4
3026 4
3027 3
3028 5
3029 6
3030 6
3031 6
3032 3
3033 6
3034 10
3035 6
3036 6
3037 4
3038 5
3039 4
3040 2
3041 2
3042 6
3043 3
3044 6
3045 5
3046 3
3047 3
3048 4
3049 3
3050 6
3051 4
3052 3
3053 6
3054 5
3055 4
3056 3
3057 6
3058 5
3059 8
3060 4
3061 0
3062 4
3063 8
3064 6
3065 4
3066 7
3067 4
3068 4
3069 4
3070 4
3071 7
3072 3
3073 3
3074 1
3075 1
3076 5
3077 4
3078 7
3079 6
3080 6
3081 4
3082 7
3083 4
3084 4
3085 3
3086 3
3087 3
3088 4
3089 3
3090 2
3091 3
3092 4
3093 2
3094 3
3095 5
3096 3
3097 4
3098 1
3099 4
3100 4
3101 0
3102 2
3103 4
3104 4
3105 2
3106 0
3107 4
3108 4
3109 4
3110 3
3111 5
3112 3
3113 5
3114 4
3115 5
3116 2
3117 4
3118 3
3119 2
3120 8
3121 6
3122 4
3123 3
3124 5
3125 3
3126 3
3127 4
3128 5
3129 4
3130 1
3131 6
3132 6
3133 5
3134 2
3135 6
3136 4
3137 3
3138 6
3139 7
3140 3
3141 1
3142 5
3143 3
3144 5
3145 4
3146 4
3147 5
3148 4
3149 2
3150 5
3151 2
3152 4
3153 7
3154 4
3155 4
3156 3
3157 0
3158 2
3159 6
3160 3
3161 1
3162 2
3163 4
3164 3
3165 6
3166 4
3167 4
3168 3
3169 4
3170 8
3171 1
3172 5
3173 5
3174 3
3175 2
3176 3
3177 4
3178 3
3179 4
3180 4
3181 0
3182 2
3183 5
3184 1
3185 3
3186 4
3187 3
3188 2
3189 2
3190 1
3191 4
3192 1
3193 7
3194 3
3195 3
3196 6
3197 3
3198 4
3199 5
3200 6
3201 4
3202 5
3203 7
3204 3
3205 5
3206 4
3207 0
3208 3
3209 3
3210 3
3211 1
3212 4
3213 4
3214 4
3215 5
3216 5
3217 4
3218 2
3219 3
3220 5
3221 3
3222 1
3223 5
3224 2
3225 5
3226 5
3227 3
3228 4
3229 5
3230 3
3231 3
3232 4
3233 1
3234 5
3235 2
3236 4
3237 4
3238 5
3239 6
3240 5
3241 2
3242 3
3243 2
3244 3
3245 1
3246 3
3247 2
3248 6
3249 3
3250 2
3251 2
3252 3
3253 3
3254 4
3255 4
3256 2
3257 3
3258 4
3259 5
3260 7
3261 3
3262 2
3263 5
3264 4
3265 2
3266 5
3267 5
3268 4
3269 4
3270 5
3271 8
3272 5
3273 4
3274 7
3275 4
3276 3
3277 6
3278 4
3279 5
3280 5
3281 5
3282 5
3283 6
3284 5
3285 3
3286 4
3287 8
3288 5
3289 5
3290 4
3291 0
3292 3
3293 4
3294 4
3295 4
3296 5
3297 5
3298 1
3299 0
3300 2
3301 3
3302 3
3303 6
3304 2
3305 4
3306 5
3307 3
3308 2
3309 6
3310 6
3311 5
3312 3
3313 5
3314 4
3315 6
3316 8
3317 7
3318 5
3319 3
3320 4
3321 3
3322 5
3323 4
3324 5
3325 6
3326 4
3327 6
3328 4
3329 4
3330 6
3331 4
3332 5
3333 5
3334 3
3335 5
3336 5
3337 4
3338 3
3339 6
3340 7
3341 5
3342 6
3343 4
3344 5
3345 2
3346 4
3347 6
3348 5
3349 5
3350 3
3351 6
3352 3
3353 5
3354 4
3355 1
3356 3
3357 6
3358 3
3359 5
3360 5
3361 2
3362 4
3363 5
3364 5
3365 2
3366 7
3367 4
3368 4
3369 6
3370 1
3371 3
3372 7
3373 2
3374 3
3375 4
3376 7
3377 5
3378 6
3379 7
3380 5
3381 5
3382 1
3383 3
3384 4
3385 3
3386 4
3387 7
3388 4
3389 4
3390 3
3391 3
3392 5
3393 5
3394 6
3395 6
3396 3
3397 3
3398 2
3399 2
3400 3
3401 2
3402 6
3403 7
3404 3
3405 5
3406 6
3407 6
3408 3
3409 3
3410 4
3411 4
3412 4
3413 4
3414 4
3415 4
3416 8
3417 3
3418 1
3419 4
3420 5
3421 8
3422 5
3423 4
3424 3
3425 5
3426 8
3427 7
3428 5
3429 5
3430 6
3431 6
3432 5
3433 5
3434 3
3435 4
3436 5
3437 3
3438 4
3439 6
3440 4
3441 3
3442 3
3443 3
3444 3
3445 1
3446 4
3447 4
3448 3
3449 4
3450 5
3451 4
3452 5
3453 4
3454 4
3455 1
3456 1
3457 2
3458 1
3459 2
3460 1
3461 5
3462 2
3463 1
3464 4
3465 4
3466 4
3467 4
3468 3
3469 1
3470 5
3471 4
3472 2
3473 6
3474 6
3475 5
3476 4
3477 4
3478 3
3479 2
3480 3
3481 4
3482 4
3483 7
3484 2
3485 2
3486 5
3487 3
3488 3
3489 2
3490 6
3491 4
3492 5
3493 5
3494 1
3495 6
3496 2
3497 4
3498 4
3499 4
3500 4
3501 2
3502 2
3503 5
3504 2
3505 5
3506 5
3507 6
3508 3
3509 5
3510 4
3511 4
3512 5
3513 3
3514 4
3515 5
3516 5
3517 3
3518 5
3519 7
3520 6
3521 2
3522 4
3523 5
3524 0
3525 4
3526 4
3527 2
3528 5
3529 5
3530 6
3531 3
3532 3
3533 2
3534 4
3535 1
3536 6
3537 7
3538 3
3539 6
3540 5
3541 5
3542 2
3543 2
3544 7
3545 5
3546 6
3547 4
3548 4
3549 3
3550 7
3551 4
3552 2
3553 1
3554 4
3555 5
3556 4
3557 3
3558 2
3559 4
3560 5
3561 3
3562 2
3563 4
3564 3
3565 4
3566 3
3567 2
3568 5
3569 4
3570 3
3571 4
3572 3
3573 6
3574 3
3575 2
3576 5
3577 3
3578 4
3579 5
3580 3
3581 1
3582 3
3583 5
3584 3
3585 5
3586 6
3587 2
3588 3
3589 4
3590 6
3591 1
3592 4
3593 1
3594 2
3595 3
3596 2
3597 3
3598 2
3599 3
3600 4
3601 3
3602 2
3603 2
3604 2
3605 3
3606 5
3607 2
3608 3
3609 4
3610 3
3611 5
3612 2
3613 5
3614 3
3615 2
3616 3
3617 4
3618 4
3619 4
3620 6
3621 7
3622 4
3623 6
3624 7
3625 5
3626 4
3627 8
3628 3
3629 2
3630 4
3631 4
3632 5
3633 5
3634 3
3635 2
3636 6
3637 3
3638 4
3639 2
3640 3
3641 4
3642 4
3643 4
3644 3
3645 3
3646 4
3647 7
3648 0
3649 6
3650 2
3651 1
3652 4
3653 5
3654 7
3655 5
3656 2
3657 2
3658 3
3659 4
3660 4
3661 2
3662 2
3663 4
3664 2
3665 4
3666 7
3667 3
3668 6
3669 4
3670 4
3671 3
3672 7
3673 4
3674 4
3675 8
3676 4
3677 3
3678 3
3679 3
3680 3
3681 4
3682 3
3683 5
3684 6
3685 3
3686 6
3687 2
3688 3
3689 5
3690 3
3691 2
3692 5
3693 4
3694 4
3695 5
3696 5
3697 3
3698 5
3699 4
3700 5
3701 4
3702 6
3703 7
3704 6
3705 7
3706 5
3707 3
3708 1
3709 5
3710 2
3711 3
3712 1
3713 7
3714 5
3715 3
3716 3
3717 6
3718 5
3719 6
3720 5
3721 6
3722 5
3723 5
3724 7
3725 5
3726 4
3727 1
3728 4
3729 5
3730 6
3731 1
3732 3
3733 5
3734 7
3735 3
3736 3
3737 5
3738 5
3739 6
3740 5
3741 3
3742 5
3743 5
3744 5
3745 6
3746 3
3747 3
3748 3
3749 3
3750 7
3751 4
3752 6
3753 5
3754 4
3755 1
3756 6
3757 6
3758 4
3759 8
3760 3
3761 6
3762 6
3763 2
3764 5
3765 4
3766 2
3767 3
3768 6
3769 4
3770 4
3771 8
3772 4
3773 3
3774 4
3775 3
3776 3
3777 3
3778 2
3779 6
3780 7
3781 3
3782 3
3783 5
3784 5
3785 9
3786 3
3787 5
3788 6
3789 5
3790 7
3791 5
3792 2
3793 3
3794 4
3795 7
3796 3
3797 3
3798 6
3799 6
3800 9
3801 5
3802 3
3803 3
3804 8
3805 2
3806 3
3807 3
3808 3
3809 6
3810 7
3811 4
3812 3
3813 7
3814 6
3815 2
3816 3
3817 4
3818 5
3819 6
3820 3
3821 8
3822 3
3823 5
3824 6
3825 3
3826 6
3827 6
3828 0
3829 6
3830 4
3831 4
3832 3
3833 5
3834 7
3835 7
3836 5
3837 6
3838 7
3839 4
3840 4
3841 6
3842 5
3843 8
3844 8
3845 3
3846 0
3847 4
3848 4
3849 4
3850 3
3851 6
3852 2
3853 3
3854 4
3855 6
3856 7
3857 3
3858 7
3859 5
3860 2
3861 2
3862 2
3863 1
3864 5
3865 1
3866 4
3867 4
3868 4
3869 4
3870 5
3871 4
3872 2
3873 1
3874 2
3875 2
3876 3
3877 3
3878 2
3879 1
3880 3
3881 2
3882 4
3883 1
3884 3
3885 3
3886 5
3887 4
3888 3
3889 2
3890 1
3891 1
3892 5
3893 4
3894 7
3895 3
3896 5
3897 3
3898 1
3899 4
3900 1
3901 1
3902 1
3903 4
3904 5
3905 3
3906 5
3907 3
3908 4
3909 2
3910 4
3911 3
3912 4
3913 3
3914 0
3915 3
3916 3
3917 4
3918 5
3919 3
3920 7
3921 4
3922 6
3923 7
3924 5
3925 4
3926 4
3927 3
3928 2
3929 4
3930 1
3931 2
3932 7
3933 3
3934 5
3935 4
3936 3
3937 6
3938 3
3939 5
3940 1
3941 6
3942 7
3943 3
3944 4
3945 3
3946 3
3947 2
3948 2
3949 3
3950 4
3951 0
3952 5
3953 4
3954 5
3955 6
3956 1
3957 3
3958 5
3959 1
3960 1
3961 4
3962 3
3963 2
3964 2
3965 1
3966 3
3967 3
3968 3
3969 4
3970 2
3971 5
3972 3
3973 4
3974 1
3975 3
3976 1
3977 2
3978 2
3979 2
3980 0
3981 2
3982 2
3983 1
3984 2
3985 0
3986 2
3987 2
3988 3
3989 6
3990 3
3991 4
3992 4
3993 4
3994 4
3995 1
3996 2
3997 3
3998 2
3999 3
4000 6
4001 6
4002 9
4003 4
4004 6
4005 5
4006 4
4007 0
4008 3
4009 3
4010 4
4011 3
4012 3
4013 5
4014 3
4015 7
4016 5
4017 3
4018 3
4019 2
4020 4
4021 3
4022 4
4023 3
4024 1
4025 1
4026 2
4027 1
4028 3
4029 3
4030 5
4031 3
4032 3
4033 4
4034 5
4035 3
4036 5
4037 2
4038 5
4039 6
4040 4
4041 5
4042 4
4043 4
4044 4
4045 6
4046 7
4047 4
4048 3
4049 4
4050 3
4051 2
4052 4
4053 4
4054 3
4055 2
4056 2
4057 3
4058 4
4059 6
4060 3
4061 4
4062 5
4063 4
4064 3
4065 1
4066 4
4067 3
4068 5
4069 6
4070 6
4071 3
4072 4
4073 1
4074 5
4075 4
4076 3
4077 6
4078 4
4079 3
4080 4
4081 3
4082 5
4083 1
4084 5
4085 2
4086 3
4087 8
4088 4
4089 2
4090 3
4091 5
4092 5
4093 3
4094 6
4095 6
4096 2
4097 3
4098 4
4099 4
4100 4
4101 3
4102 3
4103 3
4104 4
4105 2
4106 4
4107 2
4108 4
4109 6
4110 3
4111 4
4112 6
4113 4
4114 2
4115 6
4116 1
4117 2
4118 3
4119 3
4120 1
4121 2
4122 2
4123 6
4124 3
4125 2
4126 2
4127 3
4128 2
4129 0
4130 2
4131 3
4132 2
4133 3
4134 3
4135 5
4136 6
4137 1
4138 6
4139 6
4140 4
4141 2
4142 6
4143 3
4144 3
4145 5
4146 1
4147 5
4148 4
4149 5
4150 7
4151 1
4152 2
4153 6
4154 2
4155 4
4156 2
4157 3
4158 4
4159 5
4160 5
4161 5
4162 2
4163 6
4164 5
4165 3
4166 3
4167 2
4168 1
4169 3
4170 3
4171 4
4172 3
4173 1
4174 1
4175 4
4176 2
4177 4
4178 5
4179 4
4180 3
4181 4
4182 5
4183 8
4184 3
4185 1
4186 4
4187 0
4188 2
4189 5
4190 4
4191 3
4192 5
4193 5
4194 3
4195 4
4196 2
4197 3
4198 4
4199 3
4200 1
4201 2
4202 1
4203 0
4204 1
4205 5
4206 4
4207 1
4208 5
4209 2
4210 4
4211 5
4212 6
4213 4
4214 3
4215 7
4216 3
4217 4
4218 6
4219 2
4220 4
4221 1
4222 2
4223 2
4224 3
4225 0
4226 4
4227 1
4228 4
4229 6
4230 2
4231 4
4232 3
4233 4
4234 3
4235 2
4236 4
4237 2
4238 4
4239 7
4240 4
4241 0
4242 6
4243 4
4244 4
4245 3
4246 3
4247 5
4248 3
4249 2
4250 5
4251 5
4252 5
4253 1
4254 2
4255 1
4256 1
4257 1
4258 2
4259 3
4260 2
4261 2
4262 2
4263 2
4264 0
4265 3
4266 5
4267 4
4268 3
4269 3
4270 0
4271 6
4272 4
4273 5
4274 1
4275 4
4276 4
4277 3
4278 0
4279 3
4280 2
4281 4
4282 5
4283 2
4284 2
4285 3
4286 2
4287 0
4288 3
4289 6
4290 4
4291 4
4292 6
4293 5
4294 2
4295 3
4296 4
4297 2
4298 0
4299 3
4300 2
4301 1
4302 2
4303 2
4304 1
4305 1
4306 1
4307 2
4308 4
4309 4
4310 4
4311 1
4312 4
4313 2
4314 1
4315 4
4316 4
4317 3
4318 6
4319 3
4320 5
4321 5
4322 5
4323 5
4324 5
4325 5
4326 5
4327 5
4328 3
4329 2
4330 3
4331 2
4332 1
4333 2
4334 3
4335 3
4336 3
4337 2
4338 2
4339 4
4340 6
4341 3
4342 3
4343 3
4344 5
4345 3
4346 1
4347 3
4348 1
4349 2
4350 1
4351 2
4352 3
4353 2
4354 3
4355 2
4356 0
4357 3
4358 1
4359 1
4360 3
4361 4
4362 1
4363 3
4364 3
4365 2
4366 1
4367 2
4368 4
4369 2
4370 6
4371 3
4372 2
4373 7
4374 3
4375 5
4376 2
4377 5
4378 3
4379 3
4380 1
4381 4
4382 5
4383 2
4384 1
4385 3
4386 4
4387 3
4388 3
4389 3
4390 2
4391 2
4392 1
4393 1
4394 4
4395 6
4396 2
4397 4
4398 4
4399 6
4400 5
4401 3
4402 4
4403 2
4404 4
4405 4
4406 1
4407 6
4408 1
4409 4
4410 5
4411 2
4412 4
4413 4
4414 2
4415 4
4416 4
4417 1
4418 0
4419 3
4420 4
4421 1
4422 2
4423 3
4424 1
4425 4
4426 2
4427 1
4428 3
4429 2
4430 3
4431 5
4432 1
4433 4
4434 1
4435 2
4436 1
4437 2
4438 3
4439 1
4440 4
4441 4
4442 2
4443 2
4444 3
4445 1
4446 4
4447 2
4448 3
4449 1
4450 2
4451 4
4452 3
4453 2
4454 6
4455 1
4456 4
4457 3
4458 5
4459 1
4460 8
4461 1
4462 3
4463 2
4464 5
4465 3
4466 5
4467 3
4468 2
4469 6
4470 1
4471 2
4472 4
4473 3
4474 1
4475 4
4476 3
4477 5
4478 4
4479 1
4480 5
4481 6
4482 5
4483 2
4484 4
4485 0
4486 2
4487 3
4488 4
4489 3
4490 2
4491 5
4492 4
4493 0
4494 2
4495 2
4496 2
4497 3
4498 3
4499 3
4500 6
4501 4
4502 4
4503 3
4504 3
4505 2
4506 2
4507 3
4508 2
4509 4
4510 3
4511 6
4512 2
4513 7
4514 3
4515 3
4516 3
4517 6
4518 3
4519 2
4520 4
4521 2
4522 4
4523 3
4524 1
4525 1
4526 0
4527 1
4528 2
4529 2
4530 1
4531 2
4532 1
4533 2
4534 1
4535 4
4536 1
4537 5
4538 4
4539 2
4540 5
4541 7
4542 1
4543 4
4544 3
4545 5
4546 0
4547 2
4548 2
4549 3
4550 3
4551 4
4552 8
4553 4
4554 3
4555 6
4556 5
4557 8
4558 2
4559 5
4560 3
4561 4
4562 2
4563 5
4564 2
4565 3
4566 3
4567 3
4568 5
4569 1
4570 1
4571 5
4572 0
4573 1
4574 4
4575 3
4576 2
4577 3
4578 1
4579 2
4580 4
4581 3
4582 4
4583 2
4584 4
4585 6
4586 5
4587 1
4588 7
4589 3
4590 4
4591 6
4592 4
4593 5
4594 0
4595 4
4596 4
4597 6
4598 4
4599 4
4600 4
4601 4
4602 3
4603 2
4604 3
4605 4
4606 6
4607 4
4608 6
4609 1
4610 4
4611 3
4612 5
4613 6
4614 4
4615 7
4616 3
4617 4
4618 2
4619 7
4620 1
4621 2
4622 5
4623 4
4624 1
4625 5
4626 1
4627 2
4628 4
4629 3
4630 3
4631 1
4632 3
4633 4
4634 4
4635 0
4636 2
4637 3
4638 4
4639 4
4640 2
4641 2
4642 0
4643 4
4644 7
4645 4
4646 3
4647 3
4648 1
4649 5
4650 2
4651 1
4652 5
4653 6
4654 2
4655 3
4656 0
4657 3
4658 6
4659 4
4660 8
4661 5
4662 4
4663 4
4664 6
4665 4
4666 2
4667 3
4668 3
4669 2
4670 2
4671 2
4672 6
4673 3
4674 3
4675 2
4676 2
4677 2
4678 2
4679 3
4680 2
4681 2
4682 0
4683 4
4684 6
4685 2
4686 4
4687 1
4688 3
4689 3
4690 3
4691 5
4692 4
4693 3
4694 2
4695 2
4696 2
4697 0
4698 2
4699 2
4700 1
4701 2
4702 0
4703 2
4704 6
4705 3
4706 3
4707 4
4708 3
4709 4
4710 4
4711 1
4712 1
4713 1
4714 5
4715 4
4716 1
4717 1
4718 0
4719 0
4720 2
4721 3
4722 2
4723 6
4724 8
4725 1
4726 2
4727 4
4728 3
4729 5
4730 4
4731 4
4732 6
4733 6
4734 3
4735 3
4736 1
4737 5
4738 2
4739 4
4740 4
4741 3
4742 2
4743 2
4744 1
4745 3
4746 5
4747 0
4748 7
4749 3
4750 2
4751 3
4752 4
4753 5
4754 4
4755 1
4756 4
4757 2
4758 5
4759 6
4760 3
4761 2
4762 1
4763 2
4764 0
4765 2
4766 2
4767 3
4768 4
4769 4
4770 2
4771 4
4772 4
4773 6
4774 1
4775 4
4776 3
4777 3
4778 5
4779 2
4780 5
4781 2
4782 1
4783 3
4784 4
4785 8
4786 1
4787 5
4788 2
4789 3
4790 1
4791 5
4792 2
4793 2
4794 2
4795 1
4796 0
4797 6
4798 5
4799 3
4800 1
4801 2
4802 4
4803 6
4804 4
4805 4
4806 4
4807 3
4808 1
4809 3
4810 5
4811 4
4812 5
4813 6
4814 3
4815 1
4816 2
4817 5
4818 3
4819 3
4820 4
4821 3
4822 1
4823 3
4824 4
4825 1
4826 1
4827 1
4828 0
4829 2
4830 3
4831 4
4832 3
4833 0
4834 5
4835 4
4836 4
4837 4
4838 3
4839 3
4840 1
4841 4
4842 4
4843 5
4844 2
4845 4
4846 1
4847 1
4848 3
4849 4
4850 1
4851 0
4852 0
4853 5
4854 2
4855 3
4856 3
4857 4
4858 4
4859 1
4860 2
4861 5
4862 4
4863 2
4864 3
4865 2
4866 5
4867 2
4868 2
4869 2
4870 4
4871 6
4872 3
4873 2
4874 2
4875 2
4876 3
4877 1
4878 5
4879 7
4880 3
4881 1
4882 3
4883 4
4884 0
4885 2
4886 4
4887 3
4888 5
4889 2
4890 2
4891 2
4892 1
4893 1
4894 6
4895 5
4896 3
4897 1
4898 4
4899 4
4900 4
4901 0
4902 5
4903 1
4904 4
4905 2
4906 4
4907 3
4908 8
4909 2
4910 4
4911 4
4912 4
4913 9
4914 5
4915 6
4916 3
4917 3
4918 1
4919 5
4920 2
4921 5
4922 2
4923 4
4924 5
4925 3
4926 1
4927 2
4928 3
4929 2
4930 5
4931 5
4932 4
4933 4
4934 4
4935 4
4936 3
4937 1
4938 4
4939 5
4940 6
4941 4
4942 2
4943 5
4944 2
4945 3
4946 2
4947 1
4948 2
4949 5
4950 2
4951 5
4952 2
4953 4
4954 2
4955 4
4956 5
4957 4
4958 3
4959 2
4960 4
4961 2
4962 3
4963 5
4964 5
4965 4
4966 1
4967 2
4968 3
4969 5
4970 4
4971 4
4972 1
4973 2
4974 4
4975 2
4976 5
4977 1
4978 2
4979 3
4980 5
4981 7
4982 6
4983 4
4984 2
4985 3
4986 5
4987 4
4988 7
4989 1
4990 2
4991 5
4992 5
4993 5
4994 6
4995 6
4996 1
4997 2
4998 3
4999 3
5000 2
5001 1
5002 2
5003 5
5004 4
5005 2
5006 2
5007 3
5008 4
5009 4
5010 3
5011 5
5012 1
5013 4
5014 3
5015 0
5016 2
5017 2
5018 4
5019 5
5020 4
5021 3
5022 3
5023 1
5024 3
5025 6
5026 6
5027 1
5028 4
5029 2
5030 7
5031 6
5032 5
5033 3
5034 4
5035 4
5036 4
5037 5
5038 7
5039 3
5040 4
5041 1
5042 3
5043 8
5044 2
5045 4
5046 1
5047 4
5048 3
5049 1
5050 3
5051 5
5052 5
5053 2
5054 2
5055 3
5056 6
5057 3
5058 4
5059 4
5060 2
5061 2
5062 3
5063 2
5064 2
5065 2
5066 1
5067 2
5068 3
5069 4
5070 5
5071 5
5072 3
5073 4
5074 5
5075 3
5076 2
5077 4
5078 5
5079 4
5080 3
5081 5
5082 3
5083 1
5084 5
5085 2
5086 4
5087 1
5088 3
5089 4
5090 3
5091 6
5092 6
5093 5
5094 7
5095 2
5096 4
5097 5
5098 5
5099 4
5100 2
5101 2
5102 3
5103 3
5104 3
5105 6
5106 4
5107 5
5108 2
5109 2
5110 6
5111 4
5112 2
5113 1
5114 3
5115 5
5116 3
5117 4
5118 3
5119 1
5120 6
5121 4
5122 3
5123 2
5124 2
5125 2
5126 6
5127 4
5128 2
5129 5
5130 3
5131 3
5132 4
5133 1
5134 2
5135 1
5136 2
5137 3
5138 2
5139 2
5140 4
5141 2
5142 4
5143 4
5144 3
5145 4
5146 2
5147 4
5148 0
5149 1
5150 0
5151 1
5152 3
5153 4
5154 1
5155 1
5156 3
5157 2
5158 3
5159 2
5160 2
5161 1
5162 2
5163 2
5164 2
5165 2
5166 1
5167 3
5168 3
5169 5
5170 2
5171 5
5172 3
5173 3
5174 1
5175 6
5176 3
5177 4
5178 7
5179 1
5180 5
5181 3
5182 2
5183 3
5184 3
5185 2
5186 6
5187 4
5188 0
5189 4
5190 4
5191 4
5192 3
5193 5
5194 2
5195 3
5196 3
5197 5
5198 1
5199 3
5200 2
5201 1
5202 2
5203 2
5204 1
5205 3
5206 4
5207 2
5208 1
5209 3
5210 4
5211 3
5212 2
5213 3
5214 0
5215 4
5216 4
5217 3
5218 4
5219 2
5220 2
5221 6
5222 2
5223 2
5224 4
5225 3
5226 2
5227 1
5228 3
5229 5
5230 2
5231 1
5232 5
5233 2
5234 3
5235 5
5236 4
5237 1
5238 3
5239 1
5240 0
5241 0
5242 2
5243 2
5244 2
5245 3
5246 1
5247 1
5248 3
5249 4
5250 2
5251 3
5252 3
5253 4
5254 3
5255 8
5256 2
5257 4
5258 2
5259 1
5260 2
5261 1
5262 1
5263 2
5264 2
5265 2
5266 6
5267 1
5268 3
5269 2
5270 3
5271 3
5272 1
5273 2
5274 2
5275 1
5276 4
5277 4
5278 5
5279 2
5280 6
5281 3
5282 1
5283 3
5284 2
5285 4
5286 3
5287 2
5288 4
5289 0
5290 5
5291 2
5292 4
5293 0
5294 2
5295 0
5296 2
5297 3
5298 2
5299 6
5300 4
5301 2
5302 3
5303 5
5304 3
5305 3
5306 5
5307 1
5308 6
5309 4
5310 6
5311 2
5312 3
5313 2
5314 2
5315 3
5316 3
5317 5
5318 3
5319 2
5320 5
5321 2
5322 3
5323 5
5324 4
5325 2
5326 2
5327 2
5328 4
5329 3
5330 4
5331 4
5332 1
5333 3
5334 3
5335 4
5336 2
5337 0
5338 3
5339 3
5340 4
5341 5
5342 0
5343 3
5344 3
5345 1
5346 3
5347 1
5348 2
5349 4
5350 5
5351 7
5352 2
5353 3
5354 3
5355 3
5356 3
5357 2
5358 2
5359 2
5360 5
5361 4
5362 1
5363 2
5364 2
5365 1
5366 4
5367 1
5368 5
5369 2
5370 4
5371 4
5372 3
5373 0
5374 1
5375 3
5376 4
5377 2
5378 1
5379 2
5380 2
5381 3
5382 2
5383 1
5384 2
5385 0
5386 1
5387 4
5388 4
5389 0
5390 3
5391 6
5392 0
5393 0
5394 3
5395 3
5396 3
5397 1
5398 1
5399 3
5400 3
5401 2
5402 4
5403 0
5404 1
5405 3
5406 2
5407 3
5408 3
5409 1
5410 7
5411 5
5412 3
5413 3
5414 7
5415 4
5416 4
5417 5
5418 4
5419 4
5420 4
5421 2
5422 2
5423 0
5424 2
5425 5
5426 3
5427 1
5428 2
5429 1
5430 4
5431 2
5432 2
5433 2
5434 3
5435 3
5436 0
5437 1
5438 3
5439 3
5440 2
5441 2
5442 3
5443 3
5444 1
5445 2
5446 0
5447 3
5448 0
5449 1
5450 2
5451 2
5452 2
5453 3
5454 1
5455 0
5456 1
5457 1
5458 3
5459 2
5460 6
5461 2
5462 6
5463 4
5464 1
5465 1
5466 2
5467 2
5468 1
5469 3
5470 4
5471 0
5472 2
5473 0
5474 1
5475 2
5476 5
5477 0
5478 3
5479 3
5480 2
5481 2
5482 1
5483 4
5484 2
5485 4
5486 4
5487 2
5488 1
5489 3
5490 1
5491 1
5492 3
5493 4
5494 1
5495 1
5496 3
5497 2
5498 2
5499 4
5500 2
5501 5
5502 2
5503 4
5504 2
5505 3
5506 5
5507 2
5508 5
5509 2
5510 3
5511 3
5512 2
5513 5
5514 5
5515 1
5516 4
5517 3
5518 4
5519 4
5520 5
5521 3
5522 1
5523 2
5524 2
5525 4
5526 6
5527 2
5528 3
5529 2
5530 3
5531 2
5532 2
5533 4
5534 3
5535 0
5536 2
5537 0
5538 3
5539 2
5540 2
5541 5
5542 2
5543 5
5544 0
5545 2
5546 1
5547 1
5548 2
5549 2
5550 4
5551 1
5552 2
5553 0
5554 1
5555 3
5556 4
5557 1
5558 5
5559 5
5560 2
5561 3
5562 4
5563 4
5564 1
5565 1
5566 4
5567 3
5568 3
5569 3
5570 4
5571 3
5572 1
5573 2
5574 1
5575 5
5576 2
5577 3
5578 2
5579 2
5580 5
5581 2
5582 1
5583 2
5584 3
5585 2
5586 2
5587 3
5588 4
5589 4
5590 3
5591 2
5592 1
5593 3
5594 6
5595 2
5596 3
5597 4
5598 2
5599 1
5600 5
5601 1
5602 3
5603 4
5604 0
5605 1
5606 2
5607 1
5608 1
5609 2
5610 3
5611 1
5612 3
5613 4
5614 1
5615 4
5616 2
5617 3
5618 1
5619 1
5620 1
5621 4
5622 3
5623 7
5624 1
5625 3
5626 4
5627 1
5628 2
5629 2
5630 3
5631 2
5632 1
5633 4
5634 2
5635 3
5636 3
5637 0
5638 1
5639 1
5640 1
5641 3
5642 3
5643 2
5644 1
5645 2
5646 2
5647 5
5648 2
5649 2
5650 2
5651 1
5652 0
5653 0
5654 1
5655 4
5656 1
5657 3
5658 1
5659 0
5660 5
5661 3
5662 1
5663 2
5664 1
5665 4
5666 5
5667 7
5668 4
5669 4
5670 3
5671 4
5672 3
5673 1
5674 5
5675 2
5676 6
5677 1
5678 3
5679 2
5680 2
5681 3
5682 1
5683 4
5684 1
5685 1
5686 2
5687 6
5688 2
5689 2
5690 2
5691 2
5692 2
5693 3
5694 2
5695 2
5696 3
5697 2
5698 3
5699 2
5700 1
5701 1
5702 0
5703 2
5704 0
5705 2
5706 3
5707 1
5708 5
5709 1
5710 2
5711 5
5712 0
5713 2
5714 4
5715 2
5716 1
5717 3
5718 3
5719 1
5720 1
5721 5
5722 5
5723 4
5724 2
5725 5
5726 6
5727 2
5728 3
5729 5
5730 3
5731 5
5732 3
5733 4
5734 4
5735 4
5736 1
5737 4
5738 2
5739 3
5740 2
5741 4
5742 2
5743 4
5744 2
5745 4
5746 2
5747 5
5748 2
5749 2
5750 3
5751 3
5752 3
5753 2
5754 4
5755 2
5756 4
5757 2
5758 3
5759 2
5760 2
5761 3
5762 3
5763 2
5764 2
5765 3
5766 6
5767 1
5768 2
5769 2
5770 2
5771 1
5772 4
5773 4
5774 2
5775 3
5776 3
5777 1
5778 3
5779 2
5780 1
5781 3
5782 2
5783 2
5784 1
5785 6
5786 3
5787 3
5788 4
5789 1
5790 2
5791 1
5792 2
5793 0
5794 3
5795 5
5796 3
5797 3
5798 3
5799 2
5800 4
5801 3
5802 3
5803 1
5804 1
5805 4
5806 2
5807 1
5808 3
5809 3
5810 2
5811 4
5812 3
5813 0
5814 1
5815 4
5816 2
5817 1
5818 2
5819 0
5820 0
5821 4
5822 6
5823 3
5824 4
5825 3
5826 6
5827 2
5828 5
5829 0
5830 3
5831 3
5832 1
5833 1
5834 3
5835 6
5836 3
5837 2
5838 1
5839 4
5840 2
5841 3
5842 3
5843 2
5844 2
5845 2
5846 3
5847 1
5848 1
5849 4
5850 3
5851 3
5852 4
5853 3
5854 2
5855 3
5856 3
5857 6
5858 4
5859 2
5860 1
5861 3
5862 1
5863 2
5864 4
5865 6
5866 0
5867 2
5868 1
5869 2
5870 4
5871 1
5872 3
5873 5
5874 2
5875 3
5876 2
5877 2
5878 2
5879 0
5880 5
5881 1
5882 4
5883 2
5884 0
5885 0
5886 3
5887 4
5888 4
5889 5
5890 1
5891 3
5892 2
5893 4
5894 1
5895 3
5896 5
5897 3
5898 3
5899 1
5900 2
5901 6
5902 0
5903 1
5904 4
5905 2
5906 3
5907 2
5908 0
5909 2
5910 4
5911 3
5912 3
5913 2
5914 2
5915 4
5916 3
5917 2
5918 0
5919 0
5920 6
5921 3
5922 5
5923 5
5924 4
5925 4
5926 2
5927 3
5928 3
5929 4
5930 2
5931 5
5932 4
5933 0
5934 2
5935 3
5936 2
5937 1
5938 2
5939 4
5940 3
5941 0
5942 2
5943 0
5944 1
5945 1
5946 4
5947 2
5948 4
5949 3
5950 1
5951 4
5952 1
5953 1
5954 3
5955 3
5956 3
5957 3
5958 0
5959 5
5960 2
5961 1
5962 3
5963 2
5964 2
5965 2
5966 3
5967 1
5968 3
5969 3
5970 0
5971 3
5972 2
5973 1
5974 2
5975 1
5976 5
5977 2
5978 0
5979 3
5980 1
5981 2
5982 0
5983 2
5984 4
5985 2
5986 5
5987 2
5988 3
5989 4
5990 3
5991 3
5992 2
5993 1
5994 1
5995 3
5996 4
5997 2
5998 0
5999 3
6000 2
6001 3
6002 1
6003 2
6004 2
6005 3
6006 4
6007 5
6008 2
6009 4
6010 3
6011 0
6012 2
6013 2
6014 3
6015 1
6016 3
6017 3
6018 1
6019 2
6020 0
6021 0
6022 5
6023 2
6024 3
6025 2
6026 2
6027 5
6028 2
6029 5
6030 4
6031 2
6032 4
6033 2
6034 0
6035 3
6036 1
6037 3
6038 4
6039 3
6040 5
6041 5
6042 4
6043 5
6044 4
6045 5
6046 4
6047 2
6048 2
6049 2
6050 1
6051 2
6052 2
6053 3
6054 3
6055 2
6056 5
6057 2
6058 4
6059 4
6060 5
6061 3
6062 1
6063 2
6064 3
6065 2
6066 5
6067 5
6068 2
6069 4
6070 2
6071 2
6072 2
6073 4
6074 1
6075 2
6076 0
6077 0
6078 3
6079 2
6080 3
6081 3
6082 2
6083 2
6084 3
6085 3
6086 6
6087 2
6088 5
6089 3
6090 2
6091 4
6092 6
6093 3
6094 1
6095 5
6096 2
6097 1
6098 3
6099 5
6100 1
6101 4
6102 5
6103 1
6104 3
6105 3
6106 3
6107 5
6108 3
6109 4
6110 5
6111 3
6112 6
6113 7
6114 3
6115 3
6116 3
6117 2
6118 3
6119 2
6120 4
6121 5
6122 2
6123 1
6124 6
6125 4
6126 3
6127 2
6128 3
6129 4
6130 2
6131 1
6132 3
6133 2
6134 2
6135 2
6136 5
6137 1
6138 2
6139 2
6140 4
6141 1
6142 3
6143 1
6144 1
6145 5
6146 3
6147 2
6148 2
6149 1
6150 0
6151 4
6152 2
6153 3
6154 3
6155 1
6156 2
6157 4
6158 2
6159 3
6160 4
6161 2
6162 4
6163 3
6164 3
6165 3
6166 5
6167 2
6168 2
6169 0
6170 1
6171 1
6172 0
6173 3
6174 4
6175 1
6176 2
6177 0
6178 1
6179 5
6180 3
6181 1
6182 2
6183 2
6184 3
6185 5
6186 1
6187 4
6188 1
6189 2
6190 3
6191 1
6192 0
6193 4
6194 0
6195 2
6196 1
6197 0
6198 2
6199 3
6200 3
6201 2
6202 2
6203 3
6204 3
6205 3
6206 3
6207 4
6208 3
6209 1
6210 2
6211 3
6212 4
6213 2
6214 2
6215 1
6216 0
6217 3
6218 2
6219 3
6220 2
6221 2
6222 3
6223 4
6224 0
6225 4
6226 2
6227 2
6228 2
6229 2
6230 2
6231 0
6232 5
6233 4
6234 1
6235 2
6236 2
6237 5
6238 4
6239 4
6240 2
6241 3
6242 4
6243 2
6244 3
6245 1
6246 3
6247 1
6248 2
6249 0
6250 5
6251 2
6252 2
6253 2
6254 2
6255 1
6256 4
6257 2
6258 2
6259 3
6260 6
6261 3
6262 1
6263 2
6264 2
6265 3
6266 4
6267 4
6268 3
6269 4
6270 3
6271 2
6272 5
6273 5
6274 4
6275 2
6276 2
6277 2
6278 0
6279 3
6280 3
6281 2
6282 1
6283 3
6284 3
6285 3
6286 3
6287 2
6288 8
6289 3
6290 2
6291 1
6292 5
6293 2
6294 1
6295 6
6296 3
6297 1
6298 3
6299 6
6300 1
6301 2
6302 0
6303 4
6304 1
6305 1
6306 2
6307 5
6308 3
6309 2
6310 3
6311 4
6312 3
6313 2
6314 1
6315 0
6316 3
6317 3
6318 4
6319 2
6320 0
6321 3
6322 2
6323 5
6324 1
6325 1
6326 3
6327 2
6328 3
6329 3
6330 5
6331 1
6332 2
6333 2
6334 3
6335 4
6336 3
6337 5
6338 1
6339 3
6340 2
6341 2
6342 2
6343 1
6344 4
6345 4
6346 2
6347 6
6348 2
6349 1
6350 2
6351 2
6352 0
6353 1
6354 3
6355 3
6356 5
6357 3
6358 6
6359 6
6360 2
6361 2
6362 2
6363 2
6364 2
6365 2
6366 3
6367 1
6368 1
6369 2
6370 2
6371 2
6372 1
6373 1
6374 2
6375 3
6376 2
6377 2
6378 1
6379 1
6380 2
6381 0
6382 3
6383 3
6384 3
6385 1
6386 2
6387 1
6388 1
6389 3
6390 3
6391 0
6392 2
6393 3
6394 1
6395 0
6396 1
6397 0
6398 1
6399 1
6400 2
6401 4
6402 4
6403 3
6404 4
6405 2
6406 1
6407 3
6408 3
6409 3
6410 1
6411 3
6412 0
6413 3
6414 1
6415 3
6416 1
6417 0
6418 2
6419 3
6420 1
6421 1
6422 3
6423 0
6424 2
6425 2
6426 2
6427 2
6428 1
6429 1
6430 0
6431 1
6432 1
6433 1
6434 2
6435 3
6436 4
6437 0
6438 1
6439 6
6440 1
6441 2
6442 3
6443 3
6444 4
6445 0
6446 1
6447 3
6448 2
6449 2
6450 2
6451 2
6452 4
6453 4
6454 2
6455 4
6456 2
6457 3
6458 0
6459 3
6460 3
6461 2
6462 3
6463 4
6464 3
6465 3
6466 3
6467 2
6468 2
6469 2
6470 1
6471 3
6472 3
6473 3
6474 2
6475 2
6476 4
6477 6
6478 1
6479 4
6480 5
6481 4
6482 3
6483 2
6484 6
6485 2
6486 0
6487 6
6488 4
6489 3
6490 5
6491 3
6492 1
6493 4
6494 1
6495 8
6496 4
6497 1
6498 1
6499 1
6500 2
6501 3
6502 3
6503 3
6504 2
6505 2
6506 1
6507 1
6508 4
6509 7
6510 6
6511 3
6512 4
6513 5
6514 2
6515 5
6516 3
6517 2
6518 3
6519 3
6520 4
6521 6
6522 3
6523 2
6524 5
6525 5
6526 0
6527 2
6528 5
6529 2
6530 2
6531 2
6532 5
6533 2
6534 6
6535 3
6536 1
6537 6
6538 1
6539 0
6540 2
6541 2
6542 4
6543 4
6544 2
6545 0
6546 3
6547 5
6548 3
6549 2
6550 2
6551 5
6552 0
6553 2
6554 1
6555 4
6556 4
6557 2
6558 1
6559 2
6560 1
6561 2
6562 4
6563 1
6564 2
6565 2
6566 4
6567 5
6568 1
6569 3
6570 0
6571 3
6572 2
6573 2
6574 1
6575 2
6576 1
6577 3
6578 0
6579 1
6580 2
6581 5
6582 5
6583 1
6584 0
6585 2
6586 2
6587 5
6588 1
6589 1
6590 0
6591 1
6592 0
6593 3
6594 4
6595 5
6596 2
6597 3
6598 3
6599 0
6600 0
6601 4
6602 1
6603 1
6604 2
6605 5
6606 2
6607 5
6608 5
6609 2
6610 3
6611 2
6612 2
6613 1
6614 0
6615 2
6616 2
6617 2
6618 3
6619 2
6620 1
6621 1
6622 2
6623 1
6624 3
6625 0
6626 2
6627 0
6628 0
6629 3
6630 2
6631 0
6632 1
6633 4
6634 2
6635 1
6636 5
6637 2
6638 2
6639 1
6640 6
6641 3
6642 0
6643 1
6644 2
6645 2
6646 3
6647 2
6648 3
6649 2
6650 1
6651 0
6652 3
6653 2
6654 2
6655 2
6656 1
6657 2
6658 3
6659 1
6660 2
6661 4
6662 2
6663 1
6664 1
6665 2
6666 3
6667 1
6668 2
6669 2
6670 1
6671 3
6672 1
6673 0
6674 2
6675 3
6676 0
6677 2
6678 4
6679 3
6680 2
6681 3
6682 2
6683 2
6684 4
6685 4
6686 6
6687 2
6688 4
6689 4
6690 5
6691 3
6692 3
6693 3
6694 4
6695 1
6696 3
6697 2
6698 2
6699 2
6700 3
6701 5
6702 3
6703 3
6704 2
6705 4
6706 1
6707 4
6708 3
6709 6
6710 3
6711 4
6712 1
6713 2
6714 1
6715 3
6716 1
6717 3
6718 4
6719 3
6720 3
6721 1
6722 4
6723 4
6724 4
6725 3
6726 4
6727 2
6728 1
6729 6
6730 1
6731 4
6732 3
6733 4
6734 6
6735 4
6736 6
6737 4
6738 4
6739 7
6740 2
6741 3
6742 7
6743 3
6744 4
6745 4
6746 2
6747 6
6748 2
6749 5
6750 4
6751 5
6752 3
6753 2
6754 4
6755 5
6756 5
6757 0
6758 2
6759 5
6760 4
6761 7
6762 4
6763 3
6764 2
6765 4
6766 1
6767 2
6768 3
6769 1
6770 2
6771 5
6772 3
6773 5
6774 2
6775 4
6776 6
6777 5
6778 3
6779 3
6780 2
6781 2
6782 1
6783 3
6784 2
6785 5
6786 3
6787 1
6788 2
6789 4
6790 2
6791 2
6792 5
6793 2
6794 2
6795 4
6796 3
6797 3
6798 3
6799 4
6800 4
6801 1
6802 4
6803 3
6804 3
6805 2
6806 3
6807 5
6808 4
6809 2
6810 4
6811 1
6812 2
6813 3
6814 4
6815 5
6816 3
6817 3
6818 5
6819 2
6820 2
6821 3
6822 2
6823 3
6824 3
6825 1
6826 5
6827 1
6828 4
6829 8
6830 3
6831 2
6832 5
6833 5
6834 4
6835 0
6836 4
6837 3
6838 7
6839 2
6840 3
6841 5
6842 3
6843 5
6844 1
6845 7
6846 3
6847 4
6848 0
6849 3
6850 3
6851 4
6852 3
6853 3
6854 4
6855 2
6856 2
6857 3
6858 2
6859 1
6860 4
6861 2
6862 2
6863 1
6864 6
6865 4
6866 4
6867 4
6868 2
6869 2
6870 4
6871 2
6872 6
6873 4
6874 3
6875 6
6876 5
6877 2
6878 4
6879 4
6880 1
6881 2
6882 0
6883 2
6884 3
6885 6
6886 4
6887 2
6888 2
6889 4
6890 3
6891 1
6892 1
6893 2
6894 1
6895 3
6896 1
6897 1
6898 2
6899 2
6900 3
6901 2
6902 3
6903 2
6904 2
6905 2
6906 3
6907 3
6908 7
6909 1
6910 3
6911 3
6912 2
6913 4
6914 4
6915 1
6916 3
6917 3
6918 1
6919 1
6920 2
6921 1
6922 2
6923 7
6924 3
6925 4
6926 4
6927 2
6928 0
6929 2
6930 3
6931 3
6932 4
6933 2
6934 3
6935 3
6936 2
6937 3
6938 3
6939 3
6940 5
6941 2
6942 0
6943 3
6944 2
6945 1
6946 4
6947 2
6948 3
6949 2
6950 3
6951 4
6952 0
6953 5
6954 1
6955 5
6956 1
6957 2
6958 4
6959 2
6960 3
6961 3
6962 1
6963 3
6964 2
6965 3
6966 2
6967 2
6968 2
6969 1
6970 3
6971 4
6972 2
6973 3
6974 5
6975 3
6976 2
6977 3
6978 0
6979 3
6980 4
6981 3
6982 2
6983 1
6984 4
6985 2
6986 2
6987 2
6988 1
6989 2
6990 1
6991 2
6992 3
6993 1
6994 5
6995 4
6996 4
6997 0
6998 6
6999 2
7000 3
7001 4
7002 2
7003 0
7004 1
7005 4
7006 2
7007 1
7008 2
7009 1
7010 2
7011 0
7012 1
7013 2
7014 3
7015 3
7016 3
7017 3
7018 1
7019 4
7020 4
7021 5
7022 3
7023 3
7024 1
7025 4
7026 4
7027 4
7028 2
7029 3
7030 4
7031 6
7032 2
7033 4
7034 2
7035 3
7036 2
7037 2
7038 5
7039 4
7040 3
7041 3
7042 3
7043 3
7044 1
7045 2
7046 2
7047 2
7048 2
7049 2
7050 2
7051 4
7052 4
7053 4
7054 4
7055 4
7056 4
7057 2
7058 2
7059 2
7060 3
7061 0
7062 0
7063 1
7064 3
7065 2
7066 3
7067 3
7068 4
7069 2
7070 3
7071 2
7072 1
7073 2
7074 1
7075 2
7076 2
7077 4
7078 1
7079 2
7080 2
7081 2
7082 5
7083 2
7084 3
7085 3
7086 3
7087 4
7088 1
7089 2
7090 0
7091 1
7092 0
7093 2
7094 2
7095 3
7096 0
7097 1
7098 3
7099 3
7100 1
7101 2
7102 2
7103 4
7104 4
7105 3
7106 2
7107 4
7108 3
7109 3
7110 0
7111 2
7112 5
7113 4
7114 4
7115 4
7116 2
7117 3
7118 4
7119 5
7120 3
7121 5
7122 2
7123 3
7124 3
7125 2
7126 7
7127 8
7128 2
7129 6
7130 4
7131 2
7132 4
7133 4
7134 2
7135 3
7136 4
7137 6
7138 6
7139 6
7140 2
7141 2
7142 4
7143 3
7144 4
7145 3
7146 3
7147 4
7148 1
7149 7
7150 1
7151 9
7152 3
7153 3
7154 2
7155 4
7156 5
7157 2
7158 3
7159 3
7160 5
7161 4
7162 2
7163 2
7164 2
7165 2
7166 2
7167 3
7168 2
7169 2
7170 2
7171 6
7172 4
7173 3
7174 1
7175 6
7176 5
7177 5
7178 6
7179 5
7180 6
7181 4
7182 4
7183 4
7184 6
7185 4
7186 2
7187 1
7188 5
7189 6
7190 3
7191 3
7192 3
7193 3
7194 3
7195 5
7196 3
7197 2
7198 3
7199 4
7200 5
7201 5
7202 5
7203 4
7204 4
7205 2
7206 2
7207 3
7208 7
7209 2
7210 5
7211 3
7212 2
7213 5
7214 4
7215 4
7216 2
7217 3
7218 6
7219 3
7220 3
7221 2
7222 5
7223 8
7224 2
7225 0
7226 6
7227 4
7228 3
7229 4
7230 6
7231 7
7232 8
7233 2
7234 4
7235 5
7236 2
7237 2
7238 4
7239 4
7240 6
7241 4
7242 6
7243 3
7244 0
7245 1
7246 2
7247 4
7248 4
7249 3
7250 4
7251 3
7252 2
7253 1
7254 0
7255 3
7256 2
7257 3
7258 3
7259 5
7260 3
7261 3
7262 5
7263 5
7264 3
7265 5
7266 5
7267 4
7268 3
7269 4
7270 4
7271 2
7272 5
7273 6
7274 5
7275 2
7276 5
7277 4
7278 2
7279 0
7280 3
7281 1
7282 3
7283 5
7284 4
7285 3
7286 2
7287 6
7288 4
7289 4
7290 3
7291 3
7292 4
7293 4
7294 2
7295 1
7296 3
7297 1
7298 1
7299 3
7300 0
7301 1
7302 2
7303 4
7304 1
7305 1
7306 1
7307 4
7308 1
7309 2
7310 0
7311 4
7312 4
7313 4
7314 7
7315 4
7316 4
7317 5
7318 4
7319 1
7320 3
7321 4
7322 2
7323 2
7324 2
7325 2
7326 3
7327 2
7328 4
7329 3
7330 5
7331 3
7332 1
7333 1
7334 6
7335 2
7336 4
7337 1
7338 6
7339 4
7340 5
7341 3
7342 3
7343 3
7344 4
7345 2
7346 2
7347 5
7348 4
7349 4
7350 3
7351 2
7352 5
7353 2
7354 6
7355 4
7356 4
7357 7
7358 5
7359 3
7360 3
7361 4
7362 5
7363 3
7364 3
7365 6
7366 3
7367 2
7368 4
7369 8
7370 4
7371 1
7372 1
7373 3
7374 1
7375 3
7376 2
7377 2
7378 2
7379 4
7380 3
7381 6
7382 2
7383 2
7384 4
7385 4
7386 5
7387 0
7388 3
7389 2
7390 3
7391 2
7392 2
7393 6
7394 6
7395 3
7396 4
7397 5
7398 2
7399 1
7400 1
7401 3
7402 6
7403 6
7404 4
7405 3
7406 2
7407 6
7408 5
7409 3
7410 4
7411 1
7412 2
7413 4
7414 1
7415 5
7416 3
7417 3
7418 3
7419 2
7420 1
7421 1
7422 2
7423 2
7424 1
7425 2
7426 4
7427 3
7428 1
7429 4
7430 3
7431 2
7432 2
7433 3
7434 7
7435 3
7436 2
7437 1
7438 1
7439 2
7440 4
7441 4
7442 4
7443 1
7444 4
7445 3
7446 1
7447 4
7448 5
7449 4
7450 6
7451 3
7452 5
7453 4
7454 3
7455 3
7456 5
7457 5
7458 4
7459 5
7460 5
7461 7
7462 4
7463 3
7464 4
7465 4
7466 4
7467 5
7468 2
7469 2
7470 6
7471 6
7472 3
7473 3
7474 7
7475 4
7476 3
7477 4
7478 3
7479 4
7480 3
7481 2
7482 4
7483 3
7484 2
7485 4
7486 4
7487 4
7488 6
7489 4
7490 6
7491 4
7492 5
7493 2
7494 5
7495 3
7496 6
7497 4
7498 3
7499 4
7500 6
7501 4
7502 4
7503 6
7504 4
7505 6
7506 3
7507 3
7508 4
7509 4
7510 5
7511 4
7512 5
7513 4
7514 5
7515 2
7516 3
7517 5
7518 6
7519 7
7520 4
7521 3
7522 6
7523 4
7524 5
7525 5
7526 3
7527 2
7528 6
7529 7
7530 7
7531 6
7532 2
7533 1
7534 5
7535 3
7536 3
7537 2
7538 3
7539 4
7540 1
7541 5
7542 5
7543 4
7544 6
7545 4
7546 2
7547 2
7548 0
7549 1
7550 4
7551 3
7552 2
7553 4
7554 4
7555 5
7556 4
7557 4
7558 4
7559 1
7560 3
7561 6
7562 5
7563 2
7564 3
7565 2
7566 0
7567 4
7568 1
7569 3
7570 4
7571 3
7572 3
7573 2
7574 4
7575 2
7576 1
7577 3
7578 3
7579 1
7580 2
7581 1
7582 2
7583 3
7584 4
7585 1
7586 4
7587 2
7588 1
7589 6
7590 6
7591 2
7592 5
7593 4
7594 5
7595 2
7596 4
7597 2
7598 6
7599 5
7600 4
7601 3
7602 2
7603 2
7604 0
7605 4
7606 4
7607 5
7608 3
7609 4
7610 1
7611 2
7612 4
7613 4
7614 6
7615 0
7616 4
7617 6
7618 3
7619 3
7620 2
7621 4
7622 3
7623 3
7624 8
7625 5
7626 0
7627 2
7628 5
7629 4
7630 3
7631 3
7632 4
7633 0
7634 4
7635 3
7636 4
7637 3
7638 3
7639 4
7640 4
7641 3
7642 4
7643 4
7644 3
7645 8
7646 2
7647 5
7648 3
7649 6
7650 5
7651 2
7652 5
7653 2
7654 4
7655 4
7656 1
7657 4
7658 2
7659 5
7660 5
7661 2
7662 3
7663 2
7664 2
7665 6
7666 3
7667 1
7668 4
7669 10
7670 1
7671 1
7672 3
7673 6
7674 4
7675 2
7676 1
7677 3
7678 1
7679 3
7680 3
7681 2
7682 2
7683 1
7684 5
7685 5
7686 6
7687 5
7688 5
7689 1
7690 3
7691 4
7692 3
7693 3
7694 4
7695 1
7696 1
7697 4
7698 1
7699 4
7700 3
7701 5
7702 3
7703 5
7704 4
7705 3
7706 5
7707 3
7708 2
7709 2
7710 4
7711 1
7712 1
7713 1
7714 2
7715 1
7716 0
7717 3
7718 3
7719 3
7720 4
7721 2
7722 4
7723 1
7724 2
7725 1
7726 3
7727 1
7728 2
7729 1
7730 3
7731 1
7732 1
7733 3
7734 4
7735 3
7736 0
7737 3
7738 1
7739 3
7740 7
7741 2
7742 2
7743 1
7744 2
7745 2
7746 3
7747 1
7748 2
7749 3
7750 4
7751 4
7752 1
7753 0
7754 2
7755 1
7756 3
7757 1
7758 1
7759 3
7760 1
7761 1
7762 1
7763 2
7764 4
7765 1
7766 3
7767 3
7768 5
7769 4
7770 4
7771 3
7772 3
7773 3
7774 5
7775 1
7776 1
7777 3
7778 2
7779 1
7780 3
7781 2
7782 4
7783 1
7784 3
7785 0
7786 4
7787 3
7788 0
7789 5
7790 1
7791 7
7792 1
7793 2
7794 3
7795 0
7796 2
7797 3
7798 4
7799 0
7800 3
7801 3
7802 2
7803 1
7804 4
7805 3
7806 2
7807 3
7808 2
7809 3
7810 3
7811 4
7812 3
7813 3
7814 2
7815 1
7816 3
7817 1
7818 4
7819 5
7820 3
7821 3
7822 1
7823 2
7824 1
7825 2
7826 2
7827 2
7828 5
7829 5
7830 4
7831 6
7832 4
7833 5
7834 0
7835 0
7836 1
7837 3
7838 2
7839 3
7840 4
7841 3
7842 2
7843 4
7844 2
7845 1
7846 1
7847 2
7848 1
7849 3
7850 2
7851 1
7852 4
7853 2
7854 1
7855 3
7856 4
7857 2
7858 3
7859 3
7860 4
7861 3
7862 3
7863 2
7864 3
7865 0
7866 4
7867 0
7868 3
7869 4
7870 0
7871 6
7872 3
7873 9
7874 1
7875 4
7876 3
7877 1
7878 1
7879 6
7880 2
7881 2
7882 2
7883 2
7884 2
7885 2
7886 1
7887 3
7888 5
7889 5
7890 7
7891 4
7892 5
7893 3
7894 2
7895 1
7896 6
7897 3
7898 1
7899 4
7900 0
7901 4
7902 4
7903 2
7904 4
7905 0
7906 3
7907 2
7908 5
7909 4
7910 2
7911 1
7912 2
7913 1
7914 2
7915 2
7916 4
7917 3
7918 2
7919 0
7920 1
7921 1
7922 2
7923 3
7924 3
7925 4
7926 3
7927 4
7928 2
7929 5
7930 4
7931 1
7932 4
7933 2
7934 5
7935 6
7936 2
7937 3
7938 2
7939 3
7940 4
7941 3
7942 4
7943 2
7944 2
7945 4
7946 2
7947 2
7948 2
7949 4
7950 4
7951 3
7952 3
7953 3
7954 4
7955 3
7956 0
7957 3
7958 1
7959 2
7960 2
7961 3
7962 3
7963 2
7964 2
7965 4
7966 6
7967 4
7968 3
7969 3
7970 2
7971 8
7972 2
7973 4
7974 4
7975 4
7976 6
7977 5
7978 3
7979 4
7980 2
7981 5
7982 3
7983 5
7984 3
7985 2
7986 6
7987 3
7988 1
7989 3
7990 4
7991 2
7992 5
7993 4
7994 3
7995 2
7996 1
7997 2
7998 7
7999 5
8000 3
8001 3
8002 4
8003 3
8004 4
8005 2
8006 3
8007 7
8008 2
8009 0
8010 2
8011 4
8012 3
8013 3
8014 4
8015 3
8016 1
8017 2
8018 3
8019 4
8020 2
8021 4
8022 4
8023 4
8024 4
8025 3
8026 4
8027 1
8028 2
8029 1
8030 2
8031 5
8032 4
8033 2
8034 1
8035 4
8036 3
8037 2
8038 3
8039 2
8040 3
8041 4
8042 1
8043 2
8044 3
8045 4
8046 1
8047 7
8048 4
8049 5
8050 3
8051 3
8052 5
8053 3
8054 1
8055 0
8056 0
8057 1
8058 6
8059 3
8060 2
8061 4
8062 2
8063 3
8064 5
8065 2
8066 2
8067 3
8068 2
8069 2
8070 9
8071 2
8072 4
8073 2
8074 7
8075 3
8076 5
8077 2
8078 3
8079 3
8080 5
8081 3
8082 1
8083 0
8084 2
8085 3
8086 3
8087 1
8088 4
8089 4
8090 4
8091 2
8092 4
8093 3
8094 3
8095 4
8096 1
8097 2
8098 5
8099 4
8100 4
8101 5
8102 5
8103 4
8104 5
8105 4
8106 2
8107 4
8108 4
8109 6
8110 8
8111 4
8112 4
8113 2
8114 5
8115 2
8116 2
8117 5
8118 6
8119 5
8120 5
8121 2
8122 6
8123 5
8124 6
8125 3
8126 4
8127 6
8128 2
8129 2
8130 3
8131 0
8132 2
8133 4
8134 2
8135 4
8136 5
8137 4
8138 5
8139 5
8140 3
8141 3
8142 4
8143 1
8144 2
8145 0
8146 2
8147 3
8148 2
8149 0
8150 0
8151 4
8152 3
8153 3
8154 2
8155 2
8156 3
8157 3
8158 2
8159 3
8160 2
8161 5
8162 4
8163 5
8164 3
8165 5
8166 7
8167 2
8168 3
8169 3
8170 1
8171 3
8172 2
8173 4
8174 2
8175 3
8176 5
8177 4
8178 2
8179 5
8180 5
8181 4
8182 2
8183 5
8184 5
8185 4
8186 1
8187 4
8188 2
8189 3
8190 4
8191 4
8192 4
8193 7
8194 2
8195 3
8196 2
8197 4
8198 4
8199 1
8200 5
8201 3
8202 5
8203 4
8204 4
8205 3
8206 2
8207 2
8208 3
8209 5
8210 5
8211 5
8212 2
8213 3
8214 2
8215 5
8216 4
8217 7
8218 2
8219 2
8220 4
8221 1
8222 5
8223 5
8224 5
8225 3
8226 5
8227 0
8228 2
8229 3
8230 4
8231 4
8232 3
8233 3
8234 4
8235 5
8236 4
8237 6
8238 1
8239 0
8240 8
8241 4
8242 3
8243 6
8244 2
8245 1
8246 6
8247 2
8248 4
8249 2
8250 1
8251 1
8252 2
8253 3
8254 3
8255 2
8256 4
8257 6
8258 7
8259 5
8260 3
8261 5
8262 7
8263 6
8264 5
8265 2
8266 2
8267 6
8268 2
8269 3
8270 3
8271 5
8272 5
8273 3
8274 2
8275 4
8276 5
8277 1
8278 4
8279 4
8280 3
8281 5
8282 4
8283 6
8284 2
8285 4
8286 2
8287 3
8288 4
8289 3
8290 6
8291 6
8292 4
8293 1
8294 2
8295 5
8296 4
8297 4
8298 3
8299 4
8300 2
8301 3
8302 2
8303 2
8304 4
8305 4
8306 4
8307 0
8308 2
8309 2
8310 2
8311 4
8312 1
8313 3
8314 3
8315 3
8316 4
8317 4
8318 1
8319 1
8320 2
8321 4
8322 3
8323 0
8324 3
8325 4
8326 2
8327 4
8328 3
8329 4
8330 3
8331 4
8332 3
8333 5
8334 1
8335 4
8336 3
8337 3
8338 4
8339 4
8340 5
8341 3
8342 4
8343 2
8344 1
8345 6
8346 5
8347 4
8348 4
8349 3
8350 3
8351 3
8352 1
8353 3
8354 4
8355 0
8356 3
8357 4
8358 3
8359 3
8360 5
8361 5
8362 4
8363 5
8364 1
8365 2
8366 4
8367 3
8368 7
8369 8
8370 4
8371 1
8372 2
8373 6
8374 6
8375 2
8376 5
8377 3
8378 6
8379 2
8380 1
8381 5
8382 2
8383 5
8384 4
8385 3
8386 3
8387 6
8388 7
8389 5
8390 3
8391 3
8392 6
8393 3
8394 5
8395 2
8396 4
8397 4
8398 2
8399 1
8400 1
8401 6
8402 2
8403 2
8404 5
8405 5
8406 6
8407 2
8408 6
8409 4
8410 1
8411 0
8412 1
8413 5
8414 2
8415 5
8416 4
8417 5
8418 3
8419 5
8420 3
8421 4
8422 4
8423 0
8424 4
8425 4
8426 5
8427 1
8428 2
8429 4
8430 2
8431 2
8432 7
8433 4
8434 2
8435 7
8436 5
8437 3
8438 5
8439 6
8440 3
8441 6
8442 4
8443 5
8444 4
8445 3
8446 2
8447 4
8448 4
8449 4
8450 8
8451 1
8452 4
8453 7
8454 6
8455 4
8456 5
8457 5
8458 6
8459 6
8460 5
8461 3
8462 5
8463 4
8464 6
8465 4
8466 5
8467 2
8468 4
8469 3
8470 4
8471 4
8472 4
8473 5
8474 5
8475 4
8476 2
8477 3
8478 3
8479 5
8480 1
8481 1
8482 4
8483 4
8484 7
8485 4
8486 4
8487 7
8488 4
8489 2
8490 3
8491 3
8492 5
8493 2
8494 7
8495 2
8496 4
8497 4
8498 2
8499 4
8500 5
8501 2
8502 4
8503 3
8504 4
8505 1
8506 3
8507 3
8508 1
8509 0
8510 4
8511 2
8512 4
8513 1
8514 4
8515 6
8516 4
8517 2
8518 4
8519 1
8520 4
8521 2
8522 2
8523 2
8524 4
8525 6
8526 3
8527 5
8528 5
8529 3
8530 2
8531 5
8532 2
8533 1
8534 5
8535 5
8536 4
8537 3
8538 2
8539 3
8540 1
8541 4
8542 3
8543 3
8544 2
8545 2
8546 3
8547 3
8548 3
8549 5
8550 4
8551 1
8552 4
8553 4
8554 2
8555 2
8556 3
8557 4
8558 4
8559 4
8560 2
8561 4
8562 4
8563 2
8564 4
8565 3
8566 3
8567 2
8568 4
8569 3
8570 3
8571 2
8572 2
8573 8
8574 5
8575 5
8576 3
8577 5
8578 4
8579 7
8580 4
8581 4
8582 3
8583 5
8584 3
8585 1
8586 4
8587 2
8588 1
8589 2
8590 5
8591 3
8592 3
8593 4
8594 3
8595 6
8596 5
8597 3
8598 1
8599 4
8600 1
8601 3
8602 2
8603 5
8604 2
8605 6
8606 3
8607 2
8608 4
8609 5
8610 6
8611 7
8612 4
8613 2
8614 2
8615 6
8616 3
8617 4
8618 4
8619 3
8620 5
8621 3
8622 3
8623 4
8624 4
8625 3
8626 3
8627 0
8628 1
8629 2
8630 2
8631 5
8632 1
8633 0
8634 2
8635 1
8636 4
8637 2
8638 3
8639 6
8640 2
8641 4
8642 3
8643 3
8644 1
8645 4
8646 3
8647 1
8648 3
8649 5
8650 4
8651 4
8652 2
8653 3
8654 1
8655 3
8656 3
8657 3
8658 2
8659 0
8660 4
8661 4
8662 3
8663 1
8664 2
8665 4
8666 4
8667 5
8668 1
8669 2
8670 6
8671 1
8672 3
8673 3
8674 4
8675 3
8676 1
8677 5
8678 2
8679 0
8680 4
8681 5
8682 1
8683 1
8684 2
8685 1
8686 1
8687 2
8688 3
8689 1
8690 4
8691 3
8692 2
8693 6
8694 0
8695 3
8696 2
8697 0
8698 3
8699 0
8700 3
8701 6
8702 3
8703 4
8704 1
8705 3
8706 5
8707 1
8708 2
8709 2
8710 5
8711 3
8712 2
8713 0
8714 3
8715 4
8716 2
8717 4
8718 2
8719 4
8720 3
8721 2
8722 3
8723 2
8724 9
8725 6
8726 5
8727 3
8728 5
8729 3
8730 6
8731 4
8732 3
8733 3
8734 2
8735 4
8736 3
8737 3
8738 2
8739 8
8740 5
8741 4
8742 3
8743 1
8744 2
8745 4
8746 1
8747 4
8748 3
8749 4
8750 3
8751 3
8752 2
8753 2
8754 6
8755 5
8756 3
8757 4
8758 4
8759 5
8760 4
8761 3
8762 3
8763 0
8764 3
8765 2
8766 1
8767 4
8768 4
8769 5
8770 4
8771 5
8772 4
8773 4
8774 2
8775 4
8776 4
8777 4
8778 2
8779 3
8780 2
8781 5
8782 4
8783 3
8784 3
8785 5
8786 1
8787 5
8788 2
8789 3
8790 1
8791 3
8792 2
8793 3
8794 3
8795 4
8796 4
8797 4
8798 3
8799 3
8800 2
8801 3
8802 1
8803 4
8804 1
8805 5
8806 2
8807 5
8808 5
8809 3
8810 4
8811 6
8812 0
8813 0
8814 0
8815 5
8816 2
8817 4
8818 3
8819 3
8820 1
8821 4
8822 2
8823 2
8824 3
8825 3
8826 1
8827 4
8828 3
8829 3
8830 1
8831 1
8832 1
8833 5
8834 2
8835 4
8836 0
8837 6
8838 4
8839 2
8840 3
8841 1
8842 5
8843 2
8844 1
8845 3
8846 2
8847 5
8848 3
8849 6
8850 3
8851 3
8852 4
8853 2
8854 5
8855 2
8856 3
8857 5
8858 4
8859 6
8860 5
8861 3
8862 3
8863 4
8864 4
8865 0
8866 0
8867 4
8868 2
8869 4
8870 1
8871 1
8872 3
8873 1
8874 0
8875 0
8876 2
8877 3
8878 4
8879 3
8880 4
8881 4
8882 2
8883 1
8884 1
8885 2
8886 3
8887 2
8888 2
8889 4
8890 3
8891 1
8892 4
8893 7
8894 3
8895 4
8896 2
8897 1
8898 2
8899 7
8900 2
8901 6
8902 3
8903 3
8904 5
8905 4
8906 5
8907 3
8908 3
8909 3
8910 2
8911 3
8912 4
8913 3
8914 5
8915 4
8916 7
8917 7
8918 2
8919 4
8920 6
8921 4
8922 2
8923 8
8924 4
8925 4
8926 4
8927 4
8928 2
8929 6
8930 6
8931 4
8932 3
8933 2
8934 5
8935 4
8936 5
8937 5
8938 5
8939 6
8940 2
8941 1
8942 2
8943 1
8944 3
8945 5
8946 6
8947 3
8948 6
8949 2
8950 2
8951 4
8952 4
8953 4
8954 2
8955 1
8956 1
8957 2
8958 5
8959 3
8960 2
8961 4
8962 3
8963 3
8964 6
8965 3
8966 2
8967 1
8968 2
8969 4
8970 2
8971 1
8972 6
8973 3
8974 3
8975 3
8976 4
8977 3
8978 4
8979 4
8980 5
8981 2
8982 3
8983 5
8984 5
8985 4
8986 3
8987 3
8988 5
8989 4
8990 5
8991 6
8992 6
8993 6
8994 4
8995 6
8996 4
8997 8
8998 4
8999 7
9000 4
9001 3
9002 2
9003 6
9004 5
9005 1
9006 1
9007 1
9008 4
9009 1
9010 2
9011 3
9012 1
9013 3
9014 1
9015 2
9016 4
9017 3
9018 1
9019 1
9020 4
9021 3
9022 2
9023 2
9024 0
9025 4
9026 2
9027 3
9028 1
9029 5
9030 1
9031 3
9032 1
9033 4
9034 2
9035 3
9036 1
9037 3
9038 6
9039 2
9040 3
9041 4
9042 3
9043 3
9044 4
9045 7
9046 5
9047 7
9048 7
9049 5
9050 6
9051 2
9052 5
9053 2
9054 0
9055 3
9056 6
9057 5
9058 3
9059 1
9060 2
9061 4
9062 4
9063 1
9064 3
9065 4
9066 3
9067 0
9068 2
9069 4
9070 3
9071 3
9072 3
9073 3
9074 5
9075 1
9076 5
9077 4
9078 3
9079 2
9080 2
9081 2
9082 4
9083 1
9084 3
9085 5
9086 4
9087 2
9088 4
9089 3
9090 2
9091 2
9092 3
9093 1
9094 5
9095 2
9096 6
9097 2
9098 4
9099 2
9100 4
9101 2
9102 7
9103 5
9104 2
9105 4
9106 7
9107 3
9108 3
9109 1
9110 3
9111 1
9112 6
9113 3
9114 4
9115 1
9116 6
9117 4
9118 4
9119 2
9120 3
9121 4
9122 3
9123 2
9124 5
9125 3
9126 4
9127 2
9128 4
9129 3
9130 2
9131 3
9132 3
9133 2
9134 4
9135 5
9136 3
9137 3
9138 4
9139 2
9140 3
9141 0
9142 2
9143 4
9144 2
9145 3
9146 5
9147 2
9148 3
9149 4
9150 2
9151 8
9152 3
9153 2
9154 3
9155 3
9156 3
9157 2
9158 3
9159 5
9160 1
9161 1
9162 3
9163 4
9164 4
9165 4
9166 5
9167 4
9168 1
9169 4
9170 5
9171 3
9172 5
9173 2
9174 5
9175 3
9176 4
9177 7
9178 3
9179 2
9180 5
9181 4
9182 6
9183 4
9184 3
9185 4
9186 4
9187 1
9188 5
9189 1
9190 6
9191 5
9192 2
9193 3
9194 1
9195 3
9196 3
9197 2
9198 6
9199 6
9200 7
9201 3
9202 1
9203 8
9204 4
9205 4
9206 2
9207 4
9208 5
9209 3
9210 3
9211 2
9212 2
9213 5
9214 1
9215 1
9216 3
9217 5
9218 3
9219 2
9220 5
9221 5
9222 3
9223 6
9224 1
9225 3
9226 3
9227 3
9228 1
9229 2
9230 5
9231 4
9232 4
9233 1
9234 3
9235 3
9236 4
9237 2
9238 1
9239 6
9240 1
9241 5
9242 2
9243 4
9244 3
9245 1
9246 3
9247 3
9248 2
9249 3
9250 4
9251 3
9252 3
9253 2
9254 4
9255 2
9256 3
9257 4
9258 3
9259 3
9260 2
9261 4
9262 3
9263 3
9264 1
9265 4
9266 5
9267 4
9268 7
9269 4
9270 4
9271 4
9272 2
9273 4
9274 2
9275 5
9276 1
9277 2
9278 7
9279 2
9280 6
9281 4
9282 3
9283 5
9284 2
9285 1
9286 3
9287 4
9288 4
9289 4
9290 3
9291 3
9292 2
9293 5
9294 1
9295 5
9296 6
9297 4
9298 3
9299 2
9300 3
9301 3
9302 5
9303 5
9304 2
9305 5
9306 1
9307 3
9308 2
9309 0
9310 0
9311 6
9312 3
9313 2
9314 2
9315 1
9316 2
9317 2
9318 2
9319 1
9320 2
9321 6
9322 3
9323 2
9324 3
9325 5
9326 3
9327 4
9328 3
9329 3
9330 4
9331 3
9332 1
9333 2
9334 4
9335 0
9336 1
9337 1
9338 3
9339 2
9340 0
9341 4
9342 4
9343 2
9344 2
9345 8
9346 3
9347 3
9348 4
9349 6
9350 5
9351 1
9352 0
9353 7
9354 4
9355 4
9356 3
9357 4
9358 1
9359 6
9360 4
9361 2
9362 2
9363 6
9364 2
9365 7
9366 2
9367 1
9368 5
9369 1
9370 2
9371 3
9372 1
9373 2
9374 2
9375 1
9376 1
9377 2
9378 3
9379 5
9380 5
9381 2
9382 0
9383 2
9384 7
9385 2
9386 3
9387 3
9388 0
9389 3
9390 3
9391 2
9392 4
9393 3
9394 2
9395 2
9396 2
9397 4
9398 0
9399 4
9400 0
9401 1
9402 3
9403 1
9404 1
9405 3
9406 4
9407 1
9408 1
9409 4
9410 3
9411 3
9412 3
9413 1
9414 1
9415 2
9416 2
9417 4
9418 3
9419 2
9420 3
9421 5
9422 3
9423 2
9424 3
9425 2
9426 2
9427 4
9428 2
9429 3
9430 3
9431 3
9432 4
9433 4
9434 1
9435 1
9436 4
9437 5
9438 3
9439 4
9440 0
9441 3
9442 1
9443 3
9444 2
9445 4
9446 2
9447 7
9448 6
9449 3
9450 5
9451 2
9452 6
9453 1
9454 2
9455 5
9456 5
9457 4
9458 3
9459 5
9460 3
9461 2
9462 3
9463 4
9464 1
9465 3
9466 1
9467 3
9468 4
9469 1
9470 6
9471 4
9472 1
9473 4
9474 4
9475 5
9476 1
9477 5
9478 2
9479 6
9480 1
9481 2
9482 2
9483 2
9484 1
9485 0
9486 4
9487 5
9488 4
9489 2
9490 2
9491 3
9492 2
9493 6
9494 3
9495 3
9496 5
9497 2
9498 1
9499 6
9500 3
9501 4
9502 4
9503 4
9504 4
9505 4
9506 6
9507 4
9508 3
9509 7
9510 4
9511 5
9512 4
9513 4
9514 1
9515 3
9516 3
9517 4
9518 3
9519 2
9520 3
9521 5
9522 5
9523 1
9524 2
9525 2
9526 2
9527 3
9528 3
9529 4
9530 4
9531 3
9532 6
9533 2
9534 5
9535 1
9536 5
9537 3
9538 1
9539 7
9540 6
9541 1
9542 1
9543 4
9544 1
9545 3
9546 4
9547 2
9548 5
9549 6
9550 5
9551 4
9552 4
9553 4
9554 4
9555 5
9556 5
9557 2
9558 3
9559 5
9560 2
9561 5
9562 4
9563 6
9564 4
9565 5
9566 5
9567 3
9568 5
9569 5
9570 5
9571 6
9572 4
9573 3
9574 3
9575 3
9576 0
9577 3
9578 1
9579 2
9580 5
9581 3
9582 4
9583 4
9584 6
9585 4
9586 3
9587 1
9588 4
9589 4
9590 3
9591 5
9592 2
9593 3
9594 5
9595 5
9596 1
9597 1
9598 4
9599 7
9600 3
9601 5
9602 4
9603 2
9604 6
9605 5
9606 5
9607 2
9608 7
9609 3
9610 4
9611 3
9612 0
9613 4
9614 2
9615 5
9616 3
9617 3
9618 5
9619 1
9620 1
9621 2
9622 3
9623 2
9624 2
9625 3
9626 7
9627 4
9628 6
9629 7
9630 3
9631 3
9632 1
9633 6
9634 4
9635 2
9636 5
9637 3
9638 2
9639 4
9640 0
9641 5
9642 4
9643 4
9644 4
9645 6
9646 4
9647 2
9648 5
9649 5
9650 6
9651 2
9652 3
9653 3
9654 5
9655 4
9656 5
9657 6
9658 4
9659 4
9660 3
9661 1
9662 3
9663 1
9664 4
9665 4
9666 4
9667 1
9668 2
9669 2
9670 7
9671 5
9672 5
9673 4
9674 4
9675 3
9676 1
9677 3
9678 5
9679 7
9680 2
9681 4
9682 4
9683 3
9684 3
9685 3
9686 4
9687 2
9688 2
9689 2
9690 2
9691 4
9692 5
9693 3
9694 6
9695 4
9696 2
9697 3
9698 3
9699 1
9700 3
9701 0
9702 4
9703 6
9704 4
9705 5
9706 7
9707 4
9708 3
9709 3
9710 1
9711 5
9712 1
9713 2
9714 0
9715 3
9716 3
9717 3
9718 5
9719 4
9720 4
9721 5
9722 3
9723 2
9724 4
9725 3
9726 4
9727 2
9728 4
9729 2
9730 2
9731 4
9732 3
9733 1
9734 3
9735 2
9736 1
9737 2
9738 0
9739 2
9740 2
9741 2
9742 2
9743 1
9744 4
9745 2
9746 3
9747 3
9748 2
9749 3
9750 1
9751 3
9752 2
9753 5
9754 2
9755 0
9756 4
9757 3
9758 4
9759 1
9760 1
9761 7
9762 3
9763 3
9764 5
9765 3
9766 3
9767 1
9768 5
9769 4
9770 3
9771 3
9772 3
9773 5
9774 5
9775 1
9776 5
9777 0
9778 2
9779 3
9780 0
9781 3
9782 2
9783 3
9784 3
9785 2
9786 5
9787 7
9788 2
9789 2
9790 4
9791 3
9792 1
9793 3
9794 3
9795 4
9796 5
9797 2
9798 3
9799 1
9800 2
9801 1
9802 3
9803 3
9804 2
9805 2
9806 1
9807 1
9808 2
9809 3
9810 2
9811 1
9812 1
9813 0
9814 2
9815 2
9816 4
9817 3
9818 5
9819 3
9820 1
9821 2
9822 5
9823 2
9824 2
9825 5
9826 5
9827 4
9828 3
9829 3
9830 2
9831 6
9832 4
9833 3
9834 2
9835 3
9836 2
9837 1
9838 1
9839 1
9840 2
9841 4
9842 4
9843 4
9844 2
9845 4
9846 6
9847 4
9848 2
9849 4
9850 3
9851 4
9852 2
9853 4
9854 5
9855 4
9856 2
9857 3
9858 4
9859 3
9860 5
9861 5
9862 7
9863 4
9864 3
9865 3
9866 4
9867 4
9868 3
9869 7
9870 5
9871 4
9872 1
9873 4
9874 4
9875 2
9876 3
9877 4
9878 2
9879 3
9880 3
9881 4
9882 4
9883 0
9884 4
9885 6
9886 1
9887 3
9888 3
9889 3
9890 5
9891 3
9892 7
9893 4
9894 4
9895 4
9896 2
9897 1
9898 3
9899 2
9900 4
9901 5
9902 5
9903 4
9904 6
9905 5
9906 4
9907 6
9908 7
9909 0
9910 4
9911 3
9912 2
9913 2
9914 2
9915 7
9916 2
9917 7
9918 4
9919 1
9920 1
9921 3
9922 3
9923 2
9924 0
9925 6
9926 6
9927 4
9928 1
9929 5
9930 4
9931 5
9932 6
9933 5
9934 6
9935 2
9936 2
9937 4
9938 3
9939 3
9940 4
9941 4
9942 5
9943 4
9944 3
9945 2
9946 1
9947 0
9948 2
9949 3
9950 1
9951 2
9952 2
9953 1
9954 4
9955 4
9956 5
9957 5
9958 3
9959 4
9960 1
9961 5
9962 5
9963 5
9964 5
9965 2
9966 3
9967 1
9968 3
9969 2
9970 3
9971 3
9972 2
9973 0
9974 4
9975 6
9976 2
9977 4
9978 4
9979 1
9980 4
9981 5
9982 6
9983 4
9984 5
9985 4
9986 2
9987 5
9988 1
9989 3
9990 5
9991 4
9992 5
9993 3
9994 5
9995 4
9996 3
9997 7
9998 2
9999 4
10000 5
10001 7
