0 4
1 6
2 2
3 3
4 2
5 1
6 1
7 3
8 4
9 6
10 4
11 4
12 2
13 6
14 5
15 3
16 3
17 3
18 4
19 4
20 1
21 0
22 2
23 3
24 4
25 3
26 1
27 2
28 2
29 4
30 3
31 3
32 5
33 4
34 3
35 2
36 1
37 4
38 6
39 4
40 6
41 3
42 4
43 6
44 4
45 7
46 0
47 2
48 4
49 3
50 5
51 2
52 4
53 2
54 4
55 2
56 5
57 2
58 3
59 2
60 5
61 1
62 6
63 4
64 3
65 4
66 3
67 2
68 3
69 4
70 0
71 1
72 0
73 3
74 0
75 3
76 3
77 6
78 4
79 3
80 2
81 5
82 3
83 0
84 1
85 2
86 2
87 1
88 2
89 1
90 2
91 4
92 2
93 3
94 2
95 4
96 3
97 5
98 3
99 4
100 2
101 2
102 1
103 2
104 2
105 0
106 1
107 4
108 7
109 4
110 4
111 4
112 4
113 4
114 4
115 3
116 2
117 5
118 1
119 2
120 2
121 3
122 2
123 3
124 2
125 2
126 2
127 6
128 2
129 3
130 5
131 0
132 2
133 2
134 5
135 2
136 3
137 5
138 2
139 5
140 8
141 5
142 4
143 5
144 5
145 4
146 3
147 3
148 4
149 6
150 3
151 4
152 5
153 4
154 3
155 7
156 4
157 5
158 2
159 3
160 5
161 0
162 4
163 3
164 3
165 1
166 3
167 1
168 3
169 4
170 3
171 3
172 3
173 4
174 4
175 3
176 6
177 3
178 2
179 2
180 4
181 1
182 2
183 3
184 1
185 3
186 4
187 3
188 2
189 7
190 3
191 4
192 2
193 3
194 3
195 1
196 1
197 3
198 3
199 2
200 2
201 5
202 3
203 2
204 1
205 2
206 4
207 2
208 6
209 1
210 3
211 3
212 3
213 5
214 4
215 2
216 3
217 3
218 4
219 5
220 3
221 2
222 2
223 1
224 2
225 2
226 3
227 2
228 4
229 1
230 4
231 4
232 4
233 3
234 4
235 1
236 2
237 2
238 6
239 3
240 5
241 3
242 4
243 3
244 0
245 4
246 6
247 6
248 4
249 5
250 5
251 5
252 3
253 5
254 4
255 2
256 4
257 1
258 2
259 1
260 3
261 3
262 1
263 1
264 1
265 4
266 4
267 3
268 2
269 2
270 2
271 1
272 4
273 0
274 4
275 5
276 5
277 2
278 0
279 3
280 2
281 1
282 2
283 0
284 2
285 7
286 2
287 4
288 1
289 4
290 1
291 0
292 3
293 2
294 3
295 2
296 1
297 2
298 1
299 1
300 1
301 2
302 0
303 1
304 1
305 3
306 2
307 2
308 1
309 1
310 5
311 1
312 3
313 6
314 2
315 1
316 2
317 2
318 1
319 2
320 3
321 4
322 2
323 1
324 1
325 2
326 2
327 1
328 2
329 6
330 1
331 3
332 2
333 0
334 3
335 2
336 2
337 4
338 1
339 2
340 3
341 4
342 2
343 0
344 2
345 1
346 2
347 1
348 3
349 1
350 1
351 2
352 3
353 4
354 4
355 2
356 4
357 2
358 3
359 1
360 0
361 2
362 2
363 3
364 2
365 1
366 2
367 2
368 3
369 2
370 6
371 4
372 3
373 3
374 2
375 1
376 2
377 2
378 2
379 0
380 1
381 1
382 2
383 3
384 3
385 1
386 2
387 2
388 6
389 3
390 2
391 2
392 1
393 2
394 2
395 2
396 1
397 1
398 3
399 1
400 0
401 1
402 1
403 1
404 2
405 1
406 3
407 0
408 1
409 2
410 3
411 3
412 1
413 1
414 0
415 1
416 1
417 1
418 1
419 1
420 1
421 1
422 3
423 2
424 2
425 3
426 2
427 2
428 2
429 3
430 2
431 2
432 3
433 3
434 0
435 1
436 3
437 2
438 4
439 0
440 2
441 2
442 4
443 1
444 0
445 3
446 3
447 1
448 4
449 4
450 1
451 1
452 2
453 3
454 0
455 1
456 1
457 2
458 2
459 1
460 2
461 0
462 1
463 2
464 2
465 2
466 2
467 1
468 2
469 2
470 1
471 1
472 4
473 2
474 4
475 3
476 3
477 2
478 3
479 2
480 3
481 3
482 1
483 1
484 3
485 1
486 2
487 3
488 2
489 2
490 3
491 2
492 3
493 4
494 2
495 1
496 2
497 2
498 2
499 3
500 1
501 1
502 3
503 2
504 0
505 1
506 0
507 1
508 1
509 1
510 1
511 0
512 3
513 4
514 4
515 1
516 2
517 2
518 3
519 4
520 3
521 3
522 5
523 3
524 3
525 1
526 4
527 4
528 3
529 3
530 1
531 0
532 0
533 3
534 2
535 1
536 3
537 2
538 4
539 3
540 2
541 2
542 3
543 3
544 3
545 1
546 1
547 4
548 4
549 3
550 5
551 1
552 3
553 2
554 3
555 0
556 4
557 4
558 0
559 3
560 2
561 4
562 1
563 6
564 3
565 7
566 5
567 3
568 1
569 2
570 2
571 3
572 5
573 5
574 1
575 1
576 2
577 2
578 2
579 3
580 1
581 2
582 1
583 2
584 0
585 6
586 3
587 2
588 0
589 1
590 3
591 5
592 5
593 5
594 1
595 1
596 1
597 3
598 3
599 3
600 4
601 2
602 1
603 0
604 2
605 2
606 1
607 0
608 1
609 1
610 3
611 0
612 2
613 4
614 4
615 1
616 0
617 3
618 3
619 3
620 3
621 3
622 3
623 3
624 2
625 2
626 2
627 1
628 0
629 1
630 2
631 4
632 2
633 0
634 1
635 2
636 3
637 5
638 4
639 2
640 3
641 3
642 2
643 6
644 3
645 1
646 3
647 2
648 3
649 2
650 2
651 3
652 0
653 3
654 3
655 0
656 6
657 1
658 4
659 4
660 4
661 2
662 5
663 1
664 4
665 2
666 4
667 2
668 3
669 5
670 4
671 2
672 4
673 7
674 3
675 4
676 3
677 0
678 3
679 0
680 2
681 1
682 0
683 5
684 3
685 2
686 2
687 1
688 3
689 4
690 1
691 2
692 3
693 3
694 5
695 1
696 1
697 3
698 4
699 1
700 6
701 3
702 3
703 4
704 2
705 4
706 4
707 0
708 3
709 2
710 5
711 1
712 4
713 1
714 2
715 2
716 3
717 3
718 1
719 0
720 1
721 2
722 2
723 5
724 4
725 3
726 1
727 2
728 3
729 3
730 2
731 4
732 2
733 1
734 1
735 5
736 0
737 0
738 1
739 3
740 3
741 4
742 2
743 2
744 3
745 3
746 3
747 4
748 1
749 1
750 3
751 2
752 4
753 4
754 4
755 3
756 5
757 2
758 3
759 3
760 1
761 3
762 2
763 3
764 4
765 4
766 3
767 4
768 2
769 2
770 2
771 2
772 2
773 1
774 0
775 2
776 4
777 1
778 2
779 3
780 7
781 2
782 3
783 2
784 2
785 3
786 2
787 1
788 3
789 2
790 2
791 2
792 0
793 0
794 0
795 1
796 3
797 1
798 2
799 2
800 1
801 2
802 2
803 2
804 6
805 2
806 1
807 3
808 3
809 3
810 4
811 2
812 3
813 0
814 2
815 3
816 3
817 3
818 5
819 2
820 5
821 1
822 0
823 3
824 2
825 2
826 2
827 5
828 2
829 2
830 1
831 1
832 0
833 2
834 3
835 3
836 3
837 1
838 4
839 2
840 2
841 4
842 3
843 5
844 3
845 4
846 2
847 3
848 3
849 5
850 3
851 3
852 2
853 1
854 1
855 0
856 0
857 2
858 4
859 3
860 2
861 3
862 0
863 1
864 2
865 0
866 4
867 3
868 5
869 1
870 2
871 1
872 3
873 0
874 3
875 3
876 2
877 3
878 3
879 2
880 2
881 1
882 2
883 2
884 3
885 1
886 1
887 3
888 1
889 3
890 1
891 3
892 1
893 0
894 2
895 2
896 1
897 2
898 2
899 3
900 3
901 1
902 4
903 1
904 2
905 4
906 1
907 3
908 2
909 2
910 1
911 3
912 3
913 3
914 2
915 1
916 2
917 2
918 2
919 1
920 2
921 1
922 2
923 6
924 2
925 0
926 5
927 4
928 1
929 3
930 4
931 2
932 4
933 2
934 3
935 2
936 0
937 0
938 2
939 1
940 2
941 5
942 3
943 1
944 0
945 2
946 1
947 1
948 2
949 1
950 3
951 1
952 4
953 1
954 2
955 2
956 3
957 3
958 0
959 2
960 1
961 2
962 2
963 4
964 2
965 4
966 2
967 3
968 5
969 3
970 2
971 4
972 5
973 3
974 1
975 1
976 1
977 5
978 4
979 1
980 1
981 3
982 5
983 2
984 3
985 2
986 2
987 5
988 1
989 3
990 4
991 2
992 1
993 3
994 2
995 0
996 1
997 0
998 2
999 2
1000 1
1001 3
1002 3
1003 3
1004 1
1005 2
1006 0
1007 1
1008 2
1009 2
1010 3
1011 2
1012 2
1013 2
1014 1
1015 1
1016 1
1017 1
1018 0
1019 1
1020 0
1021 1
1022 0
1023 0
1024 2
1025 0
1026 2
1027 2
1028 0
1029 2
1030 3
1031 0
1032 2
1033 1
1034 1
1035 0
1036 2
1037 2
1038 1
1039 1
1040 1
1041 0
1042 2
1043 1
1044 2
1045 2
1046 0
1047 1
1048 0
1049 0
1050 2
1051 1
1052 0
1053 0
1054 0
1055 1
1056 0
1057 2
1058 1
1059 2
1060 3
1061 0
1062 1
1063 2
1064 2
1065 0
1066 1
1067 0
1068 2
1069 2
1070 1
1071 0
1072 2
1073 1
1074 0
1075 2
1076 3
1077 0
1078 2
1079 1
1080 3
1081 2
1082 2
1083 3
1084 1
1085 3
1086 1
1087 3
1088 2
1089 2
1090 1
1091 3
1092 3
1093 1
1094 0
1095 0
1096 1
1097 1
1098 2
1099 4
1100 2
1101 3
1102 2
1103 1
1104 2
1105 0
1106 1
1107 0
1108 3
1109 2
1110 0
1111 0
1112 0
1113 1
1114 4
1115 1
1116 1
1117 2
1118 1
1119 1
1120 2
1121 3
1122 1
1123 1
1124 2
1125 0
1126 2
1127 0
1128 2
1129 3
1130 1
1131 1
1132 2
1133 2
1134 2
1135 2
1136 2
1137 1
1138 2
1139 1
1140 1
1141 1
1142 1
1143 2
1144 1
1145 0
1146 4
1147 0
1148 1
1149 1
1150 5
1151 0
1152 2
1153 0
1154 0
1155 3
1156 0
1157 0
1158 1
1159 2
1160 4
1161 5
1162 2
1163 0
1164 2
1165 2
1166 2
1167 0
1168 3
1169 2
1170 3
1171 2
1172 1
1173 1
1174 2
1175 2
1176 4
1177 3
1178 1
1179 0
1180 3
1181 4
1182 2
1183 2
1184 4
1185 4
1186 4
1187 3
1188 2
1189 1
1190 4
1191 2
1192 4
1193 3
1194 1
1195 4
1196 2
1197 4
1198 3
1199 3
1200 5
1201 3
1202 2
1203 4
1204 5
1205 0
1206 4
1207 1
1208 3
1209 5
1210 3
1211 3
1212 2
1213 2
1214 1
1215 0
1216 2
1217 2
1218 3
1219 2
1220 3
1221 2
1222 1
1223 2
1224 1
1225 1
1226 2
1227 2
1228 1
1229 3
1230 2
1231 2
1232 0
1233 2
1234 3
1235 3
1236 3
1237 4
1238 5
1239 0
1240 1
1241 4
1242 1
1243 1
1244 2
1245 2
1246 1
1247 2
1248 2
1249 6
1250 0
1251 3
1252 2
1253 2
1254 2
1255 1
1256 2
1257 1
1258 2
1259 4
1260 2
1261 2
1262 3
1263 1
1264 3
1265 3
1266 2
1267 0
1268 2
1269 1
1270 2
1271 3
1272 3
1273 2
1274 1
1275 2
1276 1
1277 2
1278 2
1279 0
1280 1
1281 1
1282 2
1283 2
1284 1
1285 1
1286 0
1287 0
1288 0
1289 2
1290 2
1291 2
1292 0
1293 5
1294 3
1295 0
1296 0
1297 0
1298 3
1299 3
1300 1
1301 2
1302 2
1303 4
1304 4
1305 1
1306 5
1307 4
1308 1
1309 1
1310 1
1311 2
1312 2
1313 0
1314 2
1315 2
1316 2
1317 2
1318 0
1319 0
1320 2
1321 3
1322 5
1323 2
1324 1
1325 2
1326 3
1327 1
1328 2
1329 3
1330 5
1331 2
1332 0
1333 3
1334 1
1335 3
1336 1
1337 2
1338 1
1339 1
1340 1
1341 2
1342 4
1343 1
1344 1
1345 2
1346 4
1347 2
1348 3
1349 2
1350 2
1351 1
1352 1
1353 3
1354 2
1355 1
1356 1
1357 2
1358 1
1359 1
1360 4
1361 3
1362 1
1363 2
1364 4
1365 2
1366 1
1367 2
1368 3
1369 2
1370 1
1371 2
1372 4
1373 1
1374 2
1375 7
1376 2
1377 4
1378 3
1379 3
1380 2
1381 1
1382 3
1383 2
1384 4
1385 1
1386 2
1387 2
1388 3
1389 2
1390 2
1391 5
1392 5
1393 0
1394 1
1395 3
1396 0
1397 3
1398 1
1399 4
1400 1
1401 0
1402 4
1403 2
1404 2
1405 3
1406 3
1407 4
1408 2
1409 2
1410 2
1411 4
1412 3
1413 4
1414 2
1415 2
1416 2
1417 2
1418 5
1419 6
1420 3
1421 5
1422 3
1423 4
1424 2
1425 4
1426 3
1427 3
1428 3
1429 1
1430 0
1431 3
1432 4
1433 1
1434 4
1435 2
1436 0
1437 3
1438 5
1439 3
1440 2
1441 1
1442 2
1443 2
1444 2
1445 3
1446 2
1447 2
1448 3
1449 2
1450 3
1451 1
1452 5
1453 1
1454 0
1455 2
1456 2
1457 3
1458 1
1459 2
1460 1
1461 3
1462 1
1463 0
1464 1
1465 1
1466 0
1467 3
1468 2
1469 1
1470 1
1471 2
1472 0
1473 2
1474 0
1475 4
1476 3
1477 0
1478 1
1479 0
1480 2
1481 4
1482 0
1483 3
1484 2
1485 0
1486 2
1487 4
1488 2
1489 1
1490 1
1491 2
1492 4
1493 1
1494 0
1495 1
1496 2
1497 2
1498 1
1499 3
1500 1
1501 1
1502 3
1503 2
1504 2
1505 2
1506 1
1507 1
1508 2
1509 0
1510 1
1511 3
1512 1
1513 1
1514 2
1515 2
1516 2
1517 0
1518 1
1519 1
1520 3
1521 0
1522 2
1523 3
1524 3
1525 1
1526 4
1527 1
1528 2
1529 3
1530 0
1531 2
1532 3
1533 2
1534 2
1535 0
1536 1
1537 3
1538 1
1539 4
1540 3
1541 1
1542 3
1543 1
1544 1
1545 1
1546 3
1547 0
1548 0
1549 0
1550 2
1551 2
1552 2
1553 2
1554 0
1555 2
1556 1
1557 2
1558 2
1559 1
1560 0
1561 1
1562 3
1563 0
1564 2
1565 1
1566 1
1567 2
1568 0
1569 1
1570 3
1571 2
1572 2
1573 1
1574 2
1575 1
1576 4
1577 1
1578 1
1579 2
1580 5
1581 1
1582 2
1583 2
1584 5
1585 2
1586 0
1587 1
1588 0
1589 1
1590 0
1591 2
1592 1
1593 4
1594 3
1595 3
1596 2
1597 1
1598 1
1599 2
1600 1
1601 0
1602 3
1603 3
1604 4
1605 2
1606 1
1607 1
1608 1
1609 2
1610 2
1611 2
1612 1
1613 0
1614 1
1615 2
1616 2
1617 1
1618 0
1619 1
1620 0
1621 2
1622 4
1623 2
1624 1
1625 1
1626 2
1627 0
1628 1
1629 6
1630 3
1631 2
1632 1
1633 3
1634 3
1635 2
1636 1
1637 1
1638 2
1639 2
1640 1
1641 2
1642 1
1643 2
1644 3
1645 5
1646 2
1647 2
1648 1
1649 2
1650 2
1651 4
1652 2
1653 3
1654 3
1655 0
1656 3
1657 2
1658 1
1659 1
1660 4
1661 2
1662 4
1663 3
1664 2
1665 0
1666 3
1667 2
1668 2
1669 0
1670 3
1671 3
1672 2
1673 0
1674 0
1675 3
1676 2
1677 1
1678 2
1679 2
1680 0
1681 3
1682 3
1683 2
1684 1
1685 1
1686 1
1687 4
1688 1
1689 2
1690 3
1691 3
1692 1
1693 3
1694 3
1695 4
1696 3
1697 1
1698 0
1699 0
1700 2
1701 3
1702 1
1703 1
1704 2
1705 2
1706 2
1707 2
1708 1
1709 0
1710 4
1711 0
1712 5
1713 2
1714 1
1715 3
1716 3
1717 2
1718 3
1719 1
1720 2
1721 0
1722 1
1723 1
1724 4
1725 2
1726 1
1727 3
1728 1
1729 3
1730 0
1731 3
1732 2
1733 2
1734 4
1735 2
1736 5
1737 3
1738 4
1739 2
1740 1
1741 1
1742 1
1743 3
1744 2
1745 1
1746 1
1747 2
1748 3
1749 0
1750 3
1751 4
1752 5
1753 3
1754 1
1755 3
1756 2
1757 3
1758 3
1759 2
1760 1
1761 2
1762 2
1763 4
1764 1
1765 4
1766 1
1767 3
1768 2
1769 2
1770 1
1771 1
1772 2
1773 2
1774 4
1775 3
1776 0
1777 3
1778 2
1779 1
1780 2
1781 5
1782 0
1783 2
1784 3
1785 2
1786 3
1787 1
1788 2
1789 1
1790 1
1791 4
1792 2
1793 2
1794 3
1795 1
1796 1
1797 0
1798 5
1799 6
1800 2
1801 2
1802 1
1803 6
1804 1
1805 1
1806 2
1807 3
1808 2
1809 3
1810 2
1811 3
1812 0
1813 1
1814 2
1815 0
1816 0
1817 2
1818 2
1819 1
1820 1
1821 2
1822 2
1823 2
1824 2
1825 0
1826 1
1827 0
1828 0
1829 1
1830 2
1831 3
1832 2
1833 1
1834 0
1835 1
1836 1
1837 3
1838 0
1839 2
1840 2
1841 2
1842 1
1843 2
1844 2
1845 1
1846 0
1847 0
1848 2
1849 1
1850 3
1851 0
1852 1
1853 0
1854 2
1855 2
1856 0
1857 1
1858 1
1859 1
1860 0
1861 4
1862 1
1863 2
1864 1
1865 2
1866 4
1867 1
1868 1
1869 3
1870 2
1871 3
1872 2
1873 1
1874 1
1875 1
1876 2
1877 1
1878 1
1879 3
1880 3
1881 5
1882 3
1883 0
1884 1
1885 3
1886 0
1887 2
1888 4
1889 3
1890 4
1891 2
1892 1
1893 3
1894 1
1895 5
1896 4
1897 3
1898 3
1899 2
1900 2
1901 2
1902 2
1903 3
1904 1
1905 3
1906 2
1907 4
1908 4
1909 5
1910 6
1911 3
1912 3
1913 1
1914 0
1915 1
1916 2
1917 2
1918 5
1919 5
1920 2
1921 1
1922 1
1923 2
1924 4
1925 1
1926 2
1927 3
1928 4
1929 2
1930 2
1931 2
1932 0
1933 4
1934 3
1935 2
1936 2
1937 2
1938 3
1939 5
1940 3
1941 1
1942 1
1943 3
1944 2
1945 1
1946 4
1947 3
1948 2
1949 1
1950 2
1951 1
1952 0
1953 1
1954 0
1955 1
1956 0
1957 1
1958 1
1959 0
1960 0
1961 0
1962 3
1963 2
1964 2
1965 1
1966 1
1967 1
1968 1
1969 2
1970 4
1971 2
1972 0
1973 0
1974 1
1975 2
1976 2
1977 1
1978 1
1979 1
1980 1
1981 2
1982 2
1983 0
1984 2
1985 4
1986 0
1987 3
1988 3
1989 1
1990 3
1991 2
1992 2
1993 3
1994 1
1995 1
1996 2
1997 2
1998 1
1999 1
2000 3
2001 1
2002 3
2003 2
2004 2
2005 1
2006 3
2007 1
2008 1
2009 1
2010 2
2011 0
2012 1
2013 1
2014 1
2015 2
2016 2
2017 2
2018 1
2019 0
2020 2
2021 1
2022 2
2023 1
2024 4
2025 2
2026 0
2027 0
2028 2
2029 2
2030 0
2031 2
2032 3
2033 2
2034 1
2035 1
2036 2
2037 0
2038 1
2039 0
2040 2
2041 0
2042 0
2043 0
2044 1
2045 3
2046 2
2047 1
2048 1
2049 1
2050 2
2051 4
2052 1
2053 1
2054 1
2055 2
2056 2
2057 1
2058 2
2059 2
2060 0
2061 2
2062 3
2063 0
2064 3
2065 4
2066 4
2067 4
2068 2
2069 3
2070 1
2071 2
2072 0
2073 2
2074 1
2075 2
2076 2
2077 2
2078 2
2079 1
2080 3
2081 3
2082 4
2083 1
2084 3
2085 0
2086 1
2087 3
2088 2
2089 2
2090 2
2091 1
2092 2
2093 2
2094 2
2095 3
2096 0
2097 0
2098 2
2099 2
2100 4
2101 1
2102 3
2103 5
2104 3
2105 2
2106 2
2107 1
2108 2
2109 2
2110 1
2111 1
2112 1
2113 2
2114 1
2115 0
2116 0
2117 1
2118 3
2119 0
2120 2
2121 0
2122 4
2123 2
2124 2
2125 3
2126 1
2127 1
2128 3
2129 4
2130 1
2131 1
2132 0
2133 3
2134 2
2135 0
2136 3
2137 2
2138 2
2139 3
2140 2
2141 1
2142 1
2143 2
2144 2
2145 3
2146 4
2147 3
2148 1
2149 4
2150 0
2151 4
2152 2
2153 2
2154 4
2155 1
2156 1
2157 3
2158 4
2159 2
2160 1
2161 1
2162 2
2163 2
2164 2
2165 2
2166 1
2167 2
2168 6
2169 3
2170 5
2171 2
2172 5
2173 1
2174 2
2175 1
2176 2
2177 3
2178 4
2179 3
2180 3
2181 4
2182 1
2183 3
2184 2
2185 2
2186 4
2187 2
2188 0
2189 3
2190 1
2191 2
2192 3
2193 1
2194 0
2195 1
2196 2
2197 0
2198 1
2199 2
2200 4
2201 3
2202 2
2203 1
2204 2
2205 2
2206 0
2207 2
2208 1
2209 5
2210 4
2211 3
2212 3
2213 1
2214 2
2215 4
2216 0
2217 4
2218 3
2219 1
2220 2
2221 3
2222 3
2223 2
2224 3
2225 2
2226 1
2227 2
2228 2
2229 1
2230 1
2231 2
2232 4
2233 0
2234 0
2235 2
2236 0
2237 1
2238 3
2239 3
2240 1
2241 4
2242 0
2243 3
2244 3
2245 2
2246 4
2247 4
2248 3
2249 5
2250 1
2251 5
2252 2
2253 1
2254 3
2255 7
2256 3
2257 4
2258 4
2259 4
2260 3
2261 2
2262 2
2263 2
2264 4
2265 3
2266 2
2267 3
2268 3
2269 3
2270 2
2271 5
2272 2
2273 0
2274 1
2275 2
2276 3
2277 2
2278 1
2279 3
2280 2
2281 5
2282 2
2283 2
2284 1
2285 2
2286 1
2287 1
2288 1
2289 2
2290 2
2291 1
2292 2
2293 0
2294 3
2295 0
2296 5
2297 3
2298 2
2299 1
2300 2
2301 2
2302 1
2303 2
2304 1
2305 2
2306 1
2307 2
2308 1
2309 1
2310 2
2311 0
2312 1
2313 1
2314 1
2315 2
2316 3
2317 4
2318 2
2319 3
2320 2
2321 2
2322 3
2323 1
2324 3
2325 1
2326 2
2327 2
2328 0
2329 0
2330 2
2331 1
2332 2
2333 3
2334 1
2335 0
2336 0
2337 1
2338 4
2339 3
2340 3
2341 2
2342 3
2343 1
2344 0
2345 2
2346 0
2347 0
2348 4
2349 2
2350 4
2351 1
2352 0
2353 4
2354 2
2355 3
2356 0
2357 3
2358 2
2359 2
2360 3
2361 1
2362 2
2363 2
2364 4
2365 1
2366 3
2367 0
2368 1
2369 1
2370 4
2371 3
2372 3
2373 4
2374 1
2375 1
2376 1
2377 1
2378 2
2379 1
2380 1
2381 5
2382 2
2383 5
2384 3
2385 1
2386 5
2387 0
2388 1
2389 1
2390 3
2391 2
2392 0
2393 1
2394 2
2395 1
2396 2
2397 1
2398 0
2399 0
2400 5
2401 1
2402 1
2403 3
2404 3
2405 3
2406 1
2407 0
2408 3
2409 2
2410 5
2411 4
2412 3
2413 0
2414 4
2415 3
2416 1
2417 2
2418 1
2419 0
2420 4
2421 1
2422 1
2423 2
2424 2
2425 1
2426 2
2427 3
2428 3
2429 2
2430 3
2431 2
2432 1
2433 1
2434 0
2435 2
2436 1
2437 2
2438 2
2439 2
2440 2
2441 0
2442 2
2443 3
2444 2
2445 4
2446 3
2447 2
2448 3
2449 2
2450 2
2451 0
2452 3
2453 2
2454 1
2455 2
2456 2
2457 3
2458 3
2459 3
2460 0
2461 3
2462 1
2463 1
2464 4
2465 3
2466 2
2467 2
2468 3
2469 4
2470 0
2471 1
2472 3
2473 3
2474 2
2475 1
2476 2
2477 1
2478 3
2479 1
2480 3
2481 4
2482 2
2483 4
2484 3
2485 2
2486 2
2487 1
2488 3
2489 4
2490 2
2491 1
2492 2
2493 2
2494 2
2495 5
2496 3
2497 4
2498 3
2499 2
2500 1
2501 1
2502 2
2503 3
2504 3
2505 2
2506 2
2507 3
2508 3
2509 3
2510 0
2511 2
2512 4
2513 2
2514 3
2515 1
2516 2
2517 3
2518 3
2519 4
2520 2
2521 3
2522 3
2523 1
2524 3
2525 2
2526 2
2527 1
2528 2
2529 2
2530 3
2531 1
2532 2
2533 1
2534 4
2535 1
2536 1
2537 0
2538 3
2539 1
2540 4
2541 2
2542 2
2543 2
2544 1
2545 2
2546 0
2547 2
2548 0
2549 0
2550 4
2551 1
2552 4
2553 3
2554 4
2555 1
2556 2
2557 2
2558 0
2559 0
2560 3
2561 1
2562 1
2563 4
2564 3
2565 0
2566 3
2567 3
2568 2
2569 2
2570 1
2571 1
2572 4
2573 1
2574 2
2575 3
2576 3
2577 1
2578 3
2579 2
2580 2
2581 5
2582 6
2583 4
2584 2
2585 3
2586 5
2587 2
2588 6
2589 2
2590 3
2591 2
2592 1
2593 3
2594 3
2595 1
2596 2
2597 1
2598 1
2599 4
2600 0
2601 2
2602 4
2603 2
2604 3
2605 3
2606 4
2607 1
2608 3
2609 4
2610 1
2611 3
2612 4
2613 2
2614 3
2615 1
2616 4
2617 3
2618 2
2619 3
2620 3
2621 3
2622 3
2623 5
2624 2
2625 1
2626 1
2627 3
2628 2
2629 1
2630 1
2631 4
2632 2
2633 2
2634 3
2635 3
2636 3
2637 2
2638 0
2639 2
2640 1
2641 2
2642 0
2643 4
2644 3
2645 3
2646 2
2647 4
2648 4
2649 6
2650 1
2651 4
2652 1
2653 4
2654 2
2655 3
2656 3
2657 3
2658 5
2659 3
2660 1
2661 1
2662 4
2663 2
2664 2
2665 2
2666 4
2667 1
2668 4
2669 3
2670 2
2671 3
2672 1
2673 6
2674 4
2675 4
2676 4
2677 1
2678 3
2679 2
2680 2
2681 1
2682 2
2683 2
2684 2
2685 1
2686 2
2687 7
2688 0
2689 3
2690 2
2691 1
2692 7
2693 2
2694 3
2695 3
2696 4
2697 1
2698 4
2699 2
2700 2
2701 3
2702 3
2703 1
2704 2
2705 1
2706 1
2707 2
2708 2
2709 2
2710 4
2711 1
2712 4
2713 1
2714 4
2715 2
2716 4
2717 5
2718 1
2719 3
2720 1
2721 2
2722 0
2723 2
2724 3
2725 0
2726 2
2727 3
2728 1
2729 2
2730 2
2731 2
2732 3
2733 1
2734 6
2735 3
2736 0
2737 2
2738 1
2739 0
2740 2
2741 4
2742 2
2743 0
2744 3
2745 3
2746 2
2747 5
2748 2
2749 3
2750 1
2751 3
2752 1
2753 1
2754 2
2755 0
2756 2
2757 1
2758 2
2759 0
2760 1
2761 2
2762 2
2763 2
2764 2
2765 1
2766 1
2767 0
2768 1
2769 0
2770 4
2771 2
2772 2
2773 1
2774 1
2775 1
2776 2
2777 3
2778 3
2779 3
2780 4
2781 4
2782 3
2783 4
2784 0
2785 1
2786 1
2787 2
2788 2
2789 6
2790 4
2791 4
2792 4
2793 4
2794 3
2795 2
2796 1
2797 2
2798 1
2799 2
2800 2
2801 2
2802 2
2803 3
2804 0
2805 0
2806 1
2807 0
2808 3
2809 1
2810 0
2811 1
2812 2
2813 0
2814 1
2815 1
2816 1
2817 1
2818 2
2819 3
2820 3
2821 2
2822 3
2823 4
2824 1
2825 5
2826 3
2827 3
2828 3
2829 4
2830 1
2831 4
2832 1
2833 3
2834 3
2835 1
2836 4
2837 2
2838 2
2839 0
2840 0
2841 3
2842 4
2843 5
2844 2
2845 2
2846 2
2847 3
2848 2
2849 1
2850 2
2851 2
2852 1
2853 1
2854 1
2855 0
2856 1
2857 2
2858 0
2859 1
2860 2
2861 2
2862 1
2863 3
2864 0
2865 4
2866 2
2867 0
2868 3
2869 0
2870 4
2871 1
2872 0
2873 2
2874 3
2875 1
2876 2
2877 2
2878 2
2879 3
2880 0
2881 1
2882 2
2883 0
2884 3
2885 3
2886 1
2887 1
2888 2
2889 1
2890 3
2891 1
2892 0
2893 2
2894 3
2895 2
2896 3
2897 4
2898 3
2899 3
2900 0
2901 1
2902 1
2903 1
2904 2
2905 2
2906 1
2907 2
2908 1
2909 3
2910 1
2911 0
2912 0
2913 0
2914 1
2915 0
2916 1
2917 1
2918 1
2919 1
2920 1
2921 1
2922 1
2923 4
2924 0
2925 0
2926 0
2927 0
2928 1
2929 0
2930 1
2931 2
2932 3
2933 1
2934 1
2935 1
2936 1
2937 0
2938 1
2939 0
2940 1
2941 2
2942 0
2943 0
2944 0
2945 1
2946 0
2947 1
2948 2
2949 1
2950 1
2951 2
2952 1
2953 1
2954 1
2955 0
2956 1
2957 1
2958 2
2959 1
2960 2
2961 2
2962 3
2963 3
2964 2
2965 2
2966 0
2967 3
2968 1
2969 1
2970 2
2971 2
2972 0
2973 1
2974 2
2975 0
2976 1
2977 1
2978 2
2979 2
2980 3
2981 1
2982 4
2983 1
2984 0
2985 2
2986 3
2987 3
2988 1
2989 3
2990 3
2991 2
2992 0
2993 3
2994 1
2995 3
2996 2
2997 0
2998 1
2999 3
3000 1
3001 1
3002 3
3003 0
3004 1
3005 1
3006 0
3007 1
3008 2
3009 2
3010 2
3011 4
3012 2
3013 1
3014 3
3015 3
3016 1
3017 3
3018 0
3019 0
3020 0
3021 3
3022 1
3023 1
3024 3
3025 3
3026 3
3027 1
3028 1
3029 2
3030 0
3031 2
3032 0
3033 0
3034 2
3035 2
3036 1
3037 1
3038 2
3039 0
3040 2
3041 2
3042 2
3043 1
3044 2
3045 0
3046 3
3047 1
3048 1
3049 1
3050 2
3051 1
3052 0
3053 1
3054 1
3055 3
3056 0
3057 0
3058 1
3059 0
3060 0
3061 2
3062 2
3063 4
3064 0
3065 0
3066 0
3067 0
3068 1
3069 0
3070 2
3071 0
3072 0
3073 1
3074 1
3075 0
3076 1
3077 0
3078 0
3079 0
3080 0
3081 0
3082 1
3083 1
3084 1
3085 0
3086 2
3087 1
3088 3
3089 0
3090 2
3091 0
3092 1
3093 1
3094 0
3095 0
3096 0
3097 1
3098 2
3099 0
3100 0
3101 0
3102 1
3103 0
3104 0
3105 0
3106 0
3107 1
3108 1
3109 0
3110 0
3111 1
3112 1
3113 2
3114 1
3115 0
3116 1
3117 1
3118 1
3119 2
3120 0
3121 0
3122 1
3123 0
3124 1
3125 2
3126 0
3127 2
3128 1
3129 2
3130 1
3131 0
3132 0
3133 2
3134 2
3135 1
3136 4
3137 1
3138 0
3139 0
3140 1
3141 1
3142 2
3143 2
3144 2
3145 2
3146 2
3147 1
3148 3
3149 1
3150 2
3151 0
3152 0
3153 2
3154 1
3155 0
3156 0
3157 0
3158 1
3159 4
3160 1
3161 3
3162 0
3163 2
3164 2
3165 1
3166 2
3167 1
3168 0
3169 0
3170 0
3171 1
3172 1
3173 0
3174 1
3175 0
3176 1
3177 2
3178 1
3179 3
3180 2
3181 1
3182 2
3183 2
3184 2
3185 1
3186 4
3187 2
3188 2
3189 0
3190 1
3191 0
3192 1
3193 0
3194 0
3195 2
3196 2
3197 1
3198 2
3199 1
3200 3
3201 1
3202 2
3203 2
3204 1
3205 1
3206 3
3207 0
3208 2
3209 0
3210 1
3211 0
3212 2
3213 0
3214 2
3215 1
3216 0
3217 1
3218 1
3219 1
3220 4
3221 2
3222 1
3223 0
3224 3
3225 2
3226 1
3227 2
3228 1
3229 1
3230 0
3231 1
3232 2
3233 0
3234 1
3235 0
3236 0
3237 1
3238 3
3239 0
3240 1
3241 1
3242 2
3243 3
3244 2
3245 0
3246 2
3247 1
3248 2
3249 0
3250 1
3251 1
3252 0
3253 0
3254 1
3255 1
3256 0
3257 0
3258 1
3259 0
3260 0
3261 2
3262 1
3263 0
3264 1
3265 1
3266 3
3267 2
3268 2
3269 0
3270 0
3271 2
3272 2
3273 2
3274 0
3275 0
3276 1
3277 0
3278 1
3279 0
3280 1
3281 1
3282 0
3283 0
3284 2
3285 1
3286 1
3287 2
3288 1
3289 2
3290 1
3291 1
3292 1
3293 0
3294 1
3295 1
3296 3
3297 3
3298 1
3299 2
3300 1
3301 1
3302 1
3303 1
3304 1
3305 1
3306 2
3307 1
3308 1
3309 1
3310 2
3311 0
3312 2
3313 1
3314 1
3315 1
3316 1
3317 1
3318 1
3319 1
3320 2
3321 3
3322 1
3323 1
3324 3
3325 0
3326 0
3327 3
3328 3
3329 1
3330 1
3331 1
3332 1
3333 2
3334 2
3335 1
3336 0
3337 1
3338 0
3339 1
3340 1
3341 0
3342 3
3343 0
3344 2
3345 2
3346 3
3347 2
3348 1
3349 2
3350 2
3351 0
3352 3
3353 1
3354 1
3355 2
3356 0
3357 3
3358 0
3359 1
3360 0
3361 2
3362 0
3363 1
3364 1
3365 2
3366 0
3367 0
3368 0
3369 0
3370 0
3371 0
3372 0
3373 1
3374 0
3375 1
3376 0
3377 0
3378 1
3379 0
3380 0
3381 1
3382 1
3383 0
3384 0
3385 0
3386 1
3387 2
3388 0
3389 0
3390 0
3391 1
3392 2
3393 0
3394 0
3395 1
3396 0
3397 1
3398 1
3399 1
3400 0
3401 2
3402 0
3403 2
3404 0
3405 0
3406 1
3407 2
3408 1
3409 1
3410 1
3411 1
3412 1
3413 0
3414 0
3415 2
3416 0
3417 1
3418 0
3419 2
3420 2
3421 3
3422 1
3423 0
3424 1
3425 0
3426 1
3427 1
3428 1
3429 1
3430 1
3431 1
3432 0
3433 1
3434 1
3435 1
3436 1
3437 2
3438 0
3439 1
3440 1
3441 0
3442 0
3443 1
3444 1
3445 2
3446 1
3447 2
3448 0
3449 0
3450 2
3451 2
3452 2
3453 2
3454 0
3455 0
3456 0
3457 1
3458 1
3459 1
3460 1
3461 1
3462 1
3463 1
3464 0
3465 3
3466 0
3467 4
3468 3
3469 1
3470 1
3471 1
3472 0
3473 2
3474 1
3475 0
3476 2
3477 1
3478 0
3479 2
3480 3
3481 0
3482 2
3483 0
3484 0
3485 1
3486 2
3487 4
3488 5
3489 2
3490 1
3491 3
3492 1
3493 1
3494 3
3495 3
3496 4
3497 3
3498 4
3499 1
3500 2
3501 0
3502 1
3503 0
3504 0
3505 2
3506 2
3507 1
3508 4
3509 2
3510 1
3511 2
3512 4
3513 4
3514 3
3515 2
3516 4
3517 4
3518 3
3519 0
3520 5
3521 1
3522 2
3523 2
3524 2
3525 1
3526 1
3527 3
3528 1
3529 4
3530 3
3531 2
3532 1
3533 1
3534 3
3535 1
3536 3
3537 4
3538 1
3539 2
3540 4
3541 3
3542 2
3543 2
3544 1
3545 3
3546 3
3547 2
3548 2
3549 3
3550 2
3551 0
3552 3
3553 2
3554 0
3555 1
3556 1
3557 2
3558 1
3559 5
3560 0
3561 0
3562 3
3563 1
3564 3
3565 0
3566 2
3567 0
3568 4
3569 3
3570 0
3571 3
3572 2
3573 3
3574 2
3575 2
3576 2
3577 2
3578 1
3579 2
3580 4
3581 2
3582 5
3583 5
3584 4
3585 1
3586 1
3587 1
3588 4
3589 2
3590 2
3591 1
3592 0
3593 3
3594 3
3595 3
3596 1
3597 3
3598 5
3599 1
3600 2
3601 5
3602 4
3603 4
3604 2
3605 2
3606 2
3607 3
3608 2
3609 2
3610 2
3611 2
3612 2
3613 3
3614 2
3615 1
3616 1
3617 1
3618 0
3619 1
3620 4
3621 2
3622 1
3623 2
3624 2
3625 3
3626 2
3627 2
3628 2
3629 4
3630 1
3631 2
3632 2
3633 4
3634 3
3635 1
3636 0
3637 2
3638 1
3639 0
3640 4
3641 1
3642 2
3643 0
3644 1
3645 3
3646 0
3647 1
3648 0
3649 4
3650 2
3651 1
3652 1
3653 0
3654 3
3655 4
3656 2
3657 2
3658 3
3659 5
3660 1
3661 1
3662 2
3663 1
3664 1
3665 1
3666 0
3667 0
3668 2
3669 6
3670 2
3671 3
3672 2
3673 1
3674 0
3675 3
3676 2
3677 2
3678 1
3679 0
3680 1
3681 1
3682 0
3683 4
3684 3
3685 3
3686 1
3687 2
3688 2
3689 3
3690 4
3691 3
3692 3
3693 2
3694 1
3695 4
3696 1
3697 1
3698 2
3699 1
3700 2
3701 0
3702 3
3703 1
3704 1
3705 5
3706 1
3707 1
3708 3
3709 1
3710 0
3711 1
3712 1
3713 1
3714 0
3715 1
3716 0
3717 2
3718 0
3719 2
3720 1
3721 1
3722 0
3723 1
3724 2
3725 0
3726 4
3727 2
3728 2
3729 4
3730 2
3731 1
3732 0
3733 0
3734 4
3735 1
3736 1
3737 1
3738 2
3739 3
3740 2
3741 2
3742 0
3743 1
3744 1
3745 0
3746 1
3747 1
3748 1
3749 2
3750 1
3751 2
3752 1
3753 1
3754 1
3755 1
3756 2
3757 2
3758 2
3759 2
3760 1
3761 3
3762 1
3763 2
3764 1
3765 0
3766 1
3767 3
3768 2
3769 1
3770 1
3771 2
3772 2
3773 2
3774 2
3775 2
3776 2
3777 2
3778 1
3779 1
3780 1
3781 1
3782 0
3783 0
3784 1
3785 2
3786 0
3787 2
3788 1
3789 2
3790 2
3791 3
3792 0
3793 0
3794 0
3795 1
3796 1
3797 3
3798 4
3799 1
3800 0
3801 2
3802 4
3803 0
3804 1
3805 0
3806 2
3807 3
3808 1
3809 3
3810 2
3811 0
3812 1
3813 2
3814 1
3815 1
3816 2
3817 1
3818 1
3819 0
3820 0
3821 1
3822 1
3823 1
3824 1
3825 0
3826 1
3827 2
3828 1
3829 1
3830 1
3831 2
3832 2
3833 0
3834 1
3835 1
3836 1
3837 1
3838 0
3839 1
3840 1
3841 1
3842 3
3843 0
3844 1
3845 3
3846 2
3847 3
3848 1
3849 0
3850 1
3851 1
3852 3
3853 1
3854 3
3855 3
3856 4
3857 1
3858 1
3859 1
3860 3
3861 1
3862 1
3863 1
3864 1
3865 0
3866 2
3867 1
3868 3
3869 1
3870 2
3871 0
3872 0
3873 1
3874 1
3875 2
3876 2
3877 2
3878 1
3879 0
3880 1
3881 3
3882 1
3883 3
3884 1
3885 4
3886 2
3887 1
3888 1
3889 3
3890 0
3891 1
3892 0
3893 0
3894 2
3895 0
3896 4
3897 2
3898 3
3899 3
3900 1
3901 0
3902 0
3903 3
3904 1
3905 1
3906 2
3907 5
3908 1
3909 2
3910 2
3911 2
3912 1
3913 3
3914 1
3915 1
3916 1
3917 2
3918 1
3919 1
3920 1
3921 2
3922 0
3923 1
3924 2
3925 1
3926 0
3927 1
3928 1
3929 1
3930 1
3931 1
3932 3
3933 2
3934 1
3935 2
3936 2
3937 2
3938 3
3939 0
3940 1
3941 1
3942 1
3943 1
3944 1
3945 1
3946 0
3947 1
3948 1
3949 3
3950 1
3951 3
3952 0
3953 2
3954 0
3955 2
3956 2
3957 1
3958 2
3959 1
3960 0
3961 0
3962 1
3963 0
3964 1
3965 3
3966 2
3967 2
3968 2
3969 0
3970 2
3971 0
3972 1
3973 3
3974 2
3975 3
3976 2
3977 2
3978 0
3979 2
3980 0
3981 0
3982 1
3983 0
3984 2
3985 1
3986 1
3987 3
3988 1
3989 1
3990 1
3991 1
3992 2
3993 1
3994 0
3995 0
3996 2
3997 1
3998 0
3999 1
4000 1
4001 1
4002 3
4003 0
4004 1
4005 1
4006 1
4007 2
4008 0
4009 2
4010 1
4011 2
4012 0
4013 3
4014 1
4015 1
4016 1
4017 1
4018 1
4019 1
4020 3
4021 1
4022 1
4023 0
4024 4
4025 4
4026 0
4027 1
4028 1
4029 2
4030 1
4031 1
4032 2
4033 3
4034 4
4035 1
4036 1
4037 3
4038 2
4039 1
4040 1
4041 3
4042 0
4043 1
4044 2
4045 2
4046 2
4047 1
4048 1
4049 0
4050 4
4051 2
4052 4
4053 1
4054 0
4055 4
4056 1
4057 0
4058 0
4059 2
4060 3
4061 4
4062 2
4063 2
4064 1
4065 0
4066 3
4067 0
4068 2
4069 1
4070 1
4071 0
4072 3
4073 5
4074 3
4075 3
4076 1
4077 3
4078 2
4079 1
4080 1
4081 1
4082 0
4083 3
4084 3
4085 4
4086 3
4087 6
4088 2
4089 2
4090 0
4091 3
4092 0
4093 0
4094 2
4095 4
4096 3
4097 2
4098 2
4099 1
4100 0
4101 0
4102 2
4103 1
4104 1
4105 2
4106 0
4107 1
4108 2
4109 1
4110 1
4111 1
4112 1
4113 3
4114 0
4115 3
4116 1
4117 2
4118 2
4119 2
4120 3
4121 2
4122 2
4123 4
4124 0
4125 0
4126 0
4127 2
4128 0
4129 1
4130 3
4131 1
4132 0
4133 1
4134 0
4135 2
4136 2
4137 4
4138 0
4139 3
4140 4
4141 2
4142 1
4143 0
4144 1
4145 1
4146 2
4147 3
4148 0
4149 2
4150 0
4151 4
4152 1
4153 3
4154 2
4155 1
4156 2
4157 0
4158 2
4159 1
4160 2
4161 1
4162 1
4163 2
4164 4
4165 1
4166 1
4167 5
4168 1
4169 2
4170 2
4171 0
4172 0
4173 4
4174 3
4175 3
4176 5
4177 1
4178 3
4179 2
4180 1
4181 2
4182 2
4183 3
4184 1
4185 2
4186 1
4187 2
4188 0
4189 1
4190 2
4191 3
4192 1
4193 1
4194 2
4195 0
4196 2
4197 2
4198 2
4199 0
4200 0
4201 1
4202 3
4203 3
4204 2
4205 1
4206 1
4207 3
4208 1
4209 2
4210 3
4211 0
4212 1
4213 1
4214 2
4215 0
4216 3
4217 0
4218 2
4219 1
4220 0
4221 1
4222 2
4223 2
4224 2
4225 2
4226 3
4227 2
4228 5
4229 3
4230 2
4231 2
4232 2
4233 2
4234 1
4235 2
4236 4
4237 5
4238 1
4239 0
4240 2
4241 2
4242 0
4243 1
4244 0
4245 3
4246 3
4247 3
4248 4
4249 2
4250 3
4251 3
4252 3
4253 3
4254 2
4255 2
4256 2
4257 0
4258 2
4259 1
4260 2
4261 6
4262 1
4263 2
4264 3
4265 4
4266 2
4267 1
4268 1
4269 2
4270 4
4271 0
4272 2
4273 2
4274 1
4275 2
4276 2
4277 3
4278 0
4279 2
4280 2
4281 2
4282 3
4283 2
4284 1
4285 1
4286 1
4287 0
4288 1
4289 1
4290 2
4291 4
4292 1
4293 7
4294 1
4295 3
4296 1
4297 2
4298 1
4299 4
4300 1
4301 1
4302 0
4303 2
4304 1
4305 4
4306 1
4307 0
4308 1
4309 0
4310 3
4311 0
4312 1
4313 1
4314 1
4315 4
4316 1
4317 3
4318 1
4319 4
4320 1
4321 3
4322 2
4323 1
4324 0
4325 3
4326 2
4327 1
4328 3
4329 2
4330 2
4331 2
4332 5
4333 2
4334 1
4335 1
4336 3
4337 2
4338 0
4339 1
4340 1
4341 3
4342 1
4343 2
4344 2
4345 4
4346 2
4347 2
4348 4
4349 2
4350 1
4351 3
4352 2
4353 0
4354 1
4355 1
4356 3
4357 1
4358 2
4359 3
4360 0
4361 2
4362 1
4363 4
4364 4
4365 2
4366 1
4367 2
4368 2
4369 0
4370 3
4371 1
4372 1
4373 0
4374 0
4375 2
4376 2
4377 4
4378 2
4379 1
4380 2
4381 3
4382 1
4383 2
4384 4
4385 1
4386 2
4387 2
4388 0
4389 2
4390 2
4391 4
4392 0
4393 0
4394 4
4395 5
4396 2
4397 2
4398 3
4399 4
4400 3
4401 3
4402 3
4403 4
4404 5
4405 4
4406 3
4407 2
4408 2
4409 2
4410 3
4411 1
4412 4
4413 4
4414 3
4415 2
4416 2
4417 4
4418 2
4419 7
4420 4
4421 2
4422 1
4423 1
4424 5
4425 3
4426 1
4427 4
4428 1
4429 2
4430 1
4431 1
4432 1
4433 1
4434 3
4435 4
4436 2
4437 2
4438 3
4439 3
4440 1
4441 4
4442 2
4443 2
4444 1
4445 1
4446 2
4447 5
4448 2
4449 2
4450 4
4451 0
4452 2
4453 3
4454 0
4455 1
4456 4
4457 1
4458 2
4459 3
4460 3
4461 2
4462 2
4463 3
4464 1
4465 4
4466 1
4467 3
4468 2
4469 2
4470 1
4471 2
4472 1
4473 3
4474 2
4475 3
4476 0
4477 1
4478 0
4479 4
4480 1
4481 4
4482 2
4483 1
4484 1
4485 3
4486 1
4487 1
4488 3
4489 3
4490 3
4491 2
4492 2
4493 2
4494 1
4495 1
4496 1
4497 4
4498 2
4499 2
4500 1
4501 2
4502 2
4503 2
4504 0
4505 0
4506 1
4507 3
4508 1
4509 0
4510 1
4511 1
4512 1
4513 3
4514 1
4515 1
4516 0
4517 2
4518 0
4519 4
4520 1
4521 1
4522 0
4523 0
4524 3
4525 2
4526 2
4527 0
4528 2
4529 3
4530 2
4531 3
4532 3
4533 2
4534 3
4535 4
4536 3
4537 2
4538 2
4539 2
4540 4
4541 1
4542 0
4543 2
4544 0
4545 3
4546 1
4547 2
4548 2
4549 1
4550 2
4551 0
4552 0
4553 1
4554 3
4555 1
4556 1
4557 2
4558 2
4559 3
4560 2
4561 2
4562 1
4563 1
4564 4
4565 2
4566 2
4567 2
4568 3
4569 3
4570 2
4571 1
4572 2
4573 0
4574 3
4575 2
4576 1
4577 1
4578 2
4579 1
4580 3
4581 2
4582 0
4583 3
4584 2
4585 5
4586 5
4587 2
4588 3
4589 2
4590 1
4591 4
4592 1
4593 4
4594 1
4595 1
4596 5
4597 1
4598 3
4599 2
4600 5
4601 1
4602 3
4603 1
4604 1
4605 1
4606 0
4607 1
4608 3
4609 3
4610 2
4611 3
4612 1
4613 1
4614 4
4615 4
4616 4
4617 3
4618 0
4619 0
4620 1
4621 0
4622 1
4623 1
4624 3
4625 1
4626 2
4627 1
4628 0
4629 3
4630 1
4631 2
4632 3
4633 0
4634 2
4635 4
4636 2
4637 1
4638 3
4639 1
4640 2
4641 0
4642 2
4643 4
4644 3
4645 2
4646 3
4647 3
4648 1
4649 4
4650 1
4651 2
4652 0
4653 1
4654 3
4655 3
4656 1
4657 2
4658 0
4659 1
4660 2
4661 0
4662 1
4663 4
4664 0
4665 0
4666 2
4667 2
4668 2
4669 3
4670 1
4671 1
4672 1
4673 2
4674 5
4675 1
4676 3
4677 0
4678 0
4679 2
4680 1
4681 1
4682 2
4683 1
4684 5
4685 1
4686 3
4687 2
4688 5
4689 2
4690 5
4691 0
4692 1
4693 2
4694 2
4695 3
4696 4
4697 5
4698 0
4699 3
4700 2
4701 3
4702 4
4703 4
4704 3
4705 3
4706 5
4707 0
4708 4
4709 4
4710 5
4711 4
4712 2
4713 5
4714 6
4715 4
4716 2
4717 2
4718 1
4719 1
4720 1
4721 5
4722 2
4723 2
4724 3
4725 1
4726 5
4727 6
4728 5
4729 4
4730 0
4731 4
4732 2
4733 3
4734 3
4735 1
4736 1
4737 0
4738 3
4739 2
4740 2
4741 1
4742 2
4743 6
4744 3
4745 3
4746 0
4747 4
4748 0
4749 4
4750 2
4751 3
4752 2
4753 1
4754 2
4755 3
4756 2
4757 5
4758 5
4759 2
4760 3
4761 0
4762 2
4763 1
4764 3
4765 3
4766 0
4767 1
4768 3
4769 2
4770 4
4771 3
4772 5
4773 4
4774 2
4775 4
4776 2
4777 1
4778 1
4779 3
4780 3
4781 3
4782 1
4783 2
4784 4
4785 5
4786 2
4787 2
4788 3
4789 3
4790 2
4791 2
4792 1
4793 2
4794 3
4795 1
4796 3
4797 4
4798 2
4799 2
4800 3
4801 3
4802 1
4803 3
4804 4
4805 2
4806 2
4807 3
4808 3
4809 2
4810 1
4811 3
4812 4
4813 2
4814 5
4815 1
4816 2
4817 4
4818 3
4819 0
4820 5
4821 2
4822 1
4823 0
4824 2
4825 1
4826 0
4827 5
4828 4
4829 0
4830 1
4831 1
4832 0
4833 5
4834 2
4835 2
4836 3
4837 4
4838 3
4839 2
4840 3
4841 1
4842 2
4843 0
4844 2
4845 2
4846 0
4847 3
4848 2
4849 2
4850 4
4851 4
4852 3
4853 1
4854 3
4855 2
4856 2
4857 5
4858 3
4859 1
4860 3
4861 5
4862 1
4863 3
4864 1
4865 0
4866 1
4867 2
4868 2
4869 4
4870 0
4871 2
4872 1
4873 3
4874 2
4875 0
4876 1
4877 3
4878 4
4879 2
4880 3
4881 0
4882 0
4883 2
4884 4
4885 3
4886 2
4887 0
4888 3
4889 1
4890 5
4891 5
4892 4
4893 2
4894 3
4895 1
4896 1
4897 3
4898 3
4899 2
4900 3
4901 3
4902 0
4903 2
4904 5
4905 5
4906 4
4907 2
4908 1
4909 2
4910 1
4911 4
4912 2
4913 2
4914 4
4915 2
4916 2
4917 2
4918 2
4919 2
4920 3
4921 0
4922 1
4923 4
4924 2
4925 1
4926 1
4927 0
4928 3
4929 3
4930 4
4931 1
4932 2
4933 2
4934 2
4935 2
4936 1
4937 2
4938 3
4939 3
4940 4
4941 3
4942 0
4943 1
4944 2
4945 1
4946 4
4947 3
4948 4
4949 1
4950 4
4951 1
4952 4
4953 1
4954 1
4955 3
4956 3
4957 1
4958 1
4959 5
4960 3
4961 2
4962 2
4963 1
4964 5
4965 1
4966 3
4967 1
4968 3
4969 5
4970 2
4971 3
4972 2
4973 3
4974 1
4975 4
4976 3
4977 2
4978 1
4979 2
4980 3
4981 1
4982 2
4983 1
4984 2
4985 0
4986 3
4987 1
4988 3
4989 1
4990 3
4991 3
4992 2
4993 3
4994 3
4995 3
4996 4
4997 1
4998 2
4999 3
5000 3
5001 3
5002 2
5003 2
5004 3
5005 1
5006 2
5007 3
5008 5
5009 3
5010 3
5011 4
5012 4
5013 0
5014 3
5015 3
5016 4
5017 3
5018 3
5019 3
5020 3
5021 2
5022 2
5023 3
5024 2
5025 0
5026 4
5027 3
5028 1
5029 1
5030 2
5031 1
5032 2
5033 1
5034 0
5035 1
5036 1
5037 1
5038 2
5039 0
5040 5
5041 2
5042 3
5043 3
5044 1
5045 5
5046 5
5047 5
5048 3
5049 4
5050 3
5051 2
5052 3
5053 5
5054 3
5055 3
5056 2
5057 2
5058 1
5059 2
5060 3
5061 1
5062 2
5063 2
5064 3
5065 3
5066 4
5067 4
5068 3
5069 2
5070 0
5071 5
5072 2
5073 3
5074 4
5075 4
5076 4
5077 3
5078 3
5079 6
5080 1
5081 3
5082 0
5083 2
5084 0
5085 1
5086 3
5087 1
5088 5
5089 4
5090 4
5091 4
5092 3
5093 5
5094 2
5095 3
5096 4
5097 4
5098 2
5099 1
5100 4
5101 1
5102 1
5103 2
5104 4
5105 3
5106 3
5107 2
5108 1
5109 3
5110 3
5111 1
5112 4
5113 6
5114 5
5115 2
5116 2
5117 2
5118 3
5119 4
5120 2
5121 5
5122 3
5123 1
5124 4
5125 3
5126 1
5127 1
5128 3
5129 6
5130 3
5131 4
5132 3
5133 5
5134 0
5135 3
5136 2
5137 3
5138 4
5139 5
5140 3
5141 3
5142 2
5143 3
5144 4
5145 2
5146 2
5147 6
5148 2
5149 2
5150 0
5151 2
5152 3
5153 2
5154 2
5155 4
5156 2
5157 4
5158 2
5159 3
5160 4
5161 2
5162 5
5163 3
5164 3
5165 2
5166 2
5167 1
5168 2
5169 1
5170 3
5171 0
5172 1
5173 2
5174 1
5175 4
5176 2
5177 0
5178 3
5179 2
5180 2
5181 1
5182 0
5183 0
5184 3
5185 2
5186 3
5187 3
5188 2
5189 2
5190 2
5191 1
5192 2
5193 1
5194 0
5195 0
5196 0
5197 3
5198 3
5199 1
5200 3
5201 2
5202 3
5203 3
5204 1
5205 2
5206 3
5207 3
5208 6
5209 1
5210 4
5211 2
5212 2
5213 1
5214 1
5215 2
5216 2
5217 4
5218 5
5219 5
5220 1
5221 2
5222 3
5223 1
5224 2
5225 2
5226 1
5227 2
5228 1
5229 4
5230 3
5231 2
5232 0
5233 4
5234 2
5235 4
5236 1
5237 3
5238 4
5239 2
5240 1
5241 3
5242 2
5243 4
5244 3
5245 3
5246 2
5247 7
5248 4
5249 3
5250 1
5251 2
5252 2
5253 5
5254 2
5255 3
5256 1
5257 4
5258 3
5259 1
5260 3
5261 3
5262 4
5263 2
5264 1
5265 2
5266 1
5267 1
5268 3
5269 2
5270 1
5271 3
5272 0
5273 1
5274 3
5275 3
5276 2
5277 3
5278 3
5279 1
5280 4
5281 2
5282 0
5283 1
5284 0
5285 2
5286 1
5287 1
5288 1
5289 1
5290 1
5291 2
5292 3
5293 1
5294 1
5295 3
5296 2
5297 2
5298 6
5299 3
5300 3
5301 3
5302 2
5303 2
5304 3
5305 2
5306 1
5307 3
5308 1
5309 3
5310 2
5311 1
5312 2
5313 4
5314 2
5315 5
5316 1
5317 1
5318 1
5319 2
5320 1
5321 1
5322 1
5323 0
5324 4
5325 0
5326 3
5327 4
5328 2
5329 2
5330 2
5331 4
5332 5
5333 3
5334 2
5335 2
5336 1
5337 4
5338 3
5339 2
5340 3
5341 2
5342 1
5343 1
5344 4
5345 2
5346 1
5347 1
5348 1
5349 0
5350 2
5351 1
5352 4
5353 1
5354 0
5355 2
5356 2
5357 1
5358 3
5359 3
5360 2
5361 2
5362 1
5363 1
5364 1
5365 2
5366 2
5367 3
5368 2
5369 2
5370 2
5371 2
5372 2
5373 0
5374 0
5375 1
5376 1
5377 1
5378 2
5379 4
5380 2
5381 5
5382 2
5383 1
5384 4
5385 1
5386 2
5387 1
5388 0
5389 2
5390 1
5391 4
5392 2
5393 2
5394 3
5395 1
5396 1
5397 3
5398 1
5399 2
5400 2
5401 1
5402 1
5403 1
5404 2
5405 1
5406 1
5407 0
5408 3
5409 1
5410 1
5411 4
5412 3
5413 1
5414 3
5415 1
5416 1
5417 2
5418 1
5419 2
5420 1
5421 1
5422 0
5423 0
5424 1
5425 1
5426 0
5427 1
5428 1
5429 1
5430 0
5431 1
5432 1
5433 0
5434 0
5435 1
5436 4
5437 3
5438 1
5439 1
5440 1
5441 1
5442 3
5443 0
5444 3
5445 0
5446 1
5447 1
5448 1
5449 0
5450 0
5451 2
5452 1
5453 0
5454 1
5455 1
5456 1
5457 2
5458 1
5459 4
5460 0
5461 1
5462 1
5463 2
5464 1
5465 2
5466 1
5467 1
5468 1
5469 4
5470 4
5471 2
5472 1
5473 1
5474 2
5475 2
5476 2
5477 3
5478 1
5479 1
5480 1
5481 0
5482 1
5483 2
5484 0
5485 1
5486 1
5487 2
5488 0
5489 1
5490 2
5491 2
5492 2
5493 1
5494 1
5495 1
5496 1
5497 3
5498 2
5499 1
5500 3
5501 2
5502 2
5503 2
5504 1
5505 0
5506 0
5507 4
5508 2
5509 2
5510 0
5511 1
5512 4
5513 1
5514 2
5515 1
5516 0
5517 2
5518 0
5519 0
5520 0
5521 3
5522 1
5523 0
5524 0
5525 3
5526 2
5527 3
5528 2
5529 0
5530 0
5531 1
5532 2
5533 0
5534 1
5535 2
5536 3
5537 2
5538 2
5539 1
5540 4
5541 0
5542 2
5543 0
5544 1
5545 2
5546 0
5547 0
5548 2
5549 1
5550 2
5551 2
5552 1
5553 1
5554 1
5555 3
5556 1
5557 1
5558 3
5559 1
5560 1
5561 1
5562 2
5563 0
5564 0
5565 0
5566 2
5567 0
5568 0
5569 1
5570 3
5571 2
5572 1
5573 0
5574 3
5575 1
5576 1
5577 2
5578 3
5579 3
5580 3
5581 2
5582 2
5583 1
5584 1
5585 1
5586 1
5587 3
5588 3
5589 2
5590 1
5591 2
5592 2
5593 1
5594 2
5595 2
5596 0
5597 1
5598 0
5599 0
5600 0
5601 1
5602 0
5603 4
5604 3
5605 1
5606 2
5607 0
5608 0
5609 0
5610 0
5611 2
5612 4
5613 2
5614 2
5615 3
5616 1
5617 0
5618 0
5619 1
5620 2
5621 1
5622 5
5623 3
5624 2
5625 0
5626 0
5627 2
5628 2
5629 2
5630 2
5631 3
5632 1
5633 0
5634 2
5635 1
5636 3
5637 1
5638 2
5639 2
5640 1
5641 0
5642 1
5643 1
5644 1
5645 2
5646 2
5647 1
5648 2
5649 1
5650 0
5651 1
5652 3
5653 4
5654 4
5655 1
5656 1
5657 1
5658 1
5659 1
5660 3
5661 3
5662 2
5663 4
5664 4
5665 4
5666 3
5667 0
5668 2
5669 2
5670 1
5671 2
5672 2
5673 2
5674 3
5675 0
5676 3
5677 2
5678 2
5679 2
5680 3
5681 4
5682 2
5683 1
5684 1
5685 1
5686 2
5687 1
5688 1
5689 4
5690 1
5691 2
5692 3
5693 1
5694 3
5695 3
5696 2
5697 2
5698 1
5699 2
5700 2
5701 1
5702 2
5703 1
5704 1
5705 1
5706 1
5707 1
5708 1
5709 3
5710 1
5711 5
5712 3
5713 0
5714 3
5715 0
5716 3
5717 0
5718 0
5719 1
5720 2
5721 0
5722 3
5723 0
5724 0
5725 1
5726 1
5727 0
5728 4
5729 1
5730 1
5731 2
5732 3
5733 0
5734 1
5735 2
5736 3
5737 2
5738 1
5739 2
5740 4
5741 2
5742 0
5743 1
5744 0
5745 2
5746 1
5747 4
5748 2
5749 3
5750 1
5751 0
5752 2
5753 3
5754 4
5755 1
5756 0
5757 2
5758 1
5759 0
5760 3
5761 1
5762 0
5763 3
5764 0
5765 1
5766 4
5767 1
5768 0
5769 5
5770 2
5771 1
5772 1
5773 2
5774 3
5775 4
5776 0
5777 2
5778 2
5779 2
5780 2
5781 3
5782 1
5783 2
5784 6
5785 2
5786 4
5787 2
5788 3
5789 2
5790 2
5791 3
5792 1
5793 2
5794 3
5795 3
5796 4
5797 1
5798 2
5799 3
5800 2
5801 3
5802 4
5803 3
5804 3
5805 3
5806 1
5807 2
5808 5
5809 2
5810 2
5811 1
5812 3
5813 5
5814 4
5815 2
5816 0
5817 2
5818 3
5819 4
5820 3
5821 1
5822 1
5823 0
5824 3
5825 2
5826 2
5827 1
5828 3
5829 0
5830 2
5831 3
5832 2
5833 2
5834 1
5835 1
5836 1
5837 1
5838 1
5839 5
5840 3
5841 1
5842 2
5843 4
5844 1
5845 3
5846 0
5847 1
5848 0
5849 0
5850 3
5851 1
5852 1
5853 1
5854 5
5855 3
5856 2
5857 2
5858 4
5859 1
5860 1
5861 1
5862 2
5863 4
5864 0
5865 1
5866 1
5867 3
5868 4
5869 3
5870 4
5871 1
5872 2
5873 2
5874 1
5875 5
5876 3
5877 1
5878 5
5879 1
5880 4
5881 6
5882 2
5883 7
5884 4
5885 4
5886 4
5887 5
5888 1
5889 4
5890 2
5891 4
5892 1
5893 2
5894 5
5895 2
5896 3
5897 4
5898 3
5899 1
5900 5
5901 1
5902 2
5903 2
5904 6
5905 3
5906 3
5907 2
5908 2
5909 3
5910 4
5911 3
5912 2
5913 0
5914 2
5915 5
5916 4
5917 2
5918 3
5919 3
5920 3
5921 3
5922 1
5923 2
5924 2
5925 2
5926 3
5927 4
5928 0
5929 1
5930 3
5931 2
5932 1
5933 1
5934 4
5935 5
5936 2
5937 2
5938 5
5939 1
5940 2
5941 2
5942 3
5943 6
5944 3
5945 2
5946 2
5947 5
5948 2
5949 3
5950 3
5951 2
5952 1
5953 3
5954 3
5955 4
5956 5
5957 2
5958 2
5959 2
5960 5
5961 2
5962 3
5963 3
5964 3
5965 3
5966 4
5967 2
5968 1
5969 6
5970 3
5971 3
5972 4
5973 5
5974 3
5975 1
5976 0
5977 3
5978 0
5979 2
5980 1
5981 2
5982 3
5983 5
5984 3
5985 2
5986 1
5987 4
5988 6
5989 1
5990 2
5991 0
5992 0
5993 2
5994 5
5995 3
5996 1
5997 1
5998 3
5999 2
6000 0
6001 3
6002 4
6003 5
6004 2
6005 3
6006 3
6007 2
6008 4
6009 2
6010 0
6011 3
6012 1
6013 1
6014 3
6015 3
6016 1
6017 2
6018 4
6019 6
6020 5
6021 2
6022 2
6023 3
6024 3
6025 4
6026 1
6027 3
6028 3
6029 5
6030 3
6031 1
6032 4
6033 5
6034 6
6035 3
6036 5
6037 1
6038 2
6039 1
6040 2
6041 1
6042 3
6043 0
6044 1
6045 2
6046 2
6047 3
6048 2
6049 3
6050 0
6051 4
6052 4
6053 5
6054 1
6055 2
6056 1
6057 3
6058 1
6059 0
6060 1
6061 1
6062 4
6063 2
6064 2
6065 1
6066 2
6067 4
6068 3
6069 2
6070 0
6071 2
6072 1
6073 4
6074 3
6075 1
6076 5
6077 1
6078 2
6079 1
6080 4
6081 4
6082 3
6083 1
6084 3
6085 2
6086 0
6087 1
6088 2
6089 2
6090 0
6091 2
6092 1
6093 1
6094 0
6095 3
6096 3
6097 5
6098 0
6099 4
6100 6
6101 1
6102 3
6103 3
6104 3
6105 3
6106 2
6107 1
6108 1
6109 3
6110 1
6111 3
6112 4
6113 3
6114 2
6115 2
6116 5
6117 1
6118 5
6119 3
6120 2
6121 1
6122 2
6123 2
6124 1
6125 1
6126 3
6127 2
6128 4
6129 4
6130 3
6131 2
6132 2
6133 2
6134 2
6135 1
6136 1
6137 2
6138 2
6139 3
6140 3
6141 2
6142 1
6143 2
6144 2
6145 2
6146 2
6147 2
6148 2
6149 0
6150 4
6151 3
6152 1
6153 3
6154 2
6155 3
6156 1
6157 1
6158 3
6159 2
6160 5
6161 2
6162 2
6163 1
6164 4
6165 2
6166 4
6167 1
6168 3
6169 3
6170 2
6171 3
6172 5
6173 3
6174 5
6175 4
6176 1
6177 1
6178 2
6179 1
6180 3
6181 0
6182 1
6183 1
6184 1
6185 1
6186 1
6187 2
6188 1
6189 1
6190 1
6191 1
6192 2
6193 3
6194 1
6195 1
6196 1
6197 5
6198 2
6199 0
6200 2
6201 1
6202 1
6203 2
6204 1
6205 0
6206 3
6207 5
6208 1
6209 0
6210 2
6211 3
6212 4
6213 3
6214 2
6215 4
6216 4
6217 2
6218 3
6219 1
6220 4
6221 3
6222 2
6223 2
6224 2
6225 0
6226 1
6227 2
6228 1
6229 2
6230 3
6231 1
6232 0
6233 1
6234 1
6235 2
6236 3
6237 3
6238 0
6239 2
6240 1
6241 1
6242 0
6243 2
6244 1
6245 2
6246 1
6247 1
6248 3
6249 1
6250 2
6251 1
6252 1
6253 2
6254 3
6255 5
6256 3
6257 3
6258 1
6259 2
6260 2
6261 3
6262 3
6263 3
6264 2
6265 1
6266 1
6267 3
6268 2
6269 2
6270 3
6271 1
6272 1
6273 2
6274 0
6275 2
6276 3
6277 0
6278 3
6279 3
6280 1
6281 1
6282 1
6283 1
6284 2
6285 2
6286 1
6287 2
6288 1
6289 3
6290 2
6291 3
6292 5
6293 3
6294 0
6295 3
6296 3
6297 4
6298 2
6299 1
6300 2
6301 1
6302 3
6303 3
6304 3
6305 3
6306 2
6307 5
6308 3
6309 5
6310 4
6311 2
6312 4
6313 3
6314 7
6315 2
6316 2
6317 3
6318 5
6319 5
6320 2
6321 3
6322 3
6323 4
6324 5
6325 1
6326 2
6327 2
6328 1
6329 7
6330 3
6331 2
6332 1
6333 4
6334 3
6335 2
6336 5
6337 1
6338 1
6339 4
6340 2
6341 1
6342 2
6343 4
6344 2
6345 2
6346 3
6347 2
6348 3
6349 1
6350 1
6351 3
6352 4
6353 1
6354 4
6355 6
6356 3
6357 1
6358 5
6359 2
6360 1
6361 2
6362 2
6363 0
6364 1
6365 0
6366 2
6367 2
6368 3
6369 4
6370 6
6371 2
6372 3
6373 2
6374 3
6375 1
6376 4
6377 1
6378 2
6379 4
6380 2
6381 1
6382 4
6383 4
6384 1
6385 3
6386 1
6387 4
6388 3
6389 2
6390 3
6391 3
6392 1
6393 3
6394 1
6395 1
6396 1
6397 2
6398 3
6399 1
6400 1
6401 3
6402 1
6403 1
6404 2
6405 0
6406 0
6407 1
6408 3
6409 1
6410 1
6411 3
6412 2
6413 1
6414 3
6415 2
6416 4
6417 3
6418 6
6419 3
6420 4
6421 4
6422 3
6423 1
6424 1
6425 2
6426 4
6427 2
6428 3
6429 6
6430 4
6431 3
6432 3
6433 5
6434 1
6435 2
6436 3
6437 2
6438 1
6439 3
6440 1
6441 2
6442 1
6443 3
6444 2
6445 2
6446 0
6447 3
6448 1
6449 2
6450 0
6451 3
6452 4
6453 0
6454 2
6455 0
6456 2
6457 6
6458 3
6459 2
6460 1
6461 3
6462 3
6463 1
6464 5
6465 3
6466 1
6467 4
6468 2
6469 2
6470 1
6471 2
6472 1
6473 2
6474 2
6475 2
6476 1
6477 1
6478 1
6479 3
6480 2
6481 2
6482 2
6483 1
6484 3
6485 3
6486 2
6487 0
6488 2
6489 2
6490 3
6491 4
6492 1
6493 2
6494 1
6495 3
6496 2
6497 4
6498 3
6499 1
6500 4
6501 3
6502 3
6503 2
6504 1
6505 1
6506 0
6507 4
6508 2
6509 0
6510 0
6511 1
6512 1
6513 4
6514 4
6515 4
6516 3
6517 1
6518 1
6519 1
6520 4
6521 3
6522 0
6523 1
6524 2
6525 3
6526 2
6527 2
6528 2
6529 2
6530 1
6531 3
6532 3
6533 5
6534 2
6535 1
6536 2
6537 0
6538 2
6539 2
6540 2
6541 0
6542 1
6543 2
6544 3
6545 1
6546 3
6547 4
6548 3
6549 3
6550 1
6551 3
6552 3
6553 2
6554 1
6555 3
6556 2
6557 2
6558 1
6559 0
6560 4
6561 2
6562 3
6563 1
6564 3
6565 3
6566 1
6567 4
6568 2
6569 2
6570 2
6571 2
6572 1
6573 3
6574 1
6575 2
6576 0
6577 2
6578 1
6579 0
6580 0
6581 0
6582 3
6583 2
6584 1
6585 3
6586 4
6587 3
6588 0
6589 1
6590 2
6591 2
6592 3
6593 4
6594 2
6595 1
6596 5
6597 2
6598 2
6599 2
6600 4
6601 5
6602 4
6603 1
6604 4
6605 5
6606 3
6607 3
6608 3
6609 1
6610 3
6611 1
6612 2
6613 4
6614 2
6615 3
6616 4
6617 4
6618 4
6619 2
6620 3
6621 2
6622 3
6623 1
6624 1
6625 5
6626 2
6627 6
6628 4
6629 2
6630 2
6631 4
6632 2
6633 0
6634 2
6635 5
6636 2
6637 4
6638 6
6639 6
6640 3
6641 5
6642 3
6643 5
6644 2
6645 6
6646 4
6647 1
6648 2
6649 2
6650 1
6651 3
6652 4
6653 4
6654 2
6655 1
6656 4
6657 6
6658 2
6659 1
6660 2
6661 3
6662 3
6663 3
6664 5
6665 2
6666 0
6667 3
6668 1
6669 4
6670 3
6671 2
6672 1
6673 2
6674 2
6675 0
6676 2
6677 1
6678 3
6679 1
6680 0
6681 3
6682 3
6683 3
6684 2
6685 2
6686 2
6687 1
6688 1
6689 4
6690 1
6691 3
6692 2
6693 1
6694 4
6695 2
6696 3
6697 2
6698 1
6699 2
6700 4
6701 3
6702 3
6703 4
6704 1
6705 1
6706 4
6707 3
6708 1
6709 2
6710 3
6711 1
6712 2
6713 3
6714 0
6715 6
6716 2
6717 1
6718 1
6719 5
6720 2
6721 5
6722 4
6723 3
6724 4
6725 2
6726 1
6727 4
6728 1
6729 3
6730 4
6731 3
6732 4
6733 1
6734 2
6735 2
6736 2
6737 2
6738 5
6739 5
6740 2
6741 0
6742 0
6743 1
6744 1
6745 3
6746 1
6747 1
6748 2
6749 1
6750 3
6751 3
6752 2
6753 2
6754 1
6755 5
6756 2
6757 2
6758 1
6759 4
6760 2
6761 2
6762 1
6763 3
6764 1
6765 2
6766 3
6767 4
6768 6
6769 1
6770 4
6771 2
6772 3
6773 0
6774 1
6775 3
6776 0
6777 4
6778 3
6779 2
6780 3
6781 2
6782 1
6783 3
6784 3
6785 2
6786 3
6787 0
6788 2
6789 5
6790 2
6791 3
6792 3
6793 3
6794 4
6795 1
6796 4
6797 1
6798 1
6799 2
6800 2
6801 2
6802 1
6803 2
6804 1
6805 2
6806 1
6807 2
6808 2
6809 0
6810 1
6811 0
6812 0
6813 0
6814 2
6815 1
6816 2
6817 1
6818 0
6819 1
6820 0
6821 0
6822 1
6823 1
6824 1
6825 1
6826 1
6827 2
6828 0
6829 2
6830 0
6831 5
6832 0
6833 3
6834 1
6835 2
6836 3
6837 1
6838 1
6839 2
6840 1
6841 2
6842 2
6843 1
6844 1
6845 2
6846 2
6847 2
6848 2
6849 3
6850 2
6851 2
6852 1
6853 2
6854 1
6855 0
6856 3
6857 4
6858 1
6859 1
6860 1
6861 0
6862 1
6863 1
6864 0
6865 1
6866 1
6867 2
6868 2
6869 3
6870 3
6871 4
6872 2
6873 0
6874 2
6875 0
6876 4
6877 1
6878 2
6879 1
6880 0
6881 2
6882 1
6883 2
6884 2
6885 1
6886 2
6887 0
6888 2
6889 1
6890 1
6891 4
6892 4
6893 1
6894 3
6895 1
6896 2
6897 5
6898 2
6899 3
6900 3
6901 1
6902 3
6903 2
6904 0
6905 4
6906 3
6907 3
6908 1
6909 1
6910 0
6911 3
6912 2
6913 2
6914 1
6915 2
6916 2
6917 0
6918 2
6919 4
6920 1
6921 0
6922 1
6923 2
6924 1
6925 3
6926 2
6927 3
6928 3
6929 3
6930 5
6931 3
6932 3
6933 2
6934 6
6935 5
6936 1
6937 1
6938 1
6939 2
6940 1
6941 2
6942 2
6943 3
6944 0
6945 4
6946 1
6947 4
6948 4
6949 3
6950 1
6951 1
6952 0
6953 0
6954 4
6955 2
6956 1
6957 1
6958 2
6959 1
6960 1
6961 3
6962 0
6963 2
6964 2
6965 0
6966 2
6967 1
6968 1
6969 3
6970 2
6971 3
6972 3
6973 5
6974 2
6975 3
6976 1
6977 3
6978 1
6979 1
6980 3
6981 3
6982 1
6983 4
6984 1
6985 1
6986 3
6987 2
6988 1
6989 1
6990 4
6991 3
6992 3
6993 2
6994 6
6995 3
6996 3
6997 4
6998 0
6999 2
7000 4
7001 2
7002 6
7003 3
7004 8
7005 4
7006 6
7007 4
7008 7
7009 2
7010 6
7011 3
7012 0
7013 3
7014 0
7015 2
7016 4
7017 2
7018 5
7019 3
7020 2
7021 3
7022 3
7023 4
7024 4
7025 6
7026 3
7027 4
7028 3
7029 4
7030 1
7031 2
7032 4
7033 5
7034 5
7035 3
7036 1
7037 1
7038 3
7039 3
7040 5
7041 2
7042 1
7043 1
7044 1
7045 3
7046 4
7047 3
7048 3
7049 1
7050 1
7051 5
7052 0
7053 0
7054 2
7055 2
7056 3
7057 4
7058 4
7059 4
7060 0
7061 1
7062 3
7063 1
7064 0
7065 2
7066 1
7067 1
7068 0
7069 6
7070 1
7071 2
7072 3
7073 5
7074 1
7075 3
7076 2
7077 3
7078 4
7079 2
7080 2
7081 2
7082 0
7083 4
7084 5
7085 6
7086 4
7087 4
7088 5
7089 4
7090 4
7091 3
7092 2
7093 2
7094 1
7095 3
7096 5
7097 3
7098 1
7099 2
7100 4
7101 5
7102 3
7103 5
7104 5
7105 3
7106 7
7107 5
7108 4
7109 4
7110 6
7111 3
7112 5
7113 3
7114 4
7115 3
7116 2
7117 5
7118 6
7119 1
7120 4
7121 2
7122 3
7123 4
7124 4
7125 6
7126 3
7127 2
7128 5
7129 2
7130 1
7131 4
7132 2
7133 3
7134 6
7135 4
7136 2
7137 3
7138 1
7139 1
7140 3
7141 4
7142 2
7143 1
7144 2
7145 4
7146 2
7147 2
7148 1
7149 1
7150 4
7151 1
7152 1
7153 1
7154 3
7155 2
7156 5
7157 3
7158 3
7159 4
7160 3
7161 3
7162 2
7163 2
7164 3
7165 3
7166 3
7167 1
7168 2
7169 3
7170 0
7171 2
7172 3
7173 4
7174 4
7175 5
7176 3
7177 5
7178 2
7179 2
7180 4
7181 4
7182 4
7183 4
7184 3
7185 2
7186 2
7187 3
7188 3
7189 1
7190 3
7191 2
7192 0
7193 5
7194 3
7195 3
7196 3
7197 4
7198 1
7199 3
7200 1
7201 6
7202 4
7203 1
7204 1
7205 4
7206 3
7207 2
7208 3
7209 1
7210 2
7211 4
7212 2
7213 1
7214 3
7215 3
7216 5
7217 5
7218 3
7219 3
7220 3
7221 4
7222 5
7223 2
7224 4
7225 3
7226 2
7227 5
7228 4
7229 3
7230 1
7231 4
7232 2
7233 3
7234 0
7235 0
7236 2
7237 3
7238 2
7239 3
7240 3
7241 0
7242 3
7243 1
7244 3
7245 4
7246 4
7247 4
7248 1
7249 2
7250 2
7251 1
7252 2
7253 5
7254 4
7255 0
7256 4
7257 1
7258 5
7259 4
7260 4
7261 4
7262 4
7263 7
7264 0
7265 1
7266 6
7267 4
7268 2
7269 0
7270 6
7271 2
7272 4
7273 4
7274 3
7275 3
7276 3
7277 3
7278 3
7279 3
7280 4
7281 2
7282 3
7283 2
7284 4
7285 4
7286 1
7287 3
7288 1
7289 1
7290 3
7291 5
7292 4
7293 6
7294 4
7295 2
7296 1
7297 4
7298 5
7299 3
7300 2
7301 3
7302 2
7303 2
7304 1
7305 1
7306 3
7307 3
7308 2
7309 1
7310 2
7311 1
7312 3
7313 1
7314 3
7315 4
7316 2
7317 3
7318 4
7319 4
7320 6
7321 1
7322 2
7323 2
7324 3
7325 3
7326 5
7327 3
7328 3
7329 1
7330 3
7331 0
7332 1
7333 4
7334 2
7335 2
7336 4
7337 2
7338 0
7339 6
7340 3
7341 5
7342 3
7343 1
7344 3
7345 3
7346 1
7347 2
7348 1
7349 4
7350 3
7351 4
7352 4
7353 3
7354 2
7355 8
7356 5
7357 6
7358 2
7359 3
7360 6
7361 6
7362 3
7363 2
7364 6
7365 3
7366 1
7367 0
7368 4
7369 6
7370 3
7371 2
7372 5
7373 1
7374 1
7375 2
7376 7
7377 2
7378 2
7379 5
7380 4
7381 3
7382 1
7383 3
7384 4
7385 3
7386 1
7387 3
7388 3
7389 3
7390 3
7391 3
7392 5
7393 0
7394 5
7395 3
7396 4
7397 1
7398 2
7399 1
7400 3
7401 2
7402 2
7403 2
7404 1
7405 4
7406 4
7407 3
7408 0
7409 2
7410 4
7411 4
7412 2
7413 5
7414 1
7415 2
7416 1
7417 2
7418 4
7419 7
7420 1
7421 1
7422 2
7423 4
7424 2
7425 1
7426 7
7427 3
7428 5
7429 4
7430 2
7431 3
7432 6
7433 2
7434 3
7435 3
7436 1
7437 4
7438 2
7439 3
7440 4
7441 0
7442 3
7443 3
7444 2
7445 1
7446 3
7447 0
7448 1
7449 3
7450 3
7451 2
7452 1
7453 3
7454 3
7455 2
7456 3
7457 3
7458 1
7459 5
7460 7
7461 2
7462 2
7463 2
7464 1
7465 3
7466 4
7467 2
7468 2
7469 3
7470 1
7471 7
7472 4
7473 2
7474 2
7475 5
7476 1
7477 0
7478 3
7479 0
7480 2
7481 1
7482 0
7483 3
7484 2
7485 2
7486 1
7487 1
7488 2
7489 1
7490 5
7491 2
7492 0
7493 4
7494 3
7495 0
7496 2
7497 3
7498 2
7499 0
7500 3
7501 3
7502 1
7503 1
7504 4
7505 2
7506 1
7507 0
7508 0
7509 4
7510 4
7511 2
7512 2
7513 5
7514 1
7515 4
7516 2
7517 5
7518 2
7519 2
7520 0
7521 2
7522 4
7523 3
7524 2
7525 2
7526 4
7527 5
7528 3
7529 1
7530 0
7531 1
7532 0
7533 1
7534 3
7535 5
7536 1
7537 2
7538 2
7539 3
7540 3
7541 1
7542 0
7543 1
7544 1
7545 0
7546 1
7547 3
7548 2
7549 5
7550 0
7551 2
7552 4
7553 2
7554 2
7555 1
7556 1
7557 5
7558 1
7559 2
7560 3
7561 4
7562 2
7563 3
7564 1
7565 3
7566 3
7567 3
7568 3
7569 3
7570 2
7571 2
7572 1
7573 1
7574 2
7575 2
7576 2
7577 3
7578 2
7579 3
7580 3
7581 4
7582 3
7583 4
7584 3
7585 6
7586 1
7587 2
7588 4
7589 3
7590 4
7591 4
7592 2
7593 5
7594 3
7595 1
7596 3
7597 2
7598 1
7599 2
7600 1
7601 1
7602 2
7603 2
7604 0
7605 2
7606 1
7607 2
7608 0
7609 0
7610 3
7611 0
7612 1
7613 1
7614 4
7615 1
7616 3
7617 0
7618 1
7619 0
7620 0
7621 3
7622 0
7623 2
7624 0
7625 3
7626 1
7627 1
7628 1
7629 1
7630 0
7631 2
7632 1
7633 2
7634 2
7635 3
7636 1
7637 2
7638 2
7639 3
7640 1
7641 3
7642 0
7643 3
7644 3
7645 3
7646 3
7647 1
7648 0
7649 3
7650 2
7651 4
7652 1
7653 2
7654 3
7655 1
7656 1
7657 2
7658 0
7659 3
7660 5
7661 1
7662 1
7663 3
7664 2
7665 1
7666 1
7667 3
7668 4
7669 2
7670 2
7671 2
7672 3
7673 2
7674 1
7675 3
7676 3
7677 3
7678 4
7679 3
7680 0
7681 0
7682 2
7683 2
7684 4
7685 2
7686 2
7687 3
7688 6
7689 0
7690 0
7691 2
7692 2
7693 1
7694 2
7695 3
7696 2
7697 3
7698 2
7699 2
7700 3
7701 4
7702 2
7703 3
7704 2
7705 1
7706 0
7707 3
7708 2
7709 1
7710 3
7711 1
7712 1
7713 2
7714 3
7715 4
7716 4
7717 4
7718 3
7719 0
7720 2
7721 5
7722 2
7723 3
7724 2
7725 2
7726 3
7727 4
7728 3
7729 2
7730 1
7731 4
7732 2
7733 3
7734 4
7735 2
7736 1
7737 1
7738 2
7739 3
7740 3
7741 2
7742 2
7743 2
7744 2
7745 4
7746 2
7747 1
7748 5
7749 3
7750 3
7751 3
7752 1
7753 2
7754 3
7755 1
7756 5
7757 3
7758 5
7759 6
7760 5
7761 3
7762 3
7763 0
7764 2
7765 1
7766 3
7767 3
7768 1
7769 2
7770 3
7771 3
7772 0
7773 3
7774 2
7775 4
7776 2
7777 8
7778 5
7779 4
7780 3
7781 5
7782 1
7783 2
7784 2
7785 5
7786 3
7787 3
7788 3
7789 3
7790 4
7791 3
7792 1
7793 5
7794 2
7795 3
7796 3
7797 1
7798 3
7799 4
7800 2
7801 4
7802 2
7803 3
7804 5
7805 2
7806 3
7807 5
7808 3
7809 4
7810 1
7811 3
7812 3
7813 1
7814 5
7815 4
7816 3
7817 2
7818 2
7819 5
7820 5
7821 2
7822 1
7823 1
7824 5
7825 3
7826 4
7827 4
7828 4
7829 3
7830 2
7831 5
7832 4
7833 0
7834 5
7835 2
7836 2
7837 4
7838 1
7839 4
7840 2
7841 3
7842 3
7843 2
7844 2
7845 0
7846 1
7847 1
7848 5
7849 2
7850 2
7851 2
7852 1
7853 3
7854 3
7855 2
7856 1
7857 7
7858 3
7859 4
7860 2
7861 4
7862 1
7863 2
7864 3
7865 4
7866 3
7867 4
7868 0
7869 4
7870 1
7871 3
7872 2
7873 3
7874 3
7875 1
7876 2
7877 3
7878 2
7879 5
7880 1
7881 1
7882 0
7883 5
7884 0
7885 2
7886 1
7887 0
7888 0
7889 2
7890 2
7891 3
7892 1
7893 2
7894 1
7895 2
7896 3
7897 1
7898 1
7899 1
7900 2
7901 1
7902 1
7903 3
7904 0
7905 3
7906 1
7907 2
7908 2
7909 0
7910 0
7911 1
7912 3
7913 2
7914 1
7915 4
7916 2
7917 1
7918 3
7919 2
7920 2
7921 2
7922 1
7923 3
7924 2
7925 2
7926 2
7927 3
7928 0
7929 2
7930 2
7931 1
7932 1
7933 3
7934 1
7935 3
7936 2
7937 1
7938 3
7939 0
7940 0
7941 1
7942 1
7943 1
7944 3
7945 2
7946 2
7947 3
7948 5
7949 1
7950 2
7951 3
7952 2
7953 3
7954 5
7955 3
7956 1
7957 3
7958 0
7959 3
7960 4
7961 1
7962 2
7963 3
7964 2
7965 2
7966 3
7967 2
7968 1
7969 2
7970 1
7971 2
7972 1
7973 6
7974 2
7975 3
7976 3
7977 3
7978 4
7979 2
7980 1
7981 1
7982 2
7983 2
7984 2
7985 0
7986 2
7987 4
7988 3
7989 3
7990 1
7991 1
7992 1
7993 2
7994 0
7995 3
7996 4
7997 1
7998 2
7999 0
8000 2
8001 2
8002 2
8003 0
8004 3
8005 1
8006 1
8007 1
8008 2
8009 1
8010 3
8011 1
8012 4
8013 1
8014 2
8015 2
8016 2
8017 0
8018 2
8019 2
8020 2
8021 1
8022 2
8023 4
8024 3
8025 1
8026 1
8027 2
8028 3
8029 1
8030 3
8031 0
8032 1
8033 4
8034 1
8035 1
8036 3
8037 4
8038 1
8039 2
8040 3
8041 5
8042 6
8043 1
8044 2
8045 2
8046 3
8047 5
8048 2
8049 1
8050 3
8051 3
8052 3
8053 2
8054 1
8055 1
8056 5
8057 1
8058 1
8059 3
8060 3
8061 2
8062 2
8063 0
8064 2
8065 0
8066 3
8067 2
8068 2
8069 1
8070 3
8071 2
8072 1
8073 0
8074 1
8075 2
8076 4
8077 3
8078 3
8079 1
8080 1
8081 3
8082 2
8083 5
8084 3
8085 2
8086 1
8087 5
8088 1
8089 2
8090 2
8091 2
8092 1
8093 4
8094 3
8095 3
8096 4
8097 2
8098 4
8099 1
8100 3
8101 6
8102 2
8103 3
8104 4
8105 1
8106 2
8107 3
8108 6
8109 3
8110 1
8111 3
8112 1
8113 4
8114 3
8115 4
8116 1
8117 1
8118 2
8119 1
8120 2
8121 3
8122 0
8123 2
8124 3
8125 2
8126 3
8127 2
8128 2
8129 3
8130 1
8131 1
8132 2
8133 2
8134 2
8135 1
8136 2
8137 2
8138 4
8139 3
8140 2
8141 3
8142 4
8143 3
8144 3
8145 3
8146 2
8147 4
8148 2
8149 3
8150 1
8151 3
8152 2
8153 1
8154 4
8155 3
8156 4
8157 2
8158 3
8159 1
8160 0
8161 0
8162 3
8163 3
8164 1
8165 4
8166 2
8167 4
8168 1
8169 2
8170 2
8171 1
8172 2
8173 3
8174 1
8175 4
8176 1
8177 3
8178 1
8179 1
8180 4
8181 4
8182 2
8183 2
8184 1
8185 0
8186 1
8187 1
8188 1
8189 1
8190 1
8191 3
8192 2
8193 2
8194 2
8195 1
8196 4
8197 2
8198 1
8199 4
8200 2
8201 3
8202 2
8203 1
8204 5
8205 3
8206 2
8207 3
8208 3
8209 1
8210 4
8211 3
8212 5
8213 2
8214 1
8215 4
8216 1
8217 3
8218 4
8219 1
8220 4
8221 5
8222 2
8223 4
8224 5
8225 2
8226 3
8227 0
8228 2
8229 5
8230 1
8231 3
8232 0
8233 3
8234 2
8235 2
8236 4
8237 3
8238 5
8239 4
8240 2
8241 3
8242 3
8243 3
8244 5
8245 3
8246 6
8247 0
8248 4
8249 5
8250 3
8251 1
8252 4
8253 3
8254 4
8255 2
8256 3
8257 4
8258 0
8259 5
8260 4
8261 5
8262 3
8263 1
8264 2
8265 2
8266 3
8267 1
8268 3
8269 1
8270 2
8271 5
8272 4
8273 3
8274 3
8275 4
8276 1
8277 1
8278 2
8279 4
8280 2
8281 3
8282 3
8283 3
8284 3
8285 3
8286 3
8287 0
8288 4
8289 2
8290 5
8291 2
8292 3
8293 3
8294 4
8295 4
8296 3
8297 2
8298 1
8299 5
8300 4
8301 6
8302 2
8303 7
8304 4
8305 5
8306 3
8307 2
8308 2
8309 2
8310 4
8311 1
8312 2
8313 3
8314 5
8315 3
8316 3
8317 1
8318 3
8319 4
8320 6
8321 4
8322 2
8323 4
8324 4
8325 4
8326 1
8327 4
8328 3
8329 3
8330 3
8331 5
8332 5
8333 0
8334 0
8335 3
8336 4
8337 4
8338 2
8339 1
8340 3
8341 4
8342 4
8343 4
8344 5
8345 7
8346 5
8347 7
8348 4
8349 3
8350 3
8351 3
8352 2
8353 3
8354 4
8355 4
8356 2
8357 1
8358 0
8359 3
8360 3
8361 3
8362 3
8363 5
8364 1
8365 5
8366 2
8367 6
8368 3
8369 1
8370 2
8371 3
8372 1
8373 1
8374 1
8375 1
8376 1
8377 2
8378 3
8379 2
8380 1
8381 0
8382 3
8383 5
8384 1
8385 2
8386 1
8387 3
8388 0
8389 0
8390 1
8391 0
8392 2
8393 1
8394 5
8395 4
8396 2
8397 4
8398 3
8399 0
8400 1
8401 1
8402 0
8403 4
8404 1
8405 0
8406 3
8407 3
8408 2
8409 1
8410 2
8411 2
8412 2
8413 2
8414 1
8415 4
8416 1
8417 1
8418 2
8419 1
8420 2
8421 1
8422 0
8423 1
8424 2
8425 3
8426 2
8427 4
8428 3
8429 3
8430 3
8431 3
8432 1
8433 2
8434 2
8435 1
8436 6
8437 2
8438 3
8439 2
8440 4
8441 2
8442 3
8443 4
8444 1
8445 3
8446 5
8447 0
8448 3
8449 3
8450 1
8451 1
8452 2
8453 2
8454 4
8455 4
8456 1
8457 2
8458 5
8459 3
8460 1
8461 3
8462 1
8463 0
8464 1
8465 1
8466 2
8467 3
8468 2
8469 2
8470 1
8471 1
8472 0
8473 5
8474 1
8475 4
8476 2
8477 1
8478 2
8479 2
8480 0
8481 0
8482 3
8483 2
8484 4
8485 0
8486 2
8487 2
8488 3
8489 3
8490 1
8491 2
8492 5
8493 1
8494 1
8495 4
8496 2
8497 1
8498 0
8499 0
8500 2
8501 2
8502 6
8503 8
8504 4
8505 3
8506 0
8507 0
8508 2
8509 5
8510 1
8511 2
8512 4
8513 2
8514 2
8515 1
8516 2
8517 2
8518 2
8519 3
8520 2
8521 1
8522 3
8523 2
8524 1
8525 2
8526 4
8527 0
8528 4
8529 6
8530 1
8531 1
8532 5
8533 3
8534 2
8535 1
8536 2
8537 1
8538 4
8539 3
8540 1
8541 2
8542 3
8543 0
8544 3
8545 2
8546 2
8547 1
8548 2
8549 2
8550 3
8551 4
8552 1
8553 1
8554 1
8555 2
8556 2
8557 3
8558 1
8559 4
8560 4
8561 1
8562 2
8563 3
8564 2
8565 2
8566 4
8567 3
8568 3
8569 2
8570 2
8571 4
8572 3
8573 6
8574 1
8575 4
8576 3
8577 4
8578 3
8579 4
8580 5
8581 4
8582 5
8583 5
8584 1
8585 4
8586 3
8587 1
8588 5
8589 0
8590 2
8591 2
8592 5
8593 5
8594 3
8595 2
8596 5
8597 4
8598 5
8599 5
8600 2
8601 1
8602 2
8603 1
8604 1
8605 2
8606 3
8607 2
8608 3
8609 1
8610 2
8611 4
8612 4
8613 3
8614 3
8615 4
8616 2
8617 2
8618 3
8619 1
8620 4
8621 1
8622 3
8623 3
8624 2
8625 2
8626 1
8627 5
8628 5
8629 3
8630 3
8631 4
8632 3
8633 2
8634 0
8635 3
8636 5
8637 2
8638 3
8639 3
8640 6
8641 3
8642 2
8643 3
8644 2
8645 5
8646 2
8647 0
8648 4
8649 3
8650 2
8651 3
8652 2
8653 4
8654 4
8655 7
8656 3
8657 2
8658 4
8659 1
8660 2
8661 0
8662 3
8663 4
8664 2
8665 3
8666 1
8667 3
8668 5
8669 4
8670 3
8671 2
8672 2
8673 0
8674 0
8675 2
8676 1
8677 1
8678 2
8679 4
8680 6
8681 1
8682 0
8683 2
8684 3
8685 1
8686 4
8687 4
8688 1
8689 5
8690 2
8691 2
8692 4
8693 1
8694 3
8695 1
8696 1
8697 2
8698 0
8699 5
8700 5
8701 2
8702 3
8703 3
8704 3
8705 1
8706 2
8707 2
8708 2
8709 6
8710 2
8711 3
8712 2
8713 0
8714 3
8715 2
8716 4
8717 2
8718 4
8719 3
8720 4
8721 3
8722 2
8723 1
8724 4
8725 4
8726 3
8727 1
8728 3
8729 4
8730 2
8731 3
8732 3
8733 2
8734 2
8735 2
8736 0
8737 1
8738 2
8739 1
8740 1
8741 1
8742 3
8743 4
8744 4
8745 3
8746 3
8747 2
8748 2
8749 2
8750 2
8751 1
8752 2
8753 3
8754 3
8755 1
8756 3
8757 6
8758 4
8759 2
8760 5
8761 2
8762 2
8763 1
8764 2
8765 0
8766 1
8767 5
8768 2
8769 3
8770 1
8771 1
8772 5
8773 4
8774 4
8775 2
8776 0
8777 2
8778 3
8779 2
8780 3
8781 2
8782 3
8783 4
8784 2
8785 2
8786 3
8787 2
8788 2
8789 4
8790 1
8791 1
8792 0
8793 2
8794 2
8795 2
8796 1
8797 1
8798 4
8799 0
8800 3
8801 1
8802 2
8803 3
8804 4
8805 3
8806 0
8807 2
8808 1
8809 2
8810 1
8811 2
8812 2
8813 0
8814 1
8815 0
8816 4
8817 2
8818 3
8819 4
8820 2
8821 4
8822 0
8823 2
8824 2
8825 2
8826 2
8827 1
8828 3
8829 2
8830 2
8831 5
8832 3
8833 2
8834 4
8835 3
8836 1
8837 2
8838 3
8839 1
8840 0
8841 1
8842 1
8843 1
8844 3
8845 1
8846 2
8847 2
8848 4
8849 6
8850 5
8851 1
8852 3
8853 1
8854 2
8855 1
8856 2
8857 1
8858 2
8859 2
8860 3
8861 5
8862 6
8863 2
8864 6
8865 6
8866 3
8867 2
8868 2
8869 2
8870 1
8871 5
8872 3
8873 1
8874 0
8875 2
8876 2
8877 2
8878 3
8879 1
8880 3
8881 0
8882 2
8883 2
8884 1
8885 1
8886 1
8887 4
8888 0
8889 0
8890 3
8891 4
8892 0
8893 1
8894 0
8895 2
8896 2
8897 3
8898 3
8899 1
8900 2
8901 4
8902 1
8903 0
8904 2
8905 5
8906 2
8907 0
8908 1
8909 2
8910 0
8911 0
8912 4
8913 4
8914 2
8915 2
8916 1
8917 2
8918 0
8919 1
8920 1
8921 3
8922 1
8923 2
8924 3
8925 3
8926 3
8927 3
8928 1
8929 2
8930 2
8931 2
8932 2
8933 0
8934 2
8935 3
8936 1
8937 0
8938 2
8939 2
8940 0
8941 0
8942 1
8943 2
8944 1
8945 2
8946 0
8947 3
8948 2
8949 3
8950 2
8951 3
8952 3
8953 5
8954 1
8955 3
8956 0
8957 1
8958 0
8959 2
8960 0
8961 2
8962 0
8963 0
8964 1
8965 5
8966 2
8967 2
8968 2
8969 2
8970 3
8971 2
8972 5
8973 2
8974 4
8975 3
8976 2
8977 1
8978 3
8979 1
8980 5
8981 4
8982 4
8983 0
8984 5
8985 1
8986 2
8987 3
8988 3
8989 1
8990 3
8991 4
8992 2
8993 2
8994 2
8995 0
8996 5
8997 5
8998 2
8999 1
9000 4
9001 1
9002 1
9003 3
9004 1
9005 2
9006 5
9007 2
9008 1
9009 0
9010 3
9011 2
9012 1
9013 3
9014 0
9015 3
9016 2
9017 2
9018 2
9019 0
9020 1
9021 1
9022 5
9023 0
9024 3
9025 1
9026 2
9027 0
9028 0
9029 3
9030 2
9031 5
9032 4
9033 2
9034 0
9035 2
9036 4
9037 0
9038 1
9039 0
9040 2
9041 0
9042 3
9043 3
9044 2
9045 1
9046 4
9047 2
9048 1
9049 1
9050 1
9051 1
9052 2
9053 1
9054 3
9055 1
9056 2
9057 3
9058 2
9059 1
9060 2
9061 3
9062 1
9063 5
9064 2
9065 1
9066 1
9067 0
9068 1
9069 0
9070 2
9071 2
9072 2
9073 0
9074 1
9075 3
9076 3
9077 2
9078 2
9079 1
9080 1
9081 3
9082 2
9083 1
9084 0
9085 1
9086 1
9087 0
9088 0
9089 2
9090 3
9091 4
9092 2
9093 3
9094 3
9095 2
9096 2
9097 4
9098 3
9099 1
9100 5
9101 1
9102 2
9103 2
9104 4
9105 2
9106 2
9107 4
9108 3
9109 1
9110 3
9111 3
9112 1
9113 5
9114 1
9115 2
9116 3
9117 3
9118 2
9119 3
9120 3
9121 3
9122 4
9123 0
9124 1
9125 5
9126 6
9127 1
9128 3
9129 2
9130 1
9131 1
9132 0
9133 1
9134 3
9135 1
9136 0
9137 1
9138 2
9139 3
9140 4
9141 3
9142 3
9143 5
9144 2
9145 4
9146 3
9147 1
9148 2
9149 1
9150 1
9151 2
9152 2
9153 3
9154 7
9155 4
9156 2
9157 2
9158 2
9159 2
9160 1
9161 6
9162 2
9163 3
9164 3
9165 5
9166 2
9167 3
9168 3
9169 3
9170 5
9171 4
9172 2
9173 3
9174 1
9175 2
9176 1
9177 1
9178 3
9179 1
9180 4
9181 0
9182 1
9183 3
9184 2
9185 7
9186 6
9187 1
9188 2
9189 3
9190 2
9191 0
9192 3
9193 2
9194 4
9195 2
9196 6
9197 2
9198 4
9199 2
9200 3
9201 1
9202 3
9203 3
9204 3
9205 1
9206 2
9207 3
9208 2
9209 1
9210 2
9211 2
9212 2
9213 3
9214 5
9215 4
9216 3
9217 0
9218 7
9219 3
9220 4
9221 3
9222 1
9223 2
9224 2
9225 1
9226 3
9227 5
9228 4
9229 3
9230 0
9231 3
9232 2
9233 3
9234 1
9235 1
9236 3
9237 0
9238 2
9239 1
9240 2
9241 0
9242 2
9243 0
9244 3
9245 2
9246 3
9247 3
9248 3
9249 4
9250 3
9251 3
9252 1
9253 3
9254 1
9255 0
9256 2
9257 2
9258 3
9259 5
9260 2
9261 6
9262 3
9263 5
9264 3
9265 4
9266 5
9267 1
9268 4
9269 1
9270 4
9271 3
9272 2
9273 1
9274 0
9275 1
9276 2
9277 3
9278 3
9279 5
9280 0
9281 1
9282 2
9283 2
9284 2
9285 4
9286 5
9287 2
9288 2
9289 2
9290 3
9291 3
9292 3
9293 2
9294 5
9295 3
9296 3
9297 2
9298 3
9299 0
9300 2
9301 1
9302 2
9303 2
9304 2
9305 1
9306 0
9307 3
9308 2
9309 4
9310 1
9311 2
9312 2
9313 2
9314 1
9315 3
9316 0
9317 3
9318 4
9319 4
9320 3
9321 1
9322 3
9323 1
9324 3
9325 2
9326 1
9327 4
9328 3
9329 1
9330 2
9331 1
9332 5
9333 4
9334 4
9335 1
9336 3
9337 2
9338 3
9339 1
9340 1
9341 3
9342 4
9343 2
9344 1
9345 2
9346 3
9347 2
9348 2
9349 0
9350 1
9351 1
9352 6
9353 3
9354 0
9355 3
9356 0
9357 4
9358 2
9359 3
9360 2
9361 2
9362 2
9363 2
9364 3
9365 2
9366 5
9367 5
9368 3
9369 2
9370 0
9371 4
9372 0
9373 2
9374 1
9375 1
9376 1
9377 2
9378 2
9379 2
9380 1
9381 1
9382 7
9383 2
9384 2
9385 3
9386 4
9387 1
9388 2
9389 7
9390 3
9391 1
9392 1
9393 2
9394 2
9395 2
9396 3
9397 2
9398 6
9399 1
9400 2
9401 0
9402 1
9403 1
9404 1
9405 4
9406 1
9407 2
9408 0
9409 1
9410 4
9411 1
9412 1
9413 2
9414 3
9415 2
9416 5
9417 3
9418 2
9419 1
9420 2
9421 2
9422 5
9423 1
9424 1
9425 3
9426 3
9427 2
9428 0
9429 2
9430 1
9431 2
9432 2
9433 2
9434 2
9435 1
9436 3
9437 5
9438 1
9439 2
9440 2
9441 3
9442 3
9443 2
9444 2
9445 1
9446 3
9447 1
9448 1
9449 2
9450 3
9451 3
9452 3
9453 1
9454 2
9455 2
9456 2
9457 1
9458 3
9459 3
9460 3
9461 3
9462 4
9463 2
9464 1
9465 2
9466 4
9467 4
9468 1
9469 4
9470 6
9471 2
9472 2
9473 1
9474 2
9475 2
9476 3
9477 5
9478 3
9479 0
9480 2
9481 1
9482 3
9483 0
9484 2
9485 1
9486 1
9487 1
9488 2
9489 3
9490 1
9491 2
9492 1
9493 2
9494 2
9495 2
9496 1
9497 1
9498 3
9499 3
9500 3
9501 3
9502 3
9503 2
9504 2
9505 2
9506 1
9507 1
9508 0
9509 1
9510 1
9511 1
9512 1
9513 2
9514 1
9515 2
9516 0
9517 3
9518 0
9519 3
9520 2
9521 0
9522 1
9523 2
9524 2
9525 5
9526 3
9527 1
9528 4
9529 2
9530 7
9531 4
9532 2
9533 2
9534 3
9535 3
9536 2
9537 1
9538 0
9539 2
9540 3
9541 2
9542 3
9543 3
9544 2
9545 1
9546 1
9547 1
9548 0
9549 2
9550 4
9551 1
9552 2
9553 2
9554 1
9555 1
9556 0
9557 3
9558 2
9559 2
9560 2
9561 3
9562 2
9563 3
9564 1
9565 2
9566 0
9567 1
9568 2
9569 1
9570 0
9571 4
9572 4
9573 2
9574 1
9575 1
9576 4
9577 3
9578 4
9579 4
9580 2
9581 0
9582 4
9583 1
9584 1
9585 2
9586 3
9587 2
9588 2
9589 3
9590 1
9591 2
9592 0
9593 1
9594 3
9595 2
9596 2
9597 4
9598 2
9599 1
9600 1
9601 2
9602 2
9603 0
9604 3
9605 2
9606 5
9607 3
9608 0
9609 1
9610 0
9611 1
9612 1
9613 2
9614 3
9615 0
9616 1
9617 1
9618 0
9619 0
9620 1
9621 2
9622 2
9623 1
9624 2
9625 0
9626 1
9627 2
9628 0
9629 1
9630 5
9631 2
9632 2
9633 1
9634 0
9635 3
9636 1
9637 1
9638 1
9639 1
9640 2
9641 2
9642 1
9643 2
9644 2
9645 3
9646 1
9647 4
9648 2
9649 2
9650 1
9651 2
9652 3
9653 4
9654 3
9655 4
9656 2
9657 1
9658 0
9659 4
9660 3
9661 3
9662 2
9663 2
9664 3
9665 3
9666 4
9667 1
9668 3
9669 4
9670 2
9671 3
9672 2
9673 5
9674 1
9675 1
9676 0
9677 3
9678 3
9679 2
9680 3
9681 5
9682 2
9683 4
9684 3
9685 1
9686 1
9687 2
9688 2
9689 4
9690 3
9691 1
9692 5
9693 2
9694 4
9695 1
9696 4
9697 1
9698 2
9699 4
9700 1
9701 2
9702 0
9703 1
9704 2
9705 1
9706 3
9707 4
9708 2
9709 3
9710 4
9711 3
9712 2
9713 1
9714 4
9715 1
9716 3
9717 2
9718 3
9719 4
9720 2
9721 3
9722 1
9723 5
9724 3
9725 1
9726 0
9727 2
9728 1
9729 1
9730 2
9731 2
9732 4
9733 0
9734 3
9735 2
9736 0
9737 2
9738 1
9739 5
9740 5
9741 5
9742 4
9743 2
9744 1
9745 3
9746 4
9747 5
9748 3
9749 1
9750 3
9751 2
9752 4
9753 3
9754 2
9755 1
9756 3
9757 2
9758 2
9759 1
9760 3
9761 2
9762 3
9763 5
9764 2
9765 0
9766 2
9767 3
9768 2
9769 4
9770 7
9771 3
9772 2
9773 6
9774 1
9775 4
9776 1
9777 2
9778 5
9779 2
9780 4
9781 3
9782 2
9783 3
9784 1
9785 0
9786 0
9787 1
9788 2
9789 2
9790 4
9791 2
9792 3
9793 2
9794 1
9795 4
9796 1
9797 3
9798 3
9799 2
9800 1
9801 1
9802 2
9803 1
9804 1
9805 2
9806 3
9807 2
9808 3
9809 3
9810 2
9811 2
9812 4
9813 3
9814 5
9815 1
9816 2
9817 2
9818 1
9819 1
9820 4
9821 4
9822 0
9823 2
9824 4
9825 7
9826 3
9827 5
9828 2
9829 2
9830 5
9831 0
9832 2
9833 4
9834 3
9835 2
9836 2
9837 5
9838 4
9839 2
9840 1
9841 2
9842 6
9843 3
9844 3
9845 5
9846 4
9847 4
9848 5
9849 0
9850 3
9851 3
9852 3
9853 2
9854 4
9855 2
9856 1
9857 3
9858 1
9859 4
9860 4
9861 2
9862 2
9863 2
9864 4
9865 6
9866 2
9867 2
9868 3
9869 5
9870 0
9871 2
9872 0
9873 4
9874 2
9875 1
9876 2
9877 3
9878 3
9879 1
9880 3
9881 3
9882 3
9883 4
9884 1
9885 1
9886 3
9887 3
9888 3
9889 1
9890 4
9891 3
9892 8
9893 3
9894 5
9895 6
9896 7
9897 3
9898 6
9899 3
9900 5
9901 2
9902 5
9903 2
9904 3
9905 6
9906 1
9907 3
9908 2
9909 4
9910 3
9911 3
9912 1
9913 1
9914 2
9915 3
9916 3
9917 4
9918 3
9919 3
9920 1
9921 4
9922 4
9923 4
9924 3
9925 3
9926 6
9927 2
9928 2
9929 4
9930 4
9931 4
9932 3
9933 4
9934 2
9935 2
9936 3
9937 2
9938 2
9939 1
9940 5
9941 2
9942 3
9943 4
9944 3
9945 2
9946 1
9947 5
9948 2
9949 2
9950 2
9951 3
9952 3
9953 4
9954 2
9955 5
9956 2
9957 3
9958 5
9959 6
9960 0
9961 2
9962 1
9963 1
9964 1
9965 3
9966 4
9967 3
9968 3
9969 2
9970 1
9971 3
9972 2
9973 4
9974 1
9975 1
9976 3
9977 1
9978 2
9979 3
9980 3
9981 4
9982 2
9983 4
9984 4
9985 2
9986 2
9987 3
9988 2
9989 1
9990 2
9991 2
9992 3
9993 4
9994 4
9995 4
9996 2
9997 2
9998 1
9999 2
10000 3
10001 2
