0 8
1 8
2 3
3 4
4 0
5 4
6 3
7 2
8 3
9 1
10 1
11 1
12 4
13 6
14 3
15 7
16 1
17 2
18 2
19 3
20 6
21 2
22 1
23 3
24 1
25 2
26 4
27 3
28 6
29 3
30 1
31 4
32 3
33 2
34 3
35 3
36 1
37 2
38 2
39 4
40 2
41 3
42 2
43 1
44 2
45 3
46 2
47 2
48 3
49 3
50 1
51 2
52 0
53 3
54 4
55 4
56 5
57 2
58 1
59 3
60 2
61 2
62 1
63 1
64 3
65 3
66 2
67 2
68 4
69 6
70 5
71 2
72 4
73 3
74 4
75 3
76 6
77 7
78 4
79 2
80 3
81 7
82 3
83 1
84 4
85 0
86 1
87 2
88 1
89 2
90 1
91 7
92 5
93 2
94 3
95 3
96 2
97 3
98 3
99 4
100 4
101 3
102 4
103 3
104 4
105 2
106 4
107 5
108 2
109 1
110 2
111 2
112 2
113 2
114 3
115 2
116 3
117 3
118 0
119 2
120 1
121 3
122 1
123 0
124 4
125 2
126 1
127 0
128 2
129 3
130 4
131 3
132 5
133 3
134 5
135 4
136 4
137 4
138 1
139 1
140 2
141 3
142 1
143 6
144 4
145 0
146 7
147 1
148 5
149 4
150 7
151 6
152 5
153 3
154 1
155 3
156 2
157 1
158 1
159 3
160 2
161 5
162 5
163 2
164 5
165 2
166 4
167 5
168 5
169 4
170 4
171 4
172 5
173 6
174 4
175 5
176 4
177 6
178 3
179 2
180 3
181 4
182 2
183 3
184 2
185 2
186 0
187 2
188 1
189 2
190 1
191 1
192 3
193 3
194 1
195 3
196 5
197 3
198 5
199 6
200 6
201 3
202 5
203 9
204 3
205 5
206 3
207 3
208 1
209 3
210 1
211 1
212 2
213 3
214 3
215 4
216 3
217 1
218 3
219 3
220 5
221 6
222 4
223 7
224 5
225 6
226 2
227 2
228 3
229 1
230 2
231 3
232 1
233 5
234 0
235 1
236 2
237 5
238 2
239 2
240 4
241 5
242 0
243 2
244 4
245 3
246 3
247 2
248 4
249 5
250 4
251 3
252 5
253 1
254 3
255 2
256 4
257 3
258 1
259 2
260 3
261 3
262 2
263 2
264 4
265 3
266 3
267 2
268 4
269 1
270 0
271 3
272 5
273 4
274 4
275 4
276 3
277 5
278 2
279 4
280 1
281 3
282 2
283 2
284 2
285 1
286 3
287 2
288 3
289 5
290 6
291 4
292 1
293 2
294 2
295 0
296 3
297 5
298 6
299 2
300 2
301 2
302 5
303 4
304 4
305 2
306 1
307 3
308 6
309 5
310 1
311 4
312 1
313 1
314 3
315 3
316 5
317 4
318 4
319 5
320 2
321 1
322 2
323 1
324 3
325 4
326 2
327 1
328 1
329 4
330 3
331 4
332 1
333 5
334 1
335 2
336 3
337 2
338 4
339 3
340 3
341 1
342 3
343 4
344 7
345 3
346 3
347 4
348 1
349 4
350 0
351 6
352 4
353 1
354 0
355 1
356 2
357 2
358 3
359 4
360 6
361 3
362 4
363 2
364 3
365 1
366 1
367 3
368 2
369 3
370 1
371 2
372 2
373 3
374 4
375 3
376 3
377 2
378 1
379 1
380 1
381 1
382 3
383 2
384 3
385 2
386 1
387 1
388 0
389 5
390 3
391 1
392 2
393 0
394 3
395 3
396 0
397 5
398 3
399 2
400 3
401 0
402 1
403 2
404 3
405 2
406 1
407 2
408 4
409 2
410 3
411 2
412 2
413 1
414 2
415 3
416 4
417 2
418 2
419 3
420 2
421 1
422 4
423 0
424 3
425 2
426 2
427 0
428 3
429 1
430 1
431 1
432 2
433 0
434 1
435 2
436 1
437 2
438 2
439 2
440 0
441 4
442 2
443 3
444 3
445 2
446 4
447 2
448 4
449 2
450 5
451 4
452 3
453 2
454 1
455 3
456 4
457 2
458 3
459 1
460 3
461 3
462 3
463 2
464 5
465 2
466 6
467 6
468 3
469 4
470 1
471 3
472 1
473 2
474 2
475 3
476 1
477 5
478 1
479 5
480 1
481 4
482 2
483 2
484 1
485 4
486 5
487 2
488 3
489 2
490 2
491 2
492 3
493 4
494 1
495 3
496 4
497 2
498 3
499 3
500 4
501 3
502 2
503 5
504 2
505 1
506 1
507 3
508 3
509 2
510 3
511 4
512 1
513 2
514 4
515 3
516 1
517 1
518 2
519 3
520 3
521 1
522 1
523 6
524 2
525 1
526 1
527 2
528 3
529 1
530 3
531 2
532 1
533 3
534 5
535 2
536 2
537 5
538 4
539 4
540 2
541 4
542 4
543 1
544 4
545 1
546 1
547 1
548 3
549 3
550 2
551 0
552 0
553 0
554 3
555 4
556 5
557 3
558 1
559 4
560 1
561 3
562 1
563 2
564 2
565 5
566 2
567 0
568 1
569 4
570 3
571 2
572 1
573 2
574 2
575 1
576 2
577 3
578 4
579 0
580 1
581 3
582 3
583 1
584 0
585 2
586 1
587 2
588 1
589 0
590 0
591 1
592 0
593 1
594 0
595 6
596 1
597 0
598 2
599 2
600 1
601 3
602 2
603 1
604 2
605 4
606 0
607 0
608 3
609 4
610 4
611 4
612 3
613 1
614 1
615 1
616 2
617 1
618 2
619 2
620 3
621 3
622 3
623 1
624 4
625 1
626 3
627 1
628 0
629 5
630 0
631 2
632 2
633 3
634 3
635 1
636 2
637 2
638 1
639 1
640 1
641 1
642 1
643 3
644 2
645 1
646 2
647 2
648 2
649 1
650 1
651 3
652 1
653 4
654 2
655 3
656 3
657 4
658 5
659 5
660 3
661 2
662 0
663 2
664 2
665 3
666 2
667 0
668 2
669 4
670 1
671 2
672 1
673 2
674 2
675 2
676 2
677 2
678 2
679 0
680 4
681 4
682 2
683 3
684 2
685 3
686 1
687 1
688 2
689 0
690 1
691 2
692 2
693 0
694 2
695 2
696 3
697 2
698 3
699 3
700 4
701 1
702 3
703 3
704 1
705 0
706 2
707 1
708 1
709 4
710 2
711 4
712 5
713 6
714 1
715 1
716 2
717 3
718 2
719 1
720 2
721 2
722 0
723 4
724 3
725 1
726 4
727 0
728 3
729 3
730 3
731 4
732 3
733 3
734 2
735 2
736 1
737 3
738 4
739 4
740 1
741 4
742 0
743 1
744 1
745 2
746 1
747 3
748 2
749 4
750 2
751 3
752 3
753 1
754 2
755 3
756 2
757 4
758 1
759 2
760 1
761 1
762 1
763 4
764 1
765 5
766 3
767 6
768 3
769 2
770 4
771 3
772 3
773 1
774 5
775 2
776 2
777 2
778 2
779 2
780 3
781 1
782 3
783 1
784 4
785 3
786 4
787 2
788 2
789 0
790 1
791 3
792 2
793 2
794 4
795 2
796 1
797 5
798 3
799 1
800 4
801 2
802 1
803 2
804 1
805 2
806 2
807 1
808 2
809 1
810 1
811 1
812 5
813 2
814 2
815 3
816 4
817 2
818 1
819 3
820 1
821 2
822 0
823 6
824 1
825 1
826 3
827 5
828 3
829 4
830 3
831 3
832 4
833 3
834 0
835 1
836 5
837 1
838 3
839 2
840 4
841 4
842 3
843 2
844 3
845 2
846 1
847 2
848 4
849 1
850 1
851 3
852 1
853 4
854 3
855 2
856 3
857 2
858 3
859 1
860 1
861 2
862 4
863 4
864 0
865 7
866 1
867 3
868 6
869 8
870 3
871 0
872 2
873 3
874 2
875 4
876 5
877 1
878 3
879 1
880 3
881 3
882 5
883 2
884 2
885 5
886 1
887 1
888 5
889 4
890 1
891 4
892 3
893 2
894 3
895 3
896 3
897 3
898 1
899 4
900 6
901 2
902 0
903 0
904 1
905 1
906 3
907 1
908 5
909 3
910 4
911 1
912 0
913 1
914 1
915 1
916 1
917 2
918 2
919 3
920 1
921 3
922 3
923 0
924 1
925 2
926 2
927 2
928 2
929 1
930 1
931 2
932 1
933 6
934 1
935 0
936 0
937 2
938 2
939 0
940 3
941 2
942 5
943 2
944 2
945 2
946 2
947 2
948 2
949 4
950 5
951 4
952 4
953 4
954 4
955 3
956 2
957 2
958 1
959 1
960 1
961 4
962 6
963 4
964 3
965 2
966 3
967 4
968 3
969 4
970 2
971 4
972 3
973 2
974 0
975 3
976 4
977 1
978 3
979 2
980 1
981 2
982 2
983 2
984 3
985 2
986 1
987 4
988 4
989 5
990 4
991 1
992 2
993 3
994 3
995 2
996 2
997 3
998 3
999 1
1000 2
1001 3
1002 2
1003 1
1004 5
1005 1
1006 1
1007 4
1008 2
1009 4
1010 3
1011 1
1012 4
1013 1
1014 2
1015 1
1016 3
1017 2
1018 2
1019 4
1020 5
1021 0
1022 4
1023 4
1024 5
1025 3
1026 3
1027 3
1028 4
1029 2
1030 2
1031 1
1032 5
1033 3
1034 4
1035 2
1036 3
1037 5
1038 3
1039 1
1040 3
1041 2
1042 1
1043 1
1044 3
1045 3
1046 0
1047 4
1048 6
1049 6
1050 2
1051 5
1052 3
1053 2
1054 2
1055 2
1056 2
1057 3
1058 2
1059 4
1060 3
1061 4
1062 2
1063 2
1064 3
1065 5
1066 5
1067 4
1068 5
1069 1
1070 3
1071 2
1072 0
1073 1
1074 3
1075 1
1076 4
1077 2
1078 5
1079 3
1080 4
1081 5
1082 4
1083 4
1084 2
1085 3
1086 2
1087 1
1088 4
1089 2
1090 2
1091 5
1092 4
1093 4
1094 2
1095 3
1096 3
1097 1
1098 1
1099 3
1100 2
1101 4
1102 4
1103 2
1104 4
1105 7
1106 3
1107 3
1108 2
1109 5
1110 1
1111 0
1112 5
1113 2
1114 2
1115 5
1116 4
1117 4
1118 2
1119 3
1120 5
1121 1
1122 1
1123 1
1124 2
1125 3
1126 1
1127 1
1128 1
1129 0
1130 1
1131 1
1132 1
1133 2
1134 1
1135 3
1136 1
1137 0
1138 3
1139 1
1140 5
1141 1
1142 2
1143 3
1144 3
1145 2
1146 4
1147 3
1148 1
1149 1
1150 1
1151 2
1152 2
1153 1
1154 3
1155 0
1156 0
1157 1
1158 1
1159 1
1160 0
1161 3
1162 3
1163 2
1164 1
1165 1
1166 0
1167 3
1168 1
1169 1
1170 1
1171 2
1172 0
1173 0
1174 1
1175 3
1176 1
1177 0
1178 3
1179 0
1180 2
1181 4
1182 2
1183 2
1184 1
1185 1
1186 2
1187 1
1188 1
1189 1
1190 1
1191 2
1192 1
1193 1
1194 1
1195 2
1196 2
1197 2
1198 1
1199 2
1200 2
1201 1
1202 2
1203 3
1204 1
1205 2
1206 2
1207 2
1208 1
1209 1
1210 1
1211 3
1212 3
1213 2
1214 0
1215 2
1216 0
1217 2
1218 1
1219 2
1220 3
1221 1
1222 4
1223 1
1224 1
1225 1
1226 2
1227 2
1228 2
1229 0
1230 3
1231 3
1232 0
1233 2
1234 1
1235 1
1236 2
1237 1
1238 3
1239 3
1240 4
1241 3
1242 2
1243 1
1244 4
1245 2
1246 3
1247 2
1248 6
1249 5
1250 4
1251 1
1252 1
1253 5
1254 1
1255 2
1256 3
1257 3
1258 4
1259 6
1260 3
1261 2
1262 1
1263 4
1264 1
1265 3
1266 4
1267 1
1268 3
1269 3
1270 1
1271 4
1272 5
1273 1
1274 0
1275 3
1276 3
1277 1
1278 5
1279 4
1280 4
1281 3
1282 1
1283 2
1284 5
1285 3
1286 3
1287 3
1288 2
1289 2
1290 4
1291 4
1292 4
1293 2
1294 2
1295 1
1296 5
1297 5
1298 1
1299 2
1300 1
1301 2
1302 2
1303 1
1304 2
1305 4
1306 1
1307 3
1308 1
1309 3
1310 2
1311 3
1312 4
1313 0
1314 2
1315 1
1316 0
1317 1
1318 2
1319 2
1320 3
1321 2
1322 2
1323 1
1324 0
1325 1
1326 3
1327 2
1328 3
1329 3
1330 2
1331 1
1332 2
1333 4
1334 2
1335 6
1336 3
1337 2
1338 3
1339 4
1340 3
1341 4
1342 5
1343 6
1344 5
1345 3
1346 2
1347 5
1348 1
1349 5
1350 2
1351 2
1352 2
1353 3
1354 3
1355 3
1356 4
1357 3
1358 0
1359 5
1360 5
1361 2
1362 2
1363 1
1364 0
1365 3
1366 2
1367 0
1368 1
1369 3
1370 4
1371 4
1372 3
1373 2
1374 2
1375 0
1376 3
1377 7
1378 3
1379 4
1380 4
1381 5
1382 2
1383 3
1384 2
1385 2
1386 1
1387 5
1388 0
1389 6
1390 7
1391 2
1392 5
1393 1
1394 3
1395 1
1396 5
1397 4
1398 4
1399 4
1400 1
1401 3
1402 5
1403 3
1404 3
1405 3
1406 4
1407 2
1408 2
1409 2
1410 1
1411 1
1412 3
1413 3
1414 1
1415 2
1416 2
1417 4
1418 1
1419 5
1420 5
1421 2
1422 1
1423 4
1424 4
1425 4
1426 5
1427 4
1428 4
1429 1
1430 2
1431 3
1432 1
1433 1
1434 0
1435 0
1436 1
1437 3
1438 2
1439 0
1440 5
1441 2
1442 3
1443 2
1444 5
1445 4
1446 6
1447 1
1448 1
1449 2
1450 2
1451 6
1452 3
1453 3
1454 6
1455 2
1456 2
1457 2
1458 3
1459 3
1460 4
1461 3
1462 3
1463 5
1464 2
1465 4
1466 2
1467 4
1468 4
1469 0
1470 1
1471 2
1472 2
1473 3
1474 2
1475 4
1476 1
1477 2
1478 3
1479 3
1480 4
1481 0
1482 4
1483 3
1484 3
1485 3
1486 2
1487 3
1488 3
1489 3
1490 3
1491 2
1492 5
1493 4
1494 2
1495 2
1496 3
1497 2
1498 2
1499 3
1500 2
1501 3
1502 1
1503 3
1504 3
1505 3
1506 2
1507 3
1508 3
1509 0
1510 4
1511 2
1512 2
1513 3
1514 2
1515 1
1516 4
1517 2
1518 5
1519 4
1520 6
1521 2
1522 1
1523 4
1524 4
1525 1
1526 3
1527 2
1528 0
1529 1
1530 3
1531 1
1532 3
1533 3
1534 2
1535 3
1536 4
1537 3
1538 1
1539 3
1540 3
1541 2
1542 2
1543 4
1544 3
1545 0
1546 0
1547 5
1548 2
1549 1
1550 4
1551 1
1552 2
1553 0
1554 2
1555 3
1556 3
1557 0
1558 1
1559 2
1560 2
1561 1
1562 3
1563 1
1564 3
1565 2
1566 6
1567 2
1568 3
1569 2
1570 2
1571 5
1572 5
1573 4
1574 3
1575 3
1576 4
1577 3
1578 6
1579 2
1580 1
1581 3
1582 2
1583 4
1584 3
1585 5
1586 4
1587 5
1588 5
1589 3
1590 4
1591 5
1592 1
1593 3
1594 5
1595 4
1596 2
1597 5
1598 3
1599 2
1600 6
1601 5
1602 3
1603 4
1604 6
1605 4
1606 3
1607 4
1608 3
1609 2
1610 4
1611 3
1612 4
1613 2
1614 3
1615 5
1616 5
1617 2
1618 4
1619 4
1620 4
1621 5
1622 1
1623 6
1624 6
1625 4
1626 3
1627 2
1628 6
1629 3
1630 1
1631 3
1632 4
1633 1
1634 8
1635 2
1636 4
1637 3
1638 3
1639 3
1640 3
1641 3
1642 2
1643 3
1644 5
1645 6
1646 5
1647 7
1648 2
1649 3
1650 2
1651 4
1652 1
1653 3
1654 3
1655 5
1656 5
1657 2
1658 2
1659 5
1660 2
1661 2
1662 0
1663 2
1664 2
1665 4
1666 4
1667 3
1668 4
1669 3
1670 4
1671 4
1672 5
1673 4
1674 5
1675 5
1676 6
1677 1
1678 3
1679 2
1680 2
1681 5
1682 2
1683 5
1684 3
1685 6
1686 4
1687 2
1688 2
1689 2
1690 6
1691 3
1692 3
1693 2
1694 1
1695 2
1696 3
1697 1
1698 2
1699 2
1700 2
1701 2
1702 1
1703 0
1704 4
1705 2
1706 3
1707 2
1708 7
1709 3
1710 5
1711 3
1712 3
1713 2
1714 2
1715 1
1716 0
1717 2
1718 0
1719 2
1720 3
1721 3
1722 4
1723 5
1724 3
1725 1
1726 2
1727 3
1728 5
1729 5
1730 3
1731 3
1732 4
1733 1
1734 3
1735 2
1736 2
1737 3
1738 4
1739 3
1740 4
1741 4
1742 3
1743 3
1744 4
1745 4
1746 2
1747 6
1748 8
1749 3
1750 3
1751 5
1752 3
1753 3
1754 1
1755 5
1756 3
1757 3
1758 3
1759 3
1760 3
1761 2
1762 4
1763 6
1764 2
1765 2
1766 0
1767 4
1768 4
1769 3
1770 5
1771 6
1772 4
1773 4
1774 3
1775 2
1776 5
1777 4
1778 4
1779 2
1780 2
1781 0
1782 2
1783 4
1784 2
1785 2
1786 2
1787 4
1788 3
1789 4
1790 4
1791 2
1792 4
1793 4
1794 3
1795 3
1796 2
1797 4
1798 5
1799 3
1800 3
1801 3
1802 2
1803 5
1804 5
1805 5
1806 4
1807 2
1808 2
1809 5
1810 3
1811 2
1812 2
1813 2
1814 5
1815 0
1816 3
1817 4
1818 3
1819 2
1820 3
1821 1
1822 2
1823 3
1824 6
1825 3
1826 3
1827 5
1828 3
1829 3
1830 3
1831 2
1832 1
1833 4
1834 4
1835 3
1836 1
1837 3
1838 7
1839 3
1840 2
1841 2
1842 6
1843 4
1844 4
1845 5
1846 2
1847 3
1848 0
1849 1
1850 2
1851 3
1852 1
1853 1
1854 5
1855 6
1856 3
1857 2
1858 5
1859 6
1860 3
1861 3
1862 3
1863 3
1864 3
1865 2
1866 2
1867 3
1868 2
1869 4
1870 4
1871 4
1872 3
1873 1
1874 3
1875 4
1876 2
1877 2
1878 4
1879 2
1880 3
1881 4
1882 3
1883 3
1884 3
1885 3
1886 0
1887 2
1888 1
1889 2
1890 2
1891 1
1892 1
1893 2
1894 2
1895 3
1896 4
1897 2
1898 1
1899 0
1900 3
1901 2
1902 3
1903 3
1904 3
1905 3
1906 5
1907 0
1908 3
1909 5
1910 3
1911 5
1912 1
1913 2
1914 1
1915 3
1916 4
1917 6
1918 5
1919 1
1920 2
1921 0
1922 0
1923 3
1924 2
1925 4
1926 4
1927 3
1928 1
1929 3
1930 1
1931 4
1932 6
1933 5
1934 3
1935 3
1936 2
1937 6
1938 3
1939 1
1940 2
1941 0
1942 5
1943 3
1944 1
1945 2
1946 2
1947 2
1948 4
1949 3
1950 2
1951 2
1952 3
1953 0
1954 2
1955 0
1956 2
1957 2
1958 0
1959 2
1960 1
1961 3
1962 3
1963 2
1964 4
1965 1
1966 1
1967 3
1968 3
1969 2
1970 3
1971 4
1972 5
1973 1
1974 2
1975 2
1976 3
1977 1
1978 1
1979 3
1980 1
1981 2
1982 5
1983 2
1984 5
1985 2
1986 4
1987 2
1988 0
1989 5
1990 2
1991 3
1992 2
1993 3
1994 2
1995 1
1996 3
1997 1
1998 2
1999 6
2000 4
2001 2
2002 2
2003 2
2004 2
2005 3
2006 3
2007 2
2008 4
2009 2
2010 3
2011 2
2012 3
2013 2
2014 5
2015 2
2016 1
2017 3
2018 1
2019 2
2020 2
2021 3
2022 1
2023 2
2024 3
2025 2
2026 3
2027 0
2028 3
2029 6
2030 2
2031 3
2032 4
2033 3
2034 3
2035 3
2036 3
2037 2
2038 5
2039 5
2040 3
2041 2
2042 1
2043 3
2044 4
2045 3
2046 3
2047 4
2048 2
2049 1
2050 1
2051 4
2052 3
2053 2
2054 2
2055 2
2056 2
2057 2
2058 1
2059 3
2060 2
2061 4
2062 0
2063 0
2064 0
2065 0
2066 0
2067 4
2068 2
2069 2
2070 0
2071 0
2072 2
2073 2
2074 4
2075 2
2076 4
2077 1
2078 1
2079 2
2080 1
2081 2
2082 2
2083 1
2084 2
2085 1
2086 3
2087 1
2088 2
2089 2
2090 2
2091 1
2092 1
2093 1
2094 3
2095 4
2096 1
2097 3
2098 2
2099 3
2100 4
2101 2
2102 3
2103 4
2104 4
2105 0
2106 2
2107 5
2108 1
2109 1
2110 3
2111 4
2112 1
2113 2
2114 3
2115 1
2116 2
2117 1
2118 0
2119 3
2120 2
2121 1
2122 2
2123 5
2124 1
2125 4
2126 4
2127 1
2128 2
2129 2
2130 3
2131 0
2132 3
2133 3
2134 2
2135 2
2136 3
2137 3
2138 1
2139 1
2140 2
2141 3
2142 3
2143 1
2144 2
2145 1
2146 2
2147 2
2148 2
2149 0
2150 0
2151 0
2152 2
2153 1
2154 3
2155 1
2156 2
2157 2
2158 1
2159 1
2160 1
2161 0
2162 0
2163 3
2164 2
2165 1
2166 1
2167 2
2168 0
2169 1
2170 3
2171 2
2172 2
2173 4
2174 2
2175 5
2176 1
2177 1
2178 5
2179 2
2180 0
2181 3
2182 3
2183 2
2184 4
2185 1
2186 1
2187 1
2188 0
2189 2
2190 0
2191 1
2192 3
2193 1
2194 2
2195 4
2196 5
2197 2
2198 4
2199 1
2200 0
2201 1
2202 4
2203 3
2204 2
2205 0
2206 0
2207 5
2208 3
2209 4
2210 2
2211 3
2212 4
2213 3
2214 7
2215 1
2216 5
2217 4
2218 1
2219 2
2220 1
2221 1
2222 1
2223 1
2224 1
2225 0
2226 2
2227 0
2228 3
2229 3
2230 2
2231 1
2232 2
2233 0
2234 3
2235 0
2236 0
2237 2
2238 3
2239 4
2240 3
2241 2
2242 4
2243 3
2244 0
2245 5
2246 4
2247 2
2248 3
2249 3
2250 4
2251 4
2252 2
2253 3
2254 4
2255 2
2256 4
2257 4
2258 4
2259 0
2260 2
2261 1
2262 1
2263 0
2264 4
2265 2
2266 2
2267 5
2268 1
2269 4
2270 1
2271 1
2272 5
2273 2
2274 2
2275 2
2276 1
2277 2
2278 0
2279 2
2280 3
2281 3
2282 2
2283 4
2284 1
2285 1
2286 3
2287 3
2288 3
2289 3
2290 2
2291 4
2292 4
2293 0
2294 3
2295 3
2296 2
2297 3
2298 4
2299 0
2300 2
2301 4
2302 3
2303 2
2304 3
2305 1
2306 3
2307 1
2308 1
2309 6
2310 2
2311 2
2312 3
2313 3
2314 4
2315 3
2316 4
2317 2
2318 6
2319 2
2320 5
2321 3
2322 5
2323 5
2324 6
2325 4
2326 7
2327 6
2328 5
2329 6
2330 4
2331 3
2332 3
2333 1
2334 4
2335 7
2336 3
2337 2
2338 3
2339 4
2340 2
2341 1
2342 3
2343 2
2344 1
2345 3
2346 2
2347 3
2348 4
2349 2
2350 5
2351 1
2352 2
2353 1
2354 2
2355 1
2356 1
2357 3
2358 2
2359 2
2360 4
2361 2
2362 1
2363 3
2364 3
2365 6
2366 6
2367 5
2368 3
2369 3
2370 4
2371 2
2372 5
2373 4
2374 1
2375 2
2376 4
2377 1
2378 2
2379 3
2380 4
2381 5
2382 4
2383 5
2384 1
2385 2
2386 5
2387 4
2388 4
2389 4
2390 4
2391 0
2392 5
2393 1
2394 5
2395 3
2396 4
2397 4
2398 3
2399 3
2400 6
2401 4
2402 1
2403 3
2404 4
2405 2
2406 3
2407 1
2408 3
2409 2
2410 4
2411 4
2412 0
2413 2
2414 1
2415 2
2416 3
2417 3
2418 5
2419 5
2420 0
2421 4
2422 4
2423 5
2424 4
2425 4
2426 2
2427 3
2428 3
2429 2
2430 4
2431 2
2432 4
2433 2
2434 3
2435 2
2436 4
2437 2
2438 3
2439 7
2440 2
2441 1
2442 0
2443 1
2444 3
2445 0
2446 4
2447 3
2448 2
2449 1
2450 4
2451 3
2452 5
2453 5
2454 8
2455 5
2456 3
2457 6
2458 2
2459 3
2460 2
2461 2
2462 4
2463 4
2464 3
2465 2
2466 2
2467 2
2468 3
2469 0
2470 3
2471 2
2472 3
2473 4
2474 5
2475 4
2476 2
2477 3
2478 4
2479 6
2480 6
2481 4
2482 4
2483 2
2484 6
2485 3
2486 2
2487 0
2488 0
2489 0
2490 3
2491 4
2492 1
2493 1
2494 2
2495 2
2496 2
2497 4
2498 4
2499 2
2500 1
2501 4
2502 4
2503 1
2504 3
2505 1
2506 0
2507 3
2508 4
2509 4
2510 1
2511 1
2512 1
2513 0
2514 3
2515 3
2516 2
2517 1
2518 1
2519 0
2520 1
2521 1
2522 1
2523 1
2524 1
2525 2
2526 2
2527 1
2528 2
2529 1
2530 2
2531 0
2532 0
2533 0
2534 2
2535 3
2536 2
2537 1
2538 2
2539 2
2540 1
2541 0
2542 2
2543 3
2544 2
2545 2
2546 2
2547 0
2548 1
2549 2
2550 1
2551 2
2552 0
2553 1
2554 3
2555 3
2556 0
2557 0
2558 2
2559 1
2560 1
2561 4
2562 0
2563 1
2564 2
2565 1
2566 1
2567 2
2568 0
2569 2
2570 1
2571 3
2572 2
2573 3
2574 1
2575 2
2576 0
2577 1
2578 2
2579 1
2580 3
2581 4
2582 2
2583 4
2584 0
2585 1
2586 0
2587 2
2588 3
2589 4
2590 3
2591 4
2592 4
2593 3
2594 2
2595 3
2596 4
2597 0
2598 0
2599 3
2600 4
2601 0
2602 2
2603 5
2604 1
2605 1
2606 2
2607 4
2608 1
2609 1
2610 1
2611 1
2612 2
2613 3
2614 4
2615 4
2616 2
2617 4
2618 1
2619 2
2620 5
2621 4
2622 3
2623 4
2624 3
2625 5
2626 3
2627 3
2628 3
2629 2
2630 5
2631 2
2632 1
2633 2
2634 6
2635 2
2636 1
2637 1
2638 1
2639 3
2640 2
2641 1
2642 1
2643 3
2644 2
2645 0
2646 1
2647 2
2648 0
2649 0
2650 1
2651 2
2652 5
2653 1
2654 3
2655 2
2656 4
2657 3
2658 3
2659 2
2660 2
2661 6
2662 3
2663 2
2664 2
2665 2
2666 2
2667 0
2668 3
2669 3
2670 3
2671 0
2672 3
2673 3
2674 3
2675 4
2676 2
2677 3
2678 3
2679 3
2680 3
2681 5
2682 3
2683 4
2684 4
2685 1
2686 3
2687 3
2688 2
2689 2
2690 2
2691 3
2692 2
2693 3
2694 3
2695 4
2696 4
2697 2
2698 2
2699 1
2700 2
2701 6
2702 1
2703 5
2704 1
2705 2
2706 1
2707 1
2708 2
2709 0
2710 1
2711 0
2712 4
2713 1
2714 3
2715 1
2716 1
2717 1
2718 2
2719 3
2720 1
2721 2
2722 0
2723 1
2724 0
2725 1
2726 2
2727 2
2728 1
2729 1
2730 2
2731 1
2732 1
2733 4
2734 1
2735 1
2736 0
2737 2
2738 1
2739 0
2740 2
2741 2
2742 3
2743 1
2744 3
2745 1
2746 2
2747 3
2748 0
2749 4
2750 0
2751 3
2752 1
2753 2
2754 4
2755 3
2756 3
2757 2
2758 2
2759 2
2760 2
2761 1
2762 1
2763 2
2764 3
2765 1
2766 2
2767 0
2768 2
2769 2
2770 1
2771 2
2772 1
2773 0
2774 0
2775 3
2776 3
2777 3
2778 1
2779 1
2780 2
2781 3
2782 1
2783 1
2784 1
2785 2
2786 3
2787 0
2788 3
2789 2
2790 0
2791 2
2792 1
2793 4
2794 4
2795 4
2796 2
2797 4
2798 2
2799 4
2800 2
2801 4
2802 2
2803 1
2804 0
2805 0
2806 1
2807 2
2808 2
2809 2
2810 2
2811 3
2812 4
2813 2
2814 3
2815 2
2816 2
2817 4
2818 0
2819 0
2820 2
2821 3
2822 1
2823 2
2824 2
2825 0
2826 2
2827 0
2828 4
2829 3
2830 4
2831 2
2832 2
2833 3
2834 2
2835 0
2836 2
2837 2
2838 1
2839 1
2840 1
2841 1
2842 1
2843 3
2844 1
2845 4
2846 2
2847 1
2848 3
2849 4
2850 5
2851 2
2852 2
2853 1
2854 1
2855 3
2856 2
2857 3
2858 0
2859 0
2860 3
2861 3
2862 2
2863 3
2864 4
2865 2
2866 4
2867 1
2868 2
2869 3
2870 3
2871 0
2872 2
2873 0
2874 2
2875 1
2876 2
2877 3
2878 0
2879 2
2880 2
2881 3
2882 2
2883 1
2884 2
2885 0
2886 0
2887 3
2888 5
2889 1
2890 2
2891 1
2892 1
2893 1
2894 1
2895 3
2896 1
2897 3
2898 1
2899 3
2900 1
2901 2
2902 1
2903 2
2904 0
2905 0
2906 2
2907 1
2908 0
2909 0
2910 1
2911 1
2912 1
2913 0
2914 2
2915 1
2916 1
2917 1
2918 3
2919 2
2920 1
2921 0
2922 4
2923 1
2924 1
2925 0
2926 0
2927 3
2928 1
2929 2
2930 1
2931 1
2932 0
2933 1
2934 2
2935 1
2936 1
2937 3
2938 1
2939 0
2940 0
2941 2
2942 4
2943 4
2944 1
2945 3
2946 2
2947 2
2948 2
2949 2
2950 0
2951 1
2952 0
2953 1
2954 1
2955 4
2956 1
2957 1
2958 4
2959 3
2960 2
2961 0
2962 2
2963 2
2964 0
2965 2
2966 1
2967 2
2968 1
2969 3
2970 2
2971 1
2972 1
2973 2
2974 2
2975 3
2976 1
2977 2
2978 1
2979 0
2980 2
2981 1
2982 2
2983 2
2984 3
2985 5
2986 2
2987 2
2988 2
2989 2
2990 1
2991 1
2992 1
2993 1
2994 1
2995 2
2996 1
2997 1
2998 1
2999 2
3000 3
3001 1
3002 1
3003 2
3004 1
3005 3
3006 2
3007 1
3008 2
3009 0
3010 3
3011 0
3012 3
3013 1
3014 1
3015 3
3016 2
3017 4
3018 1
3019 2
3020 3
3021 2
3022 1
3023 3
3024 3
3025 1
3026 3
3027 2
3028 2
3029 3
3030 2
3031 2
3032 0
3033 2
3034 3
3035 6
3036 2
3037 1
3038 1
3039 0
3040 1
3041 0
3042 2
3043 3
3044 4
3045 1
3046 1
3047 4
3048 1
3049 1
3050 3
3051 1
3052 2
3053 1
3054 2
3055 4
3056 2
3057 1
3058 2
3059 2
3060 0
3061 1
3062 1
3063 1
3064 3
3065 1
3066 2
3067 1
3068 2
3069 2
3070 0
3071 2
3072 3
3073 1
3074 2
3075 2
3076 2
3077 1
3078 1
3079 1
3080 0
3081 0
3082 1
3083 0
3084 2
3085 2
3086 0
3087 2
3088 1
3089 0
3090 2
3091 2
3092 0
3093 1
3094 1
3095 1
3096 3
3097 2
3098 0
3099 1
3100 2
3101 1
3102 2
3103 2
3104 0
3105 1
3106 1
3107 2
3108 3
3109 0
3110 3
3111 1
3112 1
3113 1
3114 4
3115 2
3116 1
3117 2
3118 1
3119 1
3120 1
3121 1
3122 2
3123 2
3124 3
3125 4
3126 1
3127 2
3128 2
3129 2
3130 0
3131 3
3132 1
3133 2
3134 0
3135 2
3136 1
3137 4
3138 1
3139 1
3140 1
3141 0
3142 2
3143 0
3144 2
3145 2
3146 2
3147 1
3148 0
3149 2
3150 2
3151 3
3152 4
3153 3
3154 5
3155 5
3156 4
3157 3
3158 4
3159 4
3160 3
3161 5
3162 1
3163 2
3164 4
3165 4
3166 0
3167 5
3168 3
3169 3
3170 1
3171 4
3172 2
3173 2
3174 4
3175 4
3176 0
3177 1
3178 3
3179 1
3180 0
3181 2
3182 5
3183 2
3184 3
3185 1
3186 3
3187 3
3188 4
3189 1
3190 5
3191 2
3192 3
3193 4
3194 4
3195 3
3196 3
3197 4
3198 1
3199 2
3200 4
3201 1
3202 1
3203 5
3204 3
3205 1
3206 4
3207 1
3208 2
3209 2
3210 1
3211 3
3212 3
3213 2
3214 2
3215 2
3216 4
3217 1
3218 1
3219 3
3220 2
3221 2
3222 2
3223 2
3224 1
3225 2
3226 0
3227 2
3228 2
3229 4
3230 2
3231 2
3232 4
3233 4
3234 1
3235 4
3236 6
3237 3
3238 3
3239 3
3240 0
3241 2
3242 2
3243 3
3244 6
3245 3
3246 1
3247 2
3248 3
3249 2
3250 0
3251 4
3252 4
3253 1
3254 2
3255 1
3256 3
3257 0
3258 2
3259 1
3260 5
3261 3
3262 2
3263 5
3264 4
3265 3
3266 4
3267 2
3268 0
3269 1
3270 1
3271 3
3272 5
3273 6
3274 1
3275 6
3276 2
3277 3
3278 0
3279 3
3280 1
3281 2
3282 2
3283 4
3284 2
3285 5
3286 3
3287 1
3288 3
3289 4
3290 2
3291 3
3292 3
3293 5
3294 4
3295 3
3296 1
3297 3
3298 2
3299 2
3300 3
3301 1
3302 3
3303 0
3304 2
3305 1
3306 5
3307 2
3308 3
3309 2
3310 4
3311 2
3312 2
3313 2
3314 3
3315 2
3316 1
3317 0
3318 5
3319 1
3320 7
3321 5
3322 2
3323 2
3324 5
3325 3
3326 0
3327 3
3328 1
3329 2
3330 3
3331 1
3332 2
3333 1
3334 1
3335 1
3336 0
3337 3
3338 4
3339 3
3340 0
3341 2
3342 0
3343 2
3344 1
3345 1
3346 3
3347 0
3348 3
3349 2
3350 2
3351 3
3352 2
3353 1
3354 3
3355 2
3356 0
3357 3
3358 3
3359 1
3360 2
3361 0
3362 2
3363 1
3364 2
3365 6
3366 3
3367 3
3368 2
3369 2
3370 0
3371 0
3372 3
3373 2
3374 2
3375 3
3376 2
3377 1
3378 1
3379 0
3380 1
3381 5
3382 2
3383 1
3384 2
3385 3
3386 2
3387 2
3388 7
3389 4
3390 3
3391 4
3392 3
3393 2
3394 2
3395 3
3396 0
3397 3
3398 1
3399 1
3400 3
3401 0
3402 3
3403 2
3404 1
3405 1
3406 3
3407 2
3408 4
3409 2
3410 3
3411 1
3412 2
3413 1
3414 4
3415 1
3416 2
3417 0
3418 0
3419 1
3420 2
3421 3
3422 0
3423 1
3424 2
3425 0
3426 2
3427 0
3428 3
3429 5
3430 4
3431 1
3432 1
3433 3
3434 1
3435 2
3436 3
3437 5
3438 2
3439 4
3440 2
3441 6
3442 2
3443 1
3444 3
3445 2
3446 1
3447 2
3448 2
3449 3
3450 2
3451 2
3452 2
3453 3
3454 5
3455 4
3456 5
3457 4
3458 2
3459 2
3460 1
3461 1
3462 3
3463 4
3464 5
3465 1
3466 3
3467 4
3468 4
3469 2
3470 4
3471 3
3472 4
3473 3
3474 0
3475 4
3476 4
3477 4
3478 3
3479 3
3480 0
3481 4
3482 3
3483 2
3484 2
3485 1
3486 4
3487 1
3488 3
3489 1
3490 6
3491 1
3492 3
3493 3
3494 0
3495 1
3496 6
3497 1
3498 2
3499 2
3500 2
3501 1
3502 2
3503 3
3504 2
3505 3
3506 3
3507 4
3508 1
3509 2
3510 3
3511 2
3512 2
3513 2
3514 3
3515 0
3516 5
3517 4
3518 2
3519 2
3520 3
3521 4
3522 3
3523 4
3524 2
3525 6
3526 6
3527 2
3528 4
3529 4
3530 2
3531 0
3532 2
3533 2
3534 4
3535 1
3536 2
3537 2
3538 4
3539 0
3540 1
3541 3
3542 4
3543 4
3544 2
3545 3
3546 4
3547 1
3548 2
3549 0
3550 2
3551 3
3552 2
3553 1
3554 1
3555 5
3556 1
3557 0
3558 2
3559 3
3560 3
3561 2
3562 2
3563 2
3564 3
3565 3
3566 5
3567 5
3568 3
3569 5
3570 3
3571 2
3572 4
3573 7
3574 3
3575 2
3576 1
3577 3
3578 0
3579 3
3580 3
3581 2
3582 2
3583 2
3584 2
3585 4
3586 3
3587 3
3588 3
3589 4
3590 3
3591 6
3592 0
3593 1
3594 1
3595 3
3596 3
3597 1
3598 2
3599 2
3600 3
3601 1
3602 4
3603 3
3604 5
3605 2
3606 8
3607 3
3608 5
3609 3
3610 4
3611 3
3612 3
3613 2
3614 5
3615 3
3616 1
3617 0
3618 4
3619 2
3620 0
3621 2
3622 2
3623 0
3624 1
3625 1
3626 2
3627 3
3628 4
3629 2
3630 1
3631 1
3632 2
3633 5
3634 2
3635 1
3636 2
3637 1
3638 0
3639 0
3640 1
3641 1
3642 0
3643 1
3644 1
3645 1
3646 4
3647 2
3648 0
3649 1
3650 4
3651 2
3652 2
3653 2
3654 3
3655 1
3656 2
3657 1
3658 2
3659 4
3660 2
3661 2
3662 1
3663 3
3664 3
3665 1
3666 4
3667 1
3668 2
3669 1
3670 2
3671 0
3672 2
3673 2
3674 3
3675 1
3676 1
3677 2
3678 2
3679 2
3680 0
3681 7
3682 0
3683 3
3684 3
3685 3
3686 0
3687 0
3688 2
3689 3
3690 3
3691 0
3692 4
3693 2
3694 0
3695 2
3696 4
3697 2
3698 2
3699 4
3700 2
3701 1
3702 0
3703 0
3704 1
3705 0
3706 0
3707 0
3708 3
3709 0
3710 1
3711 1
3712 1
3713 1
3714 1
3715 3
3716 1
3717 2
3718 0
3719 0
3720 3
3721 0
3722 4
3723 1
3724 1
3725 3
3726 3
3727 3
3728 4
3729 2
3730 1
3731 2
3732 0
3733 3
3734 1
3735 3
3736 1
3737 2
3738 4
3739 1
3740 2
3741 1
3742 2
3743 1
3744 3
3745 4
3746 2
3747 2
3748 2
3749 4
3750 2
3751 0
3752 2
3753 3
3754 0
3755 1
3756 1
3757 0
3758 0
3759 4
3760 2
3761 4
3762 0
3763 1
3764 2
3765 0
3766 3
3767 0
3768 1
3769 1
3770 2
3771 0
3772 5
3773 2
3774 4
3775 2
3776 0
3777 0
3778 1
3779 1
3780 1
3781 2
3782 0
3783 1
3784 1
3785 2
3786 1
3787 3
3788 2
3789 2
3790 2
3791 2
3792 3
3793 3
3794 2
3795 2
3796 1
3797 1
3798 1
3799 2
3800 0
3801 4
3802 3
3803 2
3804 4
3805 3
3806 4
3807 1
3808 1
3809 1
3810 4
3811 1
3812 2
3813 4
3814 1
3815 1
3816 2
3817 3
3818 2
3819 0
3820 1
3821 1
3822 1
3823 3
3824 1
3825 0
3826 2
3827 3
3828 2
3829 4
3830 3
3831 2
3832 2
3833 3
3834 4
3835 2
3836 1
3837 1
3838 0
3839 3
3840 1
3841 3
3842 3
3843 0
3844 0
3845 1
3846 3
3847 3
3848 1
3849 2
3850 2
3851 4
3852 5
3853 1
3854 5
3855 3
3856 2
3857 2
3858 1
3859 1
3860 4
3861 1
3862 1
3863 0
3864 3
3865 1
3866 1
3867 3
3868 2
3869 2
3870 3
3871 0
3872 2
3873 0
3874 3
3875 3
3876 2
3877 3
3878 1
3879 2
3880 1
3881 2
3882 2
3883 2
3884 1
3885 3
3886 1
3887 3
3888 3
3889 5
3890 2
3891 1
3892 3
3893 3
3894 1
3895 3
3896 1
3897 2
3898 1
3899 2
3900 2
3901 0
3902 2
3903 2
3904 2
3905 1
3906 3
3907 4
3908 1
3909 1
3910 1
3911 3
3912 1
3913 4
3914 2
3915 5
3916 2
3917 4
3918 5
3919 4
3920 3
3921 6
3922 4
3923 4
3924 4
3925 5
3926 6
3927 1
3928 1
3929 3
3930 2
3931 1
3932 3
3933 3
3934 3
3935 4
3936 3
3937 3
3938 1
3939 1
3940 0
3941 2
3942 3
3943 4
3944 1
3945 3
3946 2
3947 2
3948 2
3949 2
3950 3
3951 2
3952 1
3953 5
3954 3
3955 4
3956 1
3957 2
3958 3
3959 1
3960 2
3961 1
3962 2
3963 5
3964 1
3965 2
3966 3
3967 2
3968 3
3969 1
3970 3
3971 2
3972 2
3973 0
3974 2
3975 4
3976 3
3977 2
3978 3
3979 5
3980 4
3981 2
3982 4
3983 4
3984 3
3985 2
3986 2
3987 1
3988 4
3989 0
3990 1
3991 2
3992 2
3993 4
3994 5
3995 2
3996 1
3997 1
3998 4
3999 3
4000 5
4001 6
4002 2
4003 3
4004 2
4005 2
4006 2
4007 4
4008 1
4009 4
4010 2
4011 5
4012 2
4013 3
4014 2
4015 4
4016 2
4017 2
4018 3
4019 3
4020 2
4021 4
4022 4
4023 2
4024 1
4025 3
4026 5
4027 5
4028 3
4029 3
4030 3
4031 3
4032 3
4033 1
4034 3
4035 4
4036 3
4037 3
4038 3
4039 3
4040 1
4041 2
4042 3
4043 1
4044 3
4045 2
4046 3
4047 1
4048 2
4049 2
4050 6
4051 1
4052 3
4053 2
4054 1
4055 3
4056 3
4057 1
4058 5
4059 3
4060 4
4061 3
4062 1
4063 3
4064 5
4065 5
4066 3
4067 3
4068 1
4069 2
4070 2
4071 3
4072 4
4073 1
4074 2
4075 3
4076 3
4077 3
4078 3
4079 1
4080 3
4081 2
4082 4
4083 2
4084 1
4085 4
4086 6
4087 3
4088 3
4089 6
4090 5
4091 5
4092 1
4093 3
4094 2
4095 2
4096 3
4097 2
4098 2
4099 0
4100 1
4101 3
4102 2
4103 1
4104 3
4105 3
4106 3
4107 0
4108 2
4109 2
4110 1
4111 3
4112 3
4113 3
4114 2
4115 3
4116 2
4117 1
4118 5
4119 0
4120 2
4121 2
4122 3
4123 2
4124 4
4125 1
4126 1
4127 1
4128 2
4129 0
4130 1
4131 5
4132 4
4133 1
4134 0
4135 1
4136 2
4137 5
4138 2
4139 0
4140 0
4141 2
4142 5
4143 1
4144 2
4145 4
4146 1
4147 3
4148 0
4149 3
4150 2
4151 2
4152 1
4153 5
4154 3
4155 5
4156 3
4157 2
4158 4
4159 4
4160 6
4161 1
4162 2
4163 2
4164 3
4165 3
4166 1
4167 2
4168 1
4169 2
4170 4
4171 3
4172 2
4173 4
4174 5
4175 3
4176 3
4177 2
4178 3
4179 2
4180 2
4181 2
4182 3
4183 1
4184 2
4185 2
4186 2
4187 1
4188 0
4189 3
4190 2
4191 1
4192 3
4193 1
4194 3
4195 1
4196 3
4197 4
4198 3
4199 2
4200 0
4201 1
4202 2
4203 3
4204 3
4205 5
4206 7
4207 5
4208 2
4209 4
4210 6
4211 1
4212 4
4213 3
4214 4
4215 2
4216 3
4217 3
4218 1
4219 5
4220 5
4221 1
4222 3
4223 1
4224 3
4225 0
4226 5
4227 3
4228 4
4229 3
4230 3
4231 2
4232 3
4233 5
4234 1
4235 1
4236 3
4237 3
4238 2
4239 3
4240 1
4241 3
4242 3
4243 1
4244 3
4245 1
4246 1
4247 0
4248 2
4249 3
4250 4
4251 0
4252 5
4253 1
4254 4
4255 3
4256 3
4257 4
4258 0
4259 7
4260 4
4261 4
4262 4
4263 2
4264 2
4265 3
4266 3
4267 0
4268 3
4269 3
4270 4
4271 5
4272 3
4273 4
4274 2
4275 2
4276 4
4277 4
4278 1
4279 3
4280 2
4281 3
4282 1
4283 2
4284 2
4285 0
4286 4
4287 3
4288 2
4289 1
4290 3
4291 3
4292 1
4293 3
4294 2
4295 4
4296 5
4297 4
4298 4
4299 2
4300 2
4301 4
4302 2
4303 5
4304 3
4305 2
4306 4
4307 4
4308 4
4309 4
4310 6
4311 7
4312 2
4313 5
4314 3
4315 4
4316 2
4317 2
4318 0
4319 1
4320 1
4321 1
4322 1
4323 3
4324 0
4325 3
4326 2
4327 3
4328 4
4329 0
4330 1
4331 3
4332 2
4333 1
4334 3
4335 2
4336 2
4337 4
4338 3
4339 1
4340 3
4341 3
4342 5
4343 4
4344 4
4345 2
4346 0
4347 1
4348 2
4349 3
4350 3
4351 2
4352 2
4353 4
4354 4
4355 3
4356 5
4357 4
4358 3
4359 3
4360 3
4361 4
4362 3
4363 1
4364 2
4365 2
4366 3
4367 4
4368 5
4369 1
4370 3
4371 0
4372 1
4373 4
4374 2
4375 1
4376 3
4377 3
4378 1
4379 3
4380 4
4381 2
4382 3
4383 2
4384 0
4385 2
4386 6
4387 1
4388 3
4389 1
4390 2
4391 0
4392 2
4393 2
4394 2
4395 2
4396 0
4397 0
4398 3
4399 0
4400 1
4401 1
4402 3
4403 2
4404 0
4405 3
4406 3
4407 1
4408 0
4409 1
4410 6
4411 2
4412 2
4413 2
4414 3
4415 3
4416 1
4417 1
4418 1
4419 1
4420 2
4421 3
4422 3
4423 1
4424 2
4425 2
4426 1
4427 4
4428 5
4429 3
4430 2
4431 4
4432 2
4433 2
4434 1
4435 1
4436 3
4437 1
4438 2
4439 3
4440 1
4441 7
4442 1
4443 3
4444 3
4445 2
4446 1
4447 3
4448 3
4449 5
4450 4
4451 5
4452 6
4453 2
4454 3
4455 5
4456 5
4457 3
4458 4
4459 2
4460 1
4461 3
4462 1
4463 4
4464 5
4465 1
4466 1
4467 4
4468 3
4469 2
4470 2
4471 2
4472 1
4473 4
4474 0
4475 4
4476 2
4477 5
4478 4
4479 2
4480 4
4481 2
4482 1
4483 4
4484 4
4485 3
4486 7
4487 9
4488 3
4489 4
4490 4
4491 5
4492 3
4493 3
4494 2
4495 2
4496 4
4497 2
4498 2
4499 4
4500 1
4501 2
4502 1
4503 2
4504 4
4505 1
4506 2
4507 4
4508 6
4509 6
4510 4
4511 1
4512 3
4513 3
4514 3
4515 0
4516 4
4517 3
4518 1
4519 4
4520 4
4521 6
4522 2
4523 2
4524 5
4525 2
4526 3
4527 4
4528 2
4529 3
4530 3
4531 5
4532 2
4533 1
4534 2
4535 1
4536 4
4537 3
4538 4
4539 2
4540 0
4541 2
4542 2
4543 1
4544 2
4545 3
4546 3
4547 0
4548 3
4549 4
4550 2
4551 3
4552 4
4553 2
4554 1
4555 3
4556 2
4557 2
4558 4
4559 3
4560 2
4561 5
4562 4
4563 2
4564 4
4565 1
4566 2
4567 2
4568 4
4569 8
4570 4
4571 3
4572 1
4573 2
4574 5
4575 2
4576 2
4577 4
4578 6
4579 4
4580 2
4581 7
4582 4
4583 4
4584 4
4585 5
4586 3
4587 2
4588 4
4589 2
4590 5
4591 6
4592 3
4593 1
4594 1
4595 1
4596 4
4597 3
4598 3
4599 0
4600 3
4601 1
4602 1
4603 2
4604 3
4605 2
4606 3
4607 2
4608 1
4609 1
4610 2
4611 3
4612 1
4613 4
4614 1
4615 3
4616 3
4617 0
4618 4
4619 4
4620 4
4621 2
4622 4
4623 1
4624 2
4625 2
4626 1
4627 1
4628 4
4629 0
4630 1
4631 2
4632 3
4633 1
4634 2
4635 2
4636 4
4637 2
4638 2
4639 3
4640 4
4641 4
4642 1
4643 4
4644 2
4645 3
4646 2
4647 4
4648 4
4649 7
4650 4
4651 5
4652 3
4653 2
4654 1
4655 1
4656 1
4657 1
4658 2
4659 2
4660 2
4661 3
4662 3
4663 2
4664 3
4665 6
4666 3
4667 2
4668 4
4669 3
4670 5
4671 3
4672 6
4673 3
4674 8
4675 3
4676 5
4677 4
4678 4
4679 2
4680 5
4681 4
4682 1
4683 2
4684 3
4685 4
4686 2
4687 2
4688 3
4689 4
4690 1
4691 3
4692 1
4693 3
4694 3
4695 4
4696 3
4697 1
4698 3
4699 2
4700 4
4701 3
4702 4
4703 2
4704 3
4705 6
4706 1
4707 2
4708 5
4709 0
4710 5
4711 4
4712 3
4713 4
4714 3
4715 5
4716 2
4717 2
4718 2
4719 4
4720 2
4721 1
4722 2
4723 4
4724 2
4725 4
4726 4
4727 8
4728 5
4729 1
4730 4
4731 4
4732 0
4733 4
4734 5
4735 4
4736 3
4737 7
4738 5
4739 3
4740 4
4741 5
4742 4
4743 3
4744 4
4745 4
4746 5
4747 1
4748 3
4749 1
4750 6
4751 2
4752 3
4753 6
4754 4
4755 4
4756 3
4757 1
4758 1
4759 4
4760 1
4761 0
4762 4
4763 6
4764 5
4765 1
4766 4
4767 6
4768 3
4769 2
4770 3
4771 3
4772 3
4773 2
4774 4
4775 3
4776 1
4777 6
4778 2
4779 3
4780 4
4781 2
4782 1
4783 0
4784 1
4785 2
4786 1
4787 3
4788 2
4789 4
4790 3
4791 4
4792 3
4793 3
4794 1
4795 2
4796 2
4797 4
4798 2
4799 3
4800 2
4801 1
4802 3
4803 4
4804 6
4805 1
4806 5
4807 4
4808 1
4809 2
4810 4
4811 3
4812 6
4813 3
4814 2
4815 4
4816 1
4817 3
4818 5
4819 2
4820 0
4821 0
4822 1
4823 0
4824 3
4825 2
4826 2
4827 1
4828 1
4829 0
4830 2
4831 2
4832 1
4833 2
4834 0
4835 4
4836 1
4837 4
4838 0
4839 2
4840 2
4841 2
4842 1
4843 3
4844 3
4845 4
4846 1
4847 1
4848 2
4849 2
4850 2
4851 2
4852 4
4853 2
4854 3
4855 2
4856 3
4857 1
4858 0
4859 2
4860 3
4861 4
4862 3
4863 1
4864 0
4865 4
4866 0
4867 4
4868 4
4869 2
4870 3
4871 2
4872 3
4873 5
4874 1
4875 2
4876 4
4877 1
4878 3
4879 4
4880 3
4881 0
4882 3
4883 0
4884 3
4885 1
4886 1
4887 3
4888 3
4889 1
4890 5
4891 2
4892 0
4893 2
4894 2
4895 2
4896 5
4897 4
4898 1
4899 2
4900 3
4901 2
4902 2
4903 1
4904 1
4905 4
4906 2
4907 0
4908 1
4909 3
4910 1
4911 2
4912 2
4913 1
4914 1
4915 0
4916 2
4917 2
4918 1
4919 0
4920 1
4921 2
4922 0
4923 0
4924 2
4925 0
4926 1
4927 2
4928 1
4929 0
4930 2
4931 3
4932 0
4933 1
4934 2
4935 1
4936 1
4937 0
4938 0
4939 0
4940 3
4941 0
4942 0
4943 1
4944 2
4945 1
4946 3
4947 0
4948 1
4949 2
4950 0
4951 1
4952 0
4953 2
4954 0
4955 2
4956 4
4957 3
4958 5
4959 2
4960 4
4961 1
4962 0
4963 3
4964 2
4965 1
4966 1
4967 1
4968 0
4969 0
4970 1
4971 1
4972 2
4973 3
4974 2
4975 2
4976 2
4977 1
4978 1
4979 1
4980 0
4981 0
4982 0
4983 2
4984 1
4985 2
4986 1
4987 1
4988 0
4989 3
4990 1
4991 3
4992 1
4993 0
4994 2
4995 1
4996 0
4997 0
4998 0
4999 1
5000 3
5001 4
5002 0
5003 2
5004 2
5005 1
5006 1
5007 3
5008 0
5009 0
5010 0
5011 2
5012 0
5013 1
5014 1
5015 2
5016 0
5017 2
5018 0
5019 3
5020 2
5021 0
5022 2
5023 0
5024 3
5025 3
5026 1
5027 4
5028 1
5029 0
5030 3
5031 1
5032 1
5033 2
5034 2
5035 2
5036 2
5037 3
5038 0
5039 4
5040 3
5041 1
5042 0
5043 3
5044 4
5045 1
5046 1
5047 1
5048 4
5049 5
5050 3
5051 3
5052 0
5053 3
5054 3
5055 2
5056 1
5057 4
5058 4
5059 1
5060 3
5061 3
5062 2
5063 1
5064 1
5065 1
5066 1
5067 2
5068 2
5069 1
5070 0
5071 2
5072 3
5073 3
5074 3
5075 3
5076 2
5077 4
5078 4
5079 0
5080 2
5081 1
5082 0
5083 0
5084 2
5085 0
5086 3
5087 4
5088 4
5089 4
5090 1
5091 1
5092 2
5093 4
5094 1
5095 1
5096 2
5097 4
5098 2
5099 2
5100 0
5101 4
5102 1
5103 2
5104 1
5105 2
5106 3
5107 2
5108 5
5109 2
5110 4
5111 2
5112 1
5113 4
5114 3
5115 1
5116 2
5117 4
5118 1
5119 0
5120 0
5121 3
5122 2
5123 1
5124 3
5125 0
5126 3
5127 0
5128 2
5129 1
5130 4
5131 4
5132 1
5133 2
5134 4
5135 4
5136 3
5137 4
5138 1
5139 1
5140 1
5141 2
5142 4
5143 2
5144 1
5145 2
5146 1
5147 1
5148 1
5149 0
5150 2
5151 3
5152 1
5153 2
5154 0
5155 0
5156 1
5157 0
5158 1
5159 1
5160 1
5161 3
5162 4
5163 4
5164 2
5165 0
5166 1
5167 1
5168 3
5169 1
5170 3
5171 0
5172 0
5173 2
5174 2
5175 1
5176 0
5177 1
5178 1
5179 1
5180 1
5181 2
5182 1
5183 1
5184 1
5185 1
5186 0
5187 0
5188 0
5189 2
5190 1
5191 0
5192 2
5193 1
5194 0
5195 0
5196 1
5197 0
5198 2
5199 0
5200 2
5201 1
5202 0
5203 1
5204 2
5205 0
5206 1
5207 1
5208 0
5209 0
5210 2
5211 0
5212 2
5213 0
5214 1
5215 0
5216 0
5217 0
5218 0
5219 0
5220 1
5221 1
5222 0
5223 0
5224 1
5225 1
5226 0
5227 2
5228 2
5229 0
5230 1
5231 0
5232 1
5233 1
5234 0
5235 1
5236 0
5237 1
5238 3
5239 1
5240 2
5241 0
5242 2
5243 1
5244 2
5245 2
5246 1
5247 3
5248 1
5249 2
5250 0
5251 4
5252 3
5253 2
5254 0
5255 2
5256 3
5257 3
5258 3
5259 2
5260 2
5261 1
5262 0
5263 1
5264 1
5265 0
5266 0
5267 0
5268 0
5269 2
5270 2
5271 3
5272 2
5273 2
5274 2
5275 4
5276 2
5277 3
5278 1
5279 2
5280 3
5281 3
5282 3
5283 2
5284 3
5285 1
5286 1
5287 1
5288 1
5289 2
5290 0
5291 3
5292 1
5293 2
5294 1
5295 1
5296 2
5297 1
5298 2
5299 2
5300 4
5301 1
5302 1
5303 1
5304 2
5305 0
5306 2
5307 3
5308 2
5309 1
5310 2
5311 3
5312 0
5313 1
5314 1
5315 4
5316 4
5317 1
5318 1
5319 3
5320 2
5321 2
5322 3
5323 0
5324 2
5325 1
5326 4
5327 5
5328 2
5329 1
5330 6
5331 2
5332 3
5333 1
5334 3
5335 2
5336 0
5337 3
5338 1
5339 1
5340 2
5341 0
5342 1
5343 1
5344 1
5345 3
5346 3
5347 2
5348 2
5349 4
5350 4
5351 2
5352 1
5353 5
5354 2
5355 4
5356 2
5357 4
5358 4
5359 2
5360 2
5361 2
5362 3
5363 4
5364 2
5365 2
5366 3
5367 3
5368 2
5369 1
5370 2
5371 1
5372 2
5373 1
5374 4
5375 1
5376 3
5377 3
5378 2
5379 2
5380 4
5381 2
5382 5
5383 4
5384 1
5385 0
5386 2
5387 2
5388 3
5389 4
5390 1
5391 4
5392 4
5393 2
5394 2
5395 4
5396 3
5397 3
5398 4
5399 2
5400 1
5401 3
5402 2
5403 0
5404 2
5405 3
5406 4
5407 3
5408 2
5409 1
5410 3
5411 6
5412 5
5413 4
5414 2
5415 3
5416 2
5417 4
5418 4
5419 3
5420 2
5421 1
5422 3
5423 0
5424 1
5425 3
5426 4
5427 1
5428 1
5429 8
5430 1
5431 2
5432 3
5433 6
5434 0
5435 4
5436 1
5437 2
5438 1
5439 2
5440 0
5441 2
5442 3
5443 1
5444 3
5445 3
5446 5
5447 1
5448 1
5449 4
5450 1
5451 1
5452 0
5453 2
5454 3
5455 2
5456 2
5457 1
5458 1
5459 2
5460 1
5461 2
5462 0
5463 2
5464 2
5465 0
5466 1
5467 0
5468 1
5469 1
5470 2
5471 2
5472 4
5473 0
5474 3
5475 3
5476 1
5477 0
5478 0
5479 2
5480 1
5481 1
5482 0
5483 0
5484 1
5485 1
5486 2
5487 2
5488 1
5489 1
5490 3
5491 0
5492 0
5493 2
5494 0
5495 3
5496 2
5497 0
5498 1
5499 2
5500 2
5501 0
5502 0
5503 0
5504 0
5505 1
5506 0
5507 0
5508 2
5509 3
5510 0
5511 3
5512 0
5513 4
5514 1
5515 2
5516 1
5517 1
5518 1
5519 1
5520 1
5521 1
5522 1
5523 1
5524 2
5525 2
5526 1
5527 1
5528 1
5529 1
5530 1
5531 1
5532 1
5533 1
5534 0
5535 1
5536 1
5537 2
5538 1
5539 1
5540 1
5541 0
5542 1
5543 1
5544 2
5545 0
5546 1
5547 1
5548 1
5549 2
5550 1
5551 2
5552 1
5553 3
5554 2
5555 1
5556 1
5557 2
5558 2
5559 2
5560 3
5561 4
5562 2
5563 2
5564 0
5565 0
5566 1
5567 2
5568 1
5569 1
5570 1
5571 1
5572 3
5573 2
5574 2
5575 1
5576 3
5577 4
5578 3
5579 3
5580 1
5581 0
5582 1
5583 1
5584 2
5585 1
5586 2
5587 1
5588 4
5589 2
5590 1
5591 2
5592 1
5593 2
5594 3
5595 2
5596 0
5597 0
5598 1
5599 0
5600 0
5601 0
5602 0
5603 0
5604 3
5605 2
5606 2
5607 3
5608 2
5609 1
5610 3
5611 1
5612 1
5613 2
5614 2
5615 2
5616 2
5617 2
5618 3
5619 2
5620 2
5621 2
5622 1
5623 0
5624 2
5625 1
5626 1
5627 1
5628 1
5629 2
5630 4
5631 2
5632 0
5633 2
5634 0
5635 1
5636 0
5637 3
5638 3
5639 1
5640 2
5641 2
5642 4
5643 2
5644 1
5645 2
5646 1
5647 1
5648 1
5649 3
5650 3
5651 2
5652 5
5653 3
5654 1
5655 2
5656 3
5657 4
5658 1
5659 2
5660 3
5661 1
5662 1
5663 3
5664 2
5665 2
5666 2
5667 1
5668 2
5669 1
5670 1
5671 2
5672 4
5673 3
5674 2
5675 3
5676 3
5677 3
5678 0
5679 3
5680 0
5681 0
5682 1
5683 0
5684 2
5685 1
5686 0
5687 3
5688 1
5689 2
5690 0
5691 4
5692 2
5693 2
5694 2
5695 4
5696 5
5697 2
5698 3
5699 2
5700 2
5701 2
5702 3
5703 3
5704 3
5705 1
5706 2
5707 5
5708 2
5709 3
5710 2
5711 0
5712 2
5713 0
5714 2
5715 1
5716 4
5717 1
5718 0
5719 4
5720 3
5721 3
5722 2
5723 2
5724 2
5725 4
5726 3
5727 2
5728 1
5729 3
5730 1
5731 2
5732 2
5733 2
5734 2
5735 2
5736 0
5737 1
5738 3
5739 1
5740 1
5741 2
5742 0
5743 4
5744 3
5745 1
5746 2
5747 2
5748 2
5749 1
5750 0
5751 1
5752 2
5753 0
5754 2
5755 0
5756 0
5757 2
5758 0
5759 0
5760 3
5761 0
5762 1
5763 0
5764 3
5765 0
5766 1
5767 0
5768 2
5769 1
5770 2
5771 0
5772 1
5773 3
5774 1
5775 3
5776 2
5777 1
5778 3
5779 1
5780 1
5781 0
5782 1
5783 0
5784 2
5785 3
5786 2
5787 2
5788 1
5789 2
5790 1
5791 1
5792 1
5793 2
5794 3
5795 1
5796 3
5797 0
5798 2
5799 1
5800 4
5801 1
5802 0
5803 1
5804 2
5805 1
5806 1
5807 1
5808 1
5809 1
5810 4
5811 3
5812 4
5813 1
5814 2
5815 1
5816 3
5817 2
5818 3
5819 1
5820 3
5821 2
5822 1
5823 1
5824 4
5825 3
5826 4
5827 2
5828 2
5829 3
5830 0
5831 2
5832 1
5833 3
5834 2
5835 2
5836 3
5837 3
5838 3
5839 1
5840 2
5841 2
5842 1
5843 1
5844 2
5845 1
5846 1
5847 3
5848 1
5849 0
5850 1
5851 1
5852 0
5853 2
5854 0
5855 3
5856 3
5857 1
5858 1
5859 1
5860 1
5861 1
5862 2
5863 3
5864 1
5865 1
5866 2
5867 1
5868 3
5869 4
5870 2
5871 1
5872 2
5873 3
5874 1
5875 1
5876 1
5877 1
5878 2
5879 2
5880 3
5881 1
5882 2
5883 3
5884 1
5885 0
5886 1
5887 3
5888 2
5889 1
5890 4
5891 1
5892 1
5893 1
5894 0
5895 1
5896 0
5897 1
5898 3
5899 2
5900 2
5901 3
5902 2
5903 0
5904 1
5905 0
5906 1
5907 0
5908 1
5909 1
5910 1
5911 1
5912 1
5913 3
5914 2
5915 4
5916 0
5917 4
5918 1
5919 2
5920 6
5921 3
5922 0
5923 1
5924 1
5925 1
5926 1
5927 3
5928 3
5929 3
5930 2
5931 1
5932 2
5933 2
5934 0
5935 2
5936 0
5937 0
5938 0
5939 2
5940 2
5941 2
5942 1
5943 0
5944 4
5945 0
5946 1
5947 3
5948 1
5949 1
5950 1
5951 2
5952 2
5953 0
5954 0
5955 1
5956 2
5957 1
5958 2
5959 4
5960 2
5961 0
5962 2
5963 1
5964 1
5965 1
5966 2
5967 3
5968 2
5969 1
5970 1
5971 1
5972 1
5973 2
5974 1
5975 2
5976 2
5977 0
5978 1
5979 1
5980 1
5981 1
5982 1
5983 1
5984 2
5985 0
5986 0
5987 0
5988 1
5989 2
5990 1
5991 1
5992 1
5993 1
5994 4
5995 2
5996 1
5997 0
5998 0
5999 1
6000 3
6001 1
6002 3
6003 0
6004 0
6005 0
6006 2
6007 1
6008 0
6009 1
6010 2
6011 1
6012 2
6013 1
6014 1
6015 1
6016 3
6017 1
6018 1
6019 2
6020 3
6021 0
6022 0
6023 2
6024 0
6025 0
6026 2
6027 1
6028 0
6029 2
6030 4
6031 1
6032 1
6033 1
6034 0
6035 2
6036 1
6037 2
6038 3
6039 1
6040 1
6041 1
6042 1
6043 1
6044 1
6045 2
6046 0
6047 0
6048 1
6049 0
6050 0
6051 3
6052 2
6053 1
6054 5
6055 0
6056 2
6057 3
6058 2
6059 2
6060 1
6061 0
6062 1
6063 2
6064 0
6065 2
6066 3
6067 3
6068 1
6069 4
6070 1
6071 0
6072 1
6073 2
6074 3
6075 3
6076 3
6077 4
6078 3
6079 2
6080 3
6081 2
6082 1
6083 4
6084 6
6085 2
6086 1
6087 5
6088 0
6089 1
6090 2
6091 1
6092 2
6093 1
6094 1
6095 1
6096 1
6097 4
6098 0
6099 0
6100 1
6101 1
6102 2
6103 2
6104 3
6105 0
6106 1
6107 3
6108 3
6109 2
6110 1
6111 2
6112 5
6113 2
6114 2
6115 3
6116 3
6117 1
6118 1
6119 3
6120 5
6121 5
6122 2
6123 4
6124 2
6125 2
6126 3
6127 2
6128 5
6129 2
6130 2
6131 4
6132 3
6133 3
6134 1
6135 4
6136 3
6137 2
6138 2
6139 3
6140 4
6141 2
6142 2
6143 0
6144 3
6145 2
6146 2
6147 2
6148 2
6149 2
6150 3
6151 2
6152 1
6153 2
6154 0
6155 3
6156 4
6157 3
6158 4
6159 3
6160 0
6161 2
6162 0
6163 5
6164 3
6165 2
6166 2
6167 4
6168 0
6169 2
6170 1
6171 0
6172 3
6173 0
6174 2
6175 2
6176 5
6177 4
6178 4
6179 2
6180 2
6181 5
6182 5
6183 4
6184 1
6185 4
6186 1
6187 2
6188 1
6189 0
6190 3
6191 4
6192 3
6193 4
6194 3
6195 4
6196 4
6197 5
6198 3
6199 1
6200 2
6201 2
6202 2
6203 1
6204 3
6205 3
6206 2
6207 3
6208 2
6209 2
6210 2
6211 4
6212 3
6213 0
6214 6
6215 2
6216 4
6217 2
6218 1
6219 1
6220 2
6221 1
6222 4
6223 3
6224 0
6225 2
6226 2
6227 6
6228 2
6229 3
6230 3
6231 2
6232 2
6233 0
6234 0
6235 2
6236 2
6237 3
6238 4
6239 3
6240 3
6241 0
6242 3
6243 2
6244 3
6245 6
6246 2
6247 6
6248 1
6249 3
6250 1
6251 0
6252 3
6253 2
6254 1
6255 1
6256 2
6257 1
6258 3
6259 1
6260 0
6261 3
6262 1
6263 3
6264 1
6265 3
6266 3
6267 2
6268 1
6269 2
6270 0
6271 6
6272 5
6273 4
6274 3
6275 1
6276 3
6277 3
6278 3
6279 2
6280 1
6281 4
6282 2
6283 5
6284 2
6285 4
6286 1
6287 4
6288 1
6289 0
6290 1
6291 2
6292 3
6293 2
6294 2
6295 4
6296 0
6297 0
6298 1
6299 2
6300 0
6301 3
6302 5
6303 1
6304 3
6305 4
6306 3
6307 2
6308 1
6309 0
6310 2
6311 2
6312 3
6313 3
6314 3
6315 0
6316 3
6317 2
6318 2
6319 2
6320 1
6321 5
6322 4
6323 4
6324 1
6325 3
6326 2
6327 3
6328 2
6329 2
6330 0
6331 3
6332 1
6333 0
6334 1
6335 1
6336 0
6337 1
6338 3
6339 0
6340 4
6341 3
6342 4
6343 3
6344 2
6345 2
6346 2
6347 4
6348 3
6349 1
6350 2
6351 2
6352 5
6353 6
6354 3
6355 2
6356 1
6357 1
6358 2
6359 1
6360 5
6361 0
6362 1
6363 0
6364 1
6365 2
6366 1
6367 2
6368 1
6369 1
6370 1
6371 1
6372 1
6373 2
6374 2
6375 2
6376 1
6377 1
6378 2
6379 1
6380 3
6381 2
6382 4
6383 3
6384 1
6385 3
6386 2
6387 2
6388 1
6389 0
6390 2
6391 0
6392 1
6393 1
6394 1
6395 1
6396 2
6397 1
6398 1
6399 2
6400 3
6401 2
6402 1
6403 3
6404 3
6405 2
6406 0
6407 2
6408 1
6409 1
6410 1
6411 1
6412 1
6413 0
6414 2
6415 2
6416 0
6417 3
6418 1
6419 2
6420 0
6421 1
6422 4
6423 2
6424 0
6425 2
6426 1
6427 1
6428 2
6429 1
6430 1
6431 0
6432 1
6433 1
6434 1
6435 1
6436 1
6437 1
6438 1
6439 2
6440 1
6441 0
6442 0
6443 3
6444 4
6445 1
6446 4
6447 3
6448 1
6449 1
6450 2
6451 1
6452 0
6453 0
6454 0
6455 0
6456 3
6457 2
6458 0
6459 0
6460 3
6461 3
6462 2
6463 1
6464 3
6465 5
6466 1
6467 4
6468 1
6469 2
6470 1
6471 1
6472 0
6473 2
6474 0
6475 2
6476 0
6477 1
6478 3
6479 1
6480 1
6481 3
6482 1
6483 1
6484 0
6485 2
6486 0
6487 2
6488 1
6489 1
6490 1
6491 1
6492 2
6493 2
6494 1
6495 2
6496 2
6497 3
6498 2
6499 1
6500 3
6501 0
6502 2
6503 1
6504 0
6505 1
6506 2
6507 3
6508 2
6509 2
6510 0
6511 3
6512 3
6513 2
6514 3
6515 2
6516 0
6517 2
6518 5
6519 2
6520 2
6521 4
6522 2
6523 2
6524 2
6525 0
6526 4
6527 1
6528 2
6529 2
6530 1
6531 0
6532 1
6533 2
6534 3
6535 1
6536 1
6537 1
6538 3
6539 0
6540 1
6541 2
6542 1
6543 2
6544 0
6545 2
6546 0
6547 3
6548 1
6549 3
6550 1
6551 2
6552 1
6553 5
6554 2
6555 1
6556 2
6557 2
6558 2
6559 2
6560 0
6561 1
6562 2
6563 2
6564 2
6565 2
6566 0
6567 1
6568 3
6569 2
6570 3
6571 2
6572 2
6573 2
6574 2
6575 0
6576 4
6577 1
6578 0
6579 4
6580 4
6581 0
6582 2
6583 2
6584 2
6585 1
6586 2
6587 1
6588 2
6589 2
6590 0
6591 0
6592 0
6593 2
6594 3
6595 1
6596 1
6597 1
6598 5
6599 1
6600 5
6601 2
6602 3
6603 1
6604 3
6605 3
6606 2
6607 1
6608 3
6609 2
6610 4
6611 3
6612 5
6613 1
6614 0
6615 3
6616 2
6617 4
6618 3
6619 1
6620 2
6621 3
6622 2
6623 2
6624 1
6625 1
6626 3
6627 1
6628 2
6629 4
6630 1
6631 0
6632 2
6633 1
6634 2
6635 4
6636 0
6637 2
6638 3
6639 1
6640 4
6641 0
6642 2
6643 2
6644 1
6645 2
6646 2
6647 1
6648 0
6649 2
6650 1
6651 4
6652 2
6653 2
6654 1
6655 2
6656 1
6657 1
6658 1
6659 3
6660 1
6661 0
6662 4
6663 1
6664 0
6665 6
6666 4
6667 2
6668 0
6669 2
6670 1
6671 2
6672 2
6673 1
6674 2
6675 1
6676 2
6677 2
6678 0
6679 1
6680 2
6681 2
6682 3
6683 2
6684 0
6685 2
6686 2
6687 2
6688 2
6689 2
6690 0
6691 3
6692 0
6693 2
6694 5
6695 3
6696 2
6697 1
6698 1
6699 3
6700 3
6701 4
6702 1
6703 1
6704 0
6705 3
6706 3
6707 5
6708 1
6709 3
6710 0
6711 3
6712 1
6713 3
6714 1
6715 0
6716 1
6717 1
6718 1
6719 2
6720 1
6721 3
6722 3
6723 2
6724 4
6725 2
6726 3
6727 1
6728 1
6729 2
6730 1
6731 1
6732 0
6733 4
6734 1
6735 3
6736 0
6737 0
6738 2
6739 1
6740 2
6741 3
6742 1
6743 2
6744 1
6745 1
6746 0
6747 2
6748 1
6749 1
6750 2
6751 1
6752 6
6753 1
6754 1
6755 3
6756 2
6757 3
6758 4
6759 1
6760 0
6761 1
6762 1
6763 0
6764 1
6765 2
6766 3
6767 2
6768 0
6769 3
6770 2
6771 2
6772 1
6773 4
6774 2
6775 3
6776 1
6777 1
6778 3
6779 2
6780 2
6781 4
6782 1
6783 4
6784 3
6785 1
6786 5
6787 3
6788 3
6789 2
6790 3
6791 2
6792 5
6793 3
6794 2
6795 0
6796 0
6797 3
6798 0
6799 3
6800 1
6801 2
6802 1
6803 1
6804 4
6805 2
6806 2
6807 2
6808 1
6809 4
6810 3
6811 1
6812 2
6813 1
6814 1
6815 3
6816 4
6817 4
6818 1
6819 4
6820 2
6821 1
6822 1
6823 4
6824 2
6825 2
6826 5
6827 0
6828 3
6829 3
6830 1
6831 2
6832 5
6833 2
6834 3
6835 4
6836 2
6837 4
6838 3
6839 0
6840 2
6841 4
6842 1
6843 3
6844 5
6845 3
6846 2
6847 5
6848 2
6849 3
6850 5
6851 0
6852 2
6853 3
6854 3
6855 4
6856 1
6857 4
6858 0
6859 2
6860 3
6861 5
6862 2
6863 1
6864 2
6865 1
6866 1
6867 1
6868 3
6869 3
6870 4
6871 4
6872 2
6873 2
6874 2
6875 1
6876 2
6877 4
6878 2
6879 1
6880 2
6881 5
6882 5
6883 1
6884 2
6885 4
6886 3
6887 3
6888 3
6889 3
6890 0
6891 1
6892 3
6893 1
6894 4
6895 1
6896 1
6897 0
6898 2
6899 1
6900 1
6901 0
6902 1
6903 0
6904 6
6905 2
6906 4
6907 5
6908 1
6909 1
6910 1
6911 2
6912 2
6913 2
6914 1
6915 0
6916 2
6917 0
6918 4
6919 2
6920 3
6921 2
6922 4
6923 2
6924 1
6925 1
6926 0
6927 1
6928 2
6929 2
6930 1
6931 2
6932 1
6933 0
6934 2
6935 2
6936 1
6937 1
6938 2
6939 3
6940 2
6941 1
6942 1
6943 0
6944 1
6945 0
6946 0
6947 0
6948 1
6949 3
6950 2
6951 4
6952 4
6953 2
6954 0
6955 3
6956 0
6957 1
6958 1
6959 4
6960 1
6961 0
6962 0
6963 0
6964 1
6965 2
6966 1
6967 1
6968 2
6969 1
6970 3
6971 1
6972 0
6973 2
6974 0
6975 3
6976 3
6977 1
6978 0
6979 2
6980 4
6981 4
6982 1
6983 4
6984 3
6985 5
6986 4
6987 4
6988 2
6989 2
6990 2
6991 1
6992 3
6993 2
6994 2
6995 3
6996 3
6997 6
6998 2
6999 3
7000 5
7001 0
7002 0
7003 1
7004 2
7005 2
7006 1
7007 1
7008 0
7009 1
7010 1
7011 1
7012 1
7013 3
7014 1
7015 0
7016 1
7017 3
7018 0
7019 1
7020 1
7021 3
7022 3
7023 4
7024 4
7025 1
7026 4
7027 0
7028 3
7029 0
7030 0
7031 4
7032 1
7033 1
7034 3
7035 3
7036 3
7037 1
7038 4
7039 2
7040 0
7041 1
7042 1
7043 2
7044 1
7045 1
7046 1
7047 0
7048 2
7049 1
7050 1
7051 3
7052 2
7053 0
7054 1
7055 0
7056 1
7057 3
7058 1
7059 0
7060 1
7061 4
7062 3
7063 2
7064 2
7065 4
7066 1
7067 0
7068 0
7069 3
7070 3
7071 2
7072 3
7073 3
7074 2
7075 1
7076 2
7077 4
7078 2
7079 2
7080 1
7081 1
7082 2
7083 3
7084 3
7085 1
7086 2
7087 3
7088 1
7089 2
7090 1
7091 3
7092 4
7093 0
7094 2
7095 3
7096 1
7097 2
7098 2
7099 1
7100 3
7101 6
7102 3
7103 2
7104 2
7105 7
7106 5
7107 1
7108 0
7109 1
7110 1
7111 3
7112 1
7113 3
7114 3
7115 2
7116 1
7117 3
7118 3
7119 1
7120 0
7121 3
7122 4
7123 5
7124 0
7125 5
7126 1
7127 0
7128 4
7129 4
7130 1
7131 2
7132 1
7133 2
7134 3
7135 1
7136 1
7137 2
7138 2
7139 1
7140 0
7141 1
7142 2
7143 2
7144 2
7145 1
7146 0
7147 0
7148 1
7149 0
7150 2
7151 5
7152 2
7153 3
7154 3
7155 3
7156 6
7157 0
7158 3
7159 4
7160 1
7161 2
7162 3
7163 0
7164 2
7165 1
7166 4
7167 2
7168 4
7169 4
7170 1
7171 4
7172 1
7173 0
7174 1
7175 1
7176 3
7177 1
7178 2
7179 3
7180 1
7181 3
7182 2
7183 0
7184 3
7185 2
7186 2
7187 0
7188 2
7189 2
7190 3
7191 2
7192 3
7193 4
7194 4
7195 2
7196 2
7197 4
7198 2
7199 2
7200 2
7201 0
7202 4
7203 2
7204 0
7205 2
7206 2
7207 1
7208 3
7209 4
7210 1
7211 4
7212 2
7213 3
7214 2
7215 1
7216 4
7217 0
7218 3
7219 5
7220 2
7221 2
7222 2
7223 2
7224 3
7225 1
7226 3
7227 5
7228 4
7229 2
7230 1
7231 3
7232 2
7233 1
7234 1
7235 0
7236 5
7237 1
7238 1
7239 0
7240 0
7241 3
7242 0
7243 1
7244 2
7245 1
7246 3
7247 0
7248 1
7249 2
7250 1
7251 1
7252 0
7253 3
7254 0
7255 1
7256 0
7257 1
7258 1
7259 1
7260 3
7261 1
7262 2
7263 1
7264 1
7265 0
7266 0
7267 1
7268 3
7269 1
7270 2
7271 0
7272 0
7273 0
7274 1
7275 1
7276 2
7277 2
7278 4
7279 2
7280 1
7281 0
7282 2
7283 0
7284 1
7285 1
7286 2
7287 3
7288 0
7289 1
7290 4
7291 2
7292 1
7293 1
7294 1
7295 2
7296 1
7297 0
7298 2
7299 1
7300 2
7301 0
7302 2
7303 0
7304 0
7305 0
7306 0
7307 1
7308 1
7309 1
7310 1
7311 1
7312 1
7313 1
7314 1
7315 0
7316 0
7317 0
7318 1
7319 1
7320 0
7321 1
7322 0
7323 0
7324 1
7325 3
7326 0
7327 1
7328 2
7329 2
7330 3
7331 2
7332 0
7333 2
7334 1
7335 1
7336 1
7337 2
7338 2
7339 3
7340 5
7341 3
7342 1
7343 0
7344 2
7345 1
7346 0
7347 3
7348 1
7349 2
7350 0
7351 3
7352 4
7353 2
7354 0
7355 1
7356 0
7357 4
7358 2
7359 3
7360 1
7361 1
7362 1
7363 2
7364 1
7365 3
7366 3
7367 2
7368 4
7369 2
7370 3
7371 4
7372 4
7373 1
7374 3
7375 1
7376 4
7377 4
7378 2
7379 0
7380 2
7381 2
7382 1
7383 3
7384 2
7385 2
7386 2
7387 4
7388 3
7389 1
7390 2
7391 1
7392 2
7393 0
7394 1
7395 1
7396 5
7397 2
7398 3
7399 3
7400 3
7401 2
7402 2
7403 1
7404 2
7405 2
7406 6
7407 3
7408 2
7409 4
7410 2
7411 1
7412 1
7413 4
7414 1
7415 3
7416 6
7417 3
7418 3
7419 4
7420 4
7421 3
7422 2
7423 1
7424 2
7425 0
7426 3
7427 2
7428 4
7429 1
7430 0
7431 1
7432 3
7433 4
7434 4
7435 1
7436 1
7437 0
7438 3
7439 1
7440 2
7441 2
7442 1
7443 0
7444 4
7445 4
7446 3
7447 1
7448 1
7449 1
7450 3
7451 1
7452 1
7453 0
7454 2
7455 1
7456 0
7457 0
7458 1
7459 2
7460 3
7461 3
7462 1
7463 4
7464 1
7465 3
7466 3
7467 3
7468 3
7469 7
7470 5
7471 1
7472 2
7473 1
7474 2
7475 3
7476 1
7477 1
7478 2
7479 3
7480 1
7481 5
7482 4
7483 2
7484 5
7485 4
7486 1
7487 1
7488 2
7489 2
7490 5
7491 4
7492 4
7493 2
7494 0
7495 4
7496 5
7497 2
7498 3
7499 2
7500 3
7501 2
7502 3
7503 2
7504 3
7505 2
7506 2
7507 3
7508 2
7509 4
7510 2
7511 2
7512 3
7513 2
7514 1
7515 3
7516 4
7517 5
7518 2
7519 3
7520 2
7521 2
7522 1
7523 0
7524 3
7525 4
7526 4
7527 5
7528 3
7529 3
7530 2
7531 2
7532 5
7533 3
7534 2
7535 2
7536 3
7537 1
7538 3
7539 2
7540 2
7541 1
7542 4
7543 2
7544 2
7545 4
7546 2
7547 1
7548 1
7549 2
7550 1
7551 2
7552 2
7553 1
7554 2
7555 1
7556 3
7557 2
7558 4
7559 0
7560 2
7561 1
7562 4
7563 3
7564 2
7565 1
7566 4
7567 1
7568 1
7569 1
7570 2
7571 0
7572 3
7573 1
7574 1
7575 1
7576 3
7577 1
7578 2
7579 2
7580 1
7581 1
7582 2
7583 3
7584 2
7585 3
7586 2
7587 3
7588 4
7589 4
7590 4
7591 3
7592 4
7593 3
7594 1
7595 2
7596 3
7597 1
7598 1
7599 2
7600 1
7601 3
7602 1
7603 1
7604 0
7605 3
7606 2
7607 1
7608 4
7609 7
7610 4
7611 3
7612 5
7613 3
7614 2
7615 4
7616 2
7617 1
7618 2
7619 3
7620 6
7621 2
7622 0
7623 0
7624 5
7625 3
7626 6
7627 3
7628 3
7629 1
7630 3
7631 5
7632 4
7633 5
7634 3
7635 3
7636 2
7637 4
7638 2
7639 1
7640 4
7641 2
7642 3
7643 5
7644 2
7645 1
7646 2
7647 3
7648 3
7649 3
7650 5
7651 3
7652 2
7653 3
7654 2
7655 3
7656 4
7657 4
7658 4
7659 3
7660 3
7661 3
7662 7
7663 3
7664 3
7665 2
7666 2
7667 4
7668 3
7669 1
7670 2
7671 3
7672 3
7673 6
7674 3
7675 2
7676 1
7677 2
7678 1
7679 1
7680 1
7681 4
7682 4
7683 1
7684 3
7685 2
7686 2
7687 1
7688 2
7689 2
7690 2
7691 0
7692 1
7693 0
7694 1
7695 2
7696 5
7697 2
7698 2
7699 2
7700 5
7701 7
7702 3
7703 2
7704 2
7705 3
7706 5
7707 5
7708 4
7709 3
7710 6
7711 2
7712 4
7713 3
7714 4
7715 1
7716 2
7717 4
7718 3
7719 5
7720 4
7721 2
7722 3
7723 2
7724 4
7725 5
7726 3
7727 2
7728 2
7729 5
7730 3
7731 4
7732 3
7733 6
7734 5
7735 3
7736 3
7737 6
7738 8
7739 2
7740 2
7741 3
7742 3
7743 2
7744 2
7745 5
7746 1
7747 4
7748 3
7749 1
7750 3
7751 1
7752 4
7753 4
7754 2
7755 2
7756 8
7757 2
7758 2
7759 4
7760 2
7761 2
7762 2
7763 1
7764 0
7765 0
7766 4
7767 3
7768 2
7769 3
7770 2
7771 5
7772 3
7773 4
7774 2
7775 1
7776 1
7777 1
7778 3
7779 0
7780 4
7781 2
7782 1
7783 2
7784 2
7785 1
7786 1
7787 1
7788 5
7789 1
7790 2
7791 2
7792 1
7793 2
7794 2
7795 2
7796 2
7797 1
7798 1
7799 2
7800 0
7801 0
7802 1
7803 1
7804 2
7805 3
7806 2
7807 0
7808 1
7809 0
7810 0
7811 2
7812 2
7813 1
7814 1
7815 0
7816 1
7817 3
7818 2
7819 1
7820 0
7821 1
7822 3
7823 2
7824 4
7825 2
7826 2
7827 4
7828 3
7829 4
7830 2
7831 2
7832 2
7833 3
7834 4
7835 1
7836 3
7837 2
7838 3
7839 4
7840 1
7841 6
7842 2
7843 3
7844 4
7845 5
7846 3
7847 4
7848 1
7849 2
7850 1
7851 3
7852 2
7853 6
7854 4
7855 3
7856 3
7857 2
7858 3
7859 0
7860 4
7861 4
7862 2
7863 3
7864 1
7865 3
7866 4
7867 0
7868 2
7869 4
7870 0
7871 3
7872 3
7873 1
7874 2
7875 1
7876 0
7877 4
7878 4
7879 1
7880 3
7881 6
7882 3
7883 4
7884 4
7885 0
7886 0
7887 4
7888 3
7889 4
7890 0
7891 3
7892 3
7893 1
7894 4
7895 1
7896 2
7897 2
7898 3
7899 3
7900 1
7901 1
7902 4
7903 1
7904 1
7905 2
7906 1
7907 3
7908 2
7909 3
7910 2
7911 2
7912 2
7913 1
7914 1
7915 6
7916 1
7917 0
7918 1
7919 3
7920 2
7921 0
7922 1
7923 4
7924 1
7925 2
7926 4
7927 2
7928 3
7929 2
7930 3
7931 4
7932 3
7933 2
7934 0
7935 1
7936 1
7937 3
7938 0
7939 3
7940 1
7941 2
7942 1
7943 3
7944 1
7945 3
7946 2
7947 1
7948 1
7949 3
7950 1
7951 2
7952 2
7953 3
7954 1
7955 0
7956 4
7957 5
7958 0
7959 2
7960 1
7961 2
7962 4
7963 1
7964 1
7965 2
7966 3
7967 0
7968 6
7969 3
7970 2
7971 1
7972 2
7973 3
7974 4
7975 2
7976 1
7977 4
7978 4
7979 5
7980 4
7981 0
7982 2
7983 2
7984 4
7985 0
7986 1
7987 3
7988 1
7989 3
7990 1
7991 1
7992 3
7993 2
7994 6
7995 4
7996 4
7997 4
7998 1
7999 4
8000 2
8001 6
8002 3
8003 1
8004 3
8005 2
8006 3
8007 2
8008 3
8009 3
8010 1
8011 2
8012 3
8013 1
8014 4
8015 3
8016 3
8017 2
8018 3
8019 2
8020 5
8021 1
8022 1
8023 2
8024 2
8025 1
8026 2
8027 3
8028 1
8029 3
8030 1
8031 2
8032 1
8033 3
8034 2
8035 1
8036 2
8037 4
8038 2
8039 3
8040 4
8041 4
8042 1
8043 1
8044 4
8045 4
8046 2
8047 4
8048 5
8049 5
8050 1
8051 1
8052 5
8053 1
8054 3
8055 0
8056 2
8057 2
8058 2
8059 4
8060 1
8061 1
8062 2
8063 5
8064 2
8065 4
8066 0
8067 4
8068 3
8069 4
8070 1
8071 4
8072 4
8073 4
8074 7
8075 3
8076 4
8077 3
8078 3
8079 1
8080 4
8081 6
8082 3
8083 2
8084 1
8085 2
8086 3
8087 0
8088 2
8089 5
8090 4
8091 2
8092 2
8093 3
8094 3
8095 3
8096 1
8097 3
8098 3
8099 3
8100 1
8101 2
8102 2
8103 2
8104 3
8105 2
8106 2
8107 3
8108 2
8109 4
8110 3
8111 2
8112 3
8113 1
8114 2
8115 3
8116 4
8117 3
8118 1
8119 3
8120 4
8121 3
8122 4
8123 4
8124 1
8125 5
8126 4
8127 2
8128 1
8129 5
8130 3
8131 3
8132 5
8133 3
8134 2
8135 6
8136 4
8137 2
8138 5
8139 3
8140 4
8141 5
8142 2
8143 7
8144 6
8145 2
8146 4
8147 3
8148 4
8149 3
8150 3
8151 3
8152 6
8153 8
8154 2
8155 4
8156 4
8157 3
8158 6
8159 3
8160 2
8161 1
8162 1
8163 3
8164 3
8165 4
8166 2
8167 4
8168 4
8169 2
8170 6
8171 4
8172 3
8173 5
8174 3
8175 5
8176 2
8177 5
8178 2
8179 6
8180 4
8181 1
8182 4
8183 6
8184 3
8185 2
8186 3
8187 1
8188 4
8189 2
8190 6
8191 3
8192 2
8193 3
8194 2
8195 4
8196 3
8197 5
8198 3
8199 3
8200 5
8201 3
8202 2
8203 5
8204 2
8205 3
8206 2
8207 1
8208 4
8209 3
8210 2
8211 7
8212 3
8213 5
8214 5
8215 4
8216 4
8217 7
8218 4
8219 4
8220 2
8221 6
8222 3
8223 0
8224 3
8225 2
8226 2
8227 4
8228 5
8229 4
8230 5
8231 2
8232 3
8233 1
8234 5
8235 2
8236 1
8237 5
8238 4
8239 4
8240 3
8241 2
8242 3
8243 2
8244 4
8245 0
8246 4
8247 3
8248 3
8249 3
8250 6
8251 4
8252 4
8253 5
8254 4
8255 2
8256 2
8257 3
8258 0
8259 3
8260 3
8261 3
8262 2
8263 1
8264 3
8265 4
8266 4
8267 4
8268 3
8269 2
8270 0
8271 0
8272 2
8273 0
8274 0
8275 3
8276 5
8277 1
8278 3
8279 4
8280 3
8281 2
8282 2
8283 1
8284 2
8285 0
8286 1
8287 3
8288 1
8289 1
8290 0
8291 3
8292 0
8293 1
8294 1
8295 3
8296 1
8297 4
8298 3
8299 3
8300 1
8301 1
8302 1
8303 0
8304 1
8305 2
8306 2
8307 2
8308 0
8309 2
8310 1
8311 2
8312 3
8313 1
8314 2
8315 4
8316 1
8317 2
8318 2
8319 1
8320 5
8321 2
8322 2
8323 2
8324 1
8325 3
8326 2
8327 1
8328 3
8329 2
8330 0
8331 6
8332 2
8333 3
8334 4
8335 3
8336 4
8337 1
8338 3
8339 0
8340 6
8341 2
8342 3
8343 2
8344 3
8345 6
8346 1
8347 2
8348 2
8349 4
8350 2
8351 1
8352 3
8353 6
8354 4
8355 5
8356 5
8357 3
8358 1
8359 3
8360 6
8361 0
8362 2
8363 1
8364 3
8365 4
8366 3
8367 1
8368 1
8369 4
8370 4
8371 3
8372 2
8373 3
8374 3
8375 2
8376 4
8377 5
8378 2
8379 4
8380 4
8381 1
8382 5
8383 4
8384 4
8385 4
8386 3
8387 2
8388 2
8389 1
8390 3
8391 3
8392 3
8393 2
8394 4
8395 2
8396 3
8397 2
8398 6
8399 3
8400 3
8401 3
8402 4
8403 2
8404 4
8405 3
8406 5
8407 4
8408 4
8409 3
8410 0
8411 2
8412 3
8413 4
8414 5
8415 2
8416 3
8417 3
8418 2
8419 0
8420 2
8421 3
8422 3
8423 2
8424 0
8425 3
8426 3
8427 0
8428 1
8429 2
8430 2
8431 1
8432 4
8433 1
8434 2
8435 1
8436 4
8437 2
8438 1
8439 2
8440 2
8441 2
8442 6
8443 4
8444 3
8445 6
8446 0
8447 2
8448 3
8449 1
8450 0
8451 1
8452 6
8453 3
8454 3
8455 3
8456 3
8457 2
8458 4
8459 3
8460 6
8461 7
8462 4
8463 3
8464 2
8465 2
8466 4
8467 4
8468 3
8469 2
8470 4
8471 1
8472 2
8473 6
8474 0
8475 1
8476 1
8477 2
8478 2
8479 2
8480 5
8481 5
8482 4
8483 2
8484 2
8485 4
8486 2
8487 0
8488 3
8489 2
8490 2
8491 3
8492 2
8493 2
8494 1
8495 1
8496 5
8497 2
8498 2
8499 1
8500 7
8501 2
8502 1
8503 4
8504 1
8505 3
8506 3
8507 2
8508 1
8509 2
8510 4
8511 2
8512 1
8513 1
8514 1
8515 1
8516 2
8517 3
8518 2
8519 1
8520 2
8521 1
8522 3
8523 4
8524 2
8525 5
8526 5
8527 3
8528 5
8529 5
8530 6
8531 3
8532 0
8533 4
8534 3
8535 3
8536 2
8537 4
8538 2
8539 3
8540 6
8541 3
8542 4
8543 3
8544 6
8545 3
8546 4
8547 3
8548 0
8549 4
8550 2
8551 5
8552 4
8553 3
8554 4
8555 1
8556 2
8557 3
8558 6
8559 2
8560 4
8561 3
8562 1
8563 0
8564 1
8565 2
8566 3
8567 1
8568 2
8569 5
8570 4
8571 3
8572 4
8573 3
8574 3
8575 4
8576 3
8577 1
8578 2
8579 3
8580 5
8581 1
8582 4
8583 3
8584 2
8585 3
8586 2
8587 2
8588 1
8589 1
8590 2
8591 3
8592 3
8593 6
8594 3
8595 4
8596 3
8597 1
8598 0
8599 2
8600 2
8601 6
8602 2
8603 1
8604 2
8605 3
8606 2
8607 3
8608 3
8609 3
8610 2
8611 2
8612 0
8613 4
8614 2
8615 2
8616 4
8617 2
8618 6
8619 0
8620 2
8621 0
8622 2
8623 6
8624 2
8625 1
8626 3
8627 4
8628 2
8629 5
8630 1
8631 2
8632 1
8633 1
8634 4
8635 0
8636 2
8637 4
8638 3
8639 1
8640 1
8641 1
8642 3
8643 4
8644 4
8645 0
8646 0
8647 1
8648 2
8649 2
8650 0
8651 0
8652 1
8653 4
8654 0
8655 1
8656 3
8657 1
8658 0
8659 2
8660 1
8661 3
8662 1
8663 1
8664 1
8665 1
8666 3
8667 2
8668 2
8669 2
8670 4
8671 2
8672 2
8673 3
8674 4
8675 0
8676 3
8677 0
8678 1
8679 2
8680 0
8681 1
8682 0
8683 0
8684 1
8685 2
8686 2
8687 1
8688 0
8689 2
8690 2
8691 4
8692 3
8693 0
8694 1
8695 3
8696 3
8697 1
8698 1
8699 1
8700 1
8701 1
8702 2
8703 2
8704 3
8705 1
8706 4
8707 2
8708 0
8709 1
8710 4
8711 2
8712 2
8713 1
8714 1
8715 1
8716 2
8717 0
8718 3
8719 0
8720 1
8721 1
8722 3
8723 1
8724 3
8725 1
8726 1
8727 2
8728 2
8729 0
8730 2
8731 1
8732 5
8733 0
8734 1
8735 0
8736 2
8737 3
8738 0
8739 2
8740 1
8741 2
8742 3
8743 1
8744 1
8745 1
8746 1
8747 1
8748 3
8749 0
8750 4
8751 3
8752 3
8753 3
8754 1
8755 2
8756 1
8757 3
8758 4
8759 1
8760 0
8761 3
8762 1
8763 3
8764 1
8765 1
8766 3
8767 0
8768 4
8769 0
8770 2
8771 3
8772 2
8773 0
8774 1
8775 1
8776 0
8777 2
8778 3
8779 1
8780 4
8781 0
8782 1
8783 3
8784 0
8785 2
8786 3
8787 3
8788 3
8789 5
8790 2
8791 1
8792 3
8793 3
8794 2
8795 3
8796 3
8797 1
8798 1
8799 1
8800 2
8801 1
8802 2
8803 8
8804 1
8805 4
8806 2
8807 1
8808 2
8809 4
8810 2
8811 3
8812 2
8813 3
8814 2
8815 4
8816 2
8817 1
8818 1
8819 2
8820 3
8821 5
8822 1
8823 2
8824 1
8825 3
8826 2
8827 1
8828 2
8829 3
8830 2
8831 2
8832 1
8833 3
8834 1
8835 4
8836 2
8837 3
8838 2
8839 1
8840 1
8841 4
8842 4
8843 3
8844 3
8845 4
8846 0
8847 1
8848 0
8849 3
8850 0
8851 1
8852 1
8853 3
8854 0
8855 4
8856 1
8857 1
8858 3
8859 1
8860 0
8861 1
8862 1
8863 1
8864 1
8865 2
8866 1
8867 2
8868 0
8869 1
8870 2
8871 4
8872 3
8873 2
8874 0
8875 2
8876 3
8877 5
8878 0
8879 0
8880 1
8881 0
8882 2
8883 5
8884 4
8885 2
8886 2
8887 1
8888 2
8889 1
8890 3
8891 1
8892 1
8893 3
8894 2
8895 3
8896 3
8897 1
8898 3
8899 1
8900 1
8901 1
8902 1
8903 1
8904 1
8905 0
8906 0
8907 0
8908 2
8909 0
8910 1
8911 1
8912 2
8913 3
8914 1
8915 1
8916 1
8917 3
8918 3
8919 2
8920 4
8921 4
8922 2
8923 3
8924 1
8925 3
8926 3
8927 3
8928 1
8929 1
8930 0
8931 1
8932 1
8933 2
8934 1
8935 0
8936 3
8937 1
8938 0
8939 2
8940 5
8941 1
8942 1
8943 3
8944 0
8945 3
8946 0
8947 2
8948 0
8949 0
8950 1
8951 2
8952 0
8953 3
8954 0
8955 1
8956 2
8957 2
8958 3
8959 2
8960 0
8961 4
8962 2
8963 3
8964 1
8965 1
8966 2
8967 1
8968 3
8969 3
8970 2
8971 2
8972 3
8973 2
8974 3
8975 2
8976 3
8977 3
8978 0
8979 1
8980 2
8981 2
8982 2
8983 2
8984 1
8985 4
8986 2
8987 1
8988 3
8989 1
8990 2
8991 4
8992 2
8993 3
8994 3
8995 7
8996 3
8997 2
8998 3
8999 1
9000 3
9001 4
9002 4
9003 0
9004 2
9005 2
9006 3
9007 0
9008 3
9009 4
9010 3
9011 4
9012 3
9013 1
9014 2
9015 4
9016 0
9017 4
9018 1
9019 3
9020 5
9021 3
9022 1
9023 0
9024 3
9025 2
9026 0
9027 2
9028 0
9029 1
9030 2
9031 2
9032 4
9033 0
9034 3
9035 2
9036 2
9037 5
9038 3
9039 1
9040 1
9041 2
9042 3
9043 1
9044 2
9045 1
9046 1
9047 3
9048 3
9049 3
9050 3
9051 2
9052 1
9053 1
9054 1
9055 2
9056 2
9057 3
9058 1
9059 1
9060 5
9061 2
9062 5
9063 2
9064 2
9065 3
9066 1
9067 1
9068 2
9069 0
9070 3
9071 3
9072 2
9073 0
9074 1
9075 4
9076 2
9077 3
9078 0
9079 2
9080 2
9081 2
9082 2
9083 2
9084 3
9085 3
9086 4
9087 3
9088 2
9089 1
9090 4
9091 5
9092 2
9093 0
9094 1
9095 4
9096 2
9097 2
9098 1
9099 5
9100 3
9101 0
9102 2
9103 4
9104 1
9105 2
9106 3
9107 1
9108 2
9109 2
9110 1
9111 0
9112 3
9113 1
9114 2
9115 2
9116 3
9117 3
9118 2
9119 1
9120 0
9121 4
9122 2
9123 2
9124 2
9125 2
9126 2
9127 4
9128 3
9129 2
9130 4
9131 2
9132 3
9133 1
9134 1
9135 4
9136 2
9137 2
9138 1
9139 0
9140 1
9141 2
9142 1
9143 4
9144 0
9145 3
9146 1
9147 2
9148 2
9149 0
9150 1
9151 0
9152 1
9153 2
9154 5
9155 1
9156 2
9157 1
9158 3
9159 2
9160 1
9161 1
9162 4
9163 1
9164 2
9165 0
9166 0
9167 0
9168 3
9169 0
9170 0
9171 2
9172 2
9173 1
9174 1
9175 1
9176 2
9177 1
9178 1
9179 2
9180 1
9181 0
9182 2
9183 2
9184 2
9185 3
9186 0
9187 3
9188 2
9189 2
9190 1
9191 2
9192 2
9193 1
9194 0
9195 0
9196 1
9197 1
9198 3
9199 2
9200 1
9201 1
9202 1
9203 0
9204 2
9205 2
9206 4
9207 1
9208 0
9209 1
9210 1
9211 2
9212 0
9213 0
9214 1
9215 0
9216 4
9217 1
9218 0
9219 1
9220 2
9221 1
9222 2
9223 3
9224 1
9225 5
9226 2
9227 1
9228 1
9229 1
9230 1
9231 0
9232 1
9233 2
9234 3
9235 2
9236 2
9237 3
9238 2
9239 4
9240 1
9241 3
9242 4
9243 4
9244 2
9245 3
9246 2
9247 1
9248 0
9249 2
9250 3
9251 3
9252 4
9253 3
9254 4
9255 0
9256 2
9257 2
9258 5
9259 2
9260 0
9261 0
9262 2
9263 3
9264 4
9265 3
9266 0
9267 2
9268 1
9269 4
9270 3
9271 1
9272 3
9273 0
9274 2
9275 4
9276 2
9277 3
9278 2
9279 0
9280 3
9281 3
9282 2
9283 2
9284 3
9285 5
9286 3
9287 2
9288 1
9289 2
9290 0
9291 2
9292 0
9293 2
9294 2
9295 4
9296 3
9297 3
9298 2
9299 3
9300 2
9301 1
9302 3
9303 0
9304 2
9305 2
9306 3
9307 3
9308 1
9309 1
9310 1
9311 3
9312 2
9313 1
9314 5
9315 3
9316 2
9317 4
9318 5
9319 6
9320 1
9321 2
9322 3
9323 2
9324 1
9325 4
9326 5
9327 2
9328 3
9329 2
9330 1
9331 1
9332 2
9333 1
9334 0
9335 1
9336 3
9337 5
9338 3
9339 4
9340 2
9341 1
9342 2
9343 1
9344 3
9345 0
9346 1
9347 4
9348 3
9349 4
9350 2
9351 5
9352 2
9353 3
9354 3
9355 3
9356 5
9357 4
9358 1
9359 5
9360 7
9361 4
9362 3
9363 2
9364 3
9365 3
9366 2
9367 1
9368 5
9369 3
9370 1
9371 3
9372 3
9373 3
9374 1
9375 5
9376 3
9377 1
9378 4
9379 4
9380 4
9381 4
9382 3
9383 3
9384 3
9385 1
9386 6
9387 4
9388 4
9389 1
9390 3
9391 0
9392 1
9393 4
9394 1
9395 3
9396 2
9397 1
9398 3
9399 1
9400 3
9401 4
9402 6
9403 3
9404 3
9405 2
9406 2
9407 4
9408 5
9409 5
9410 5
9411 6
9412 5
9413 2
9414 3
9415 3
9416 4
9417 3
9418 1
9419 1
9420 2
9421 0
9422 3
9423 2
9424 6
9425 2
9426 1
9427 1
9428 4
9429 1
9430 2
9431 5
9432 1
9433 2
9434 2
9435 4
9436 4
9437 3
9438 3
9439 2
9440 2
9441 2
9442 3
9443 3
9444 0
9445 2
9446 2
9447 2
9448 3
9449 4
9450 2
9451 3
9452 1
9453 2
9454 1
9455 2
9456 2
9457 2
9458 2
9459 5
9460 3
9461 3
9462 2
9463 4
9464 2
9465 0
9466 1
9467 2
9468 1
9469 2
9470 2
9471 4
9472 2
9473 2
9474 1
9475 3
9476 1
9477 1
9478 3
9479 1
9480 2
9481 2
9482 3
9483 3
9484 2
9485 1
9486 0
9487 4
9488 3
9489 2
9490 2
9491 2
9492 3
9493 6
9494 1
9495 2
9496 0
9497 1
9498 2
9499 0
9500 3
9501 3
9502 3
9503 2
9504 2
9505 2
9506 2
9507 4
9508 2
9509 0
9510 1
9511 2
9512 0
9513 2
9514 2
9515 1
9516 4
9517 4
9518 3
9519 2
9520 3
9521 3
9522 3
9523 0
9524 4
9525 5
9526 3
9527 3
9528 6
9529 2
9530 1
9531 2
9532 4
9533 2
9534 4
9535 4
9536 3
9537 4
9538 1
9539 3
9540 3
9541 3
9542 0
9543 2
9544 4
9545 1
9546 2
9547 3
9548 2
9549 4
9550 4
9551 3
9552 3
9553 2
9554 4
9555 3
9556 1
9557 4
9558 3
9559 4
9560 3
9561 3
9562 1
9563 4
9564 3
9565 1
9566 1
9567 1
9568 1
9569 1
9570 4
9571 4
9572 2
9573 3
9574 0
9575 4
9576 3
9577 1
9578 3
9579 3
9580 0
9581 0
9582 0
9583 0
9584 2
9585 1
9586 2
9587 4
9588 7
9589 0
9590 0
9591 2
9592 3
9593 5
9594 1
9595 3
9596 4
9597 3
9598 2
9599 2
9600 1
9601 2
9602 3
9603 3
9604 2
9605 2
9606 5
9607 1
9608 3
9609 2
9610 3
9611 1
9612 2
9613 3
9614 2
9615 3
9616 2
9617 0
9618 1
9619 1
9620 3
9621 0
9622 3
9623 1
9624 0
9625 1
9626 0
9627 3
9628 3
9629 4
9630 3
9631 4
9632 1
9633 3
9634 4
9635 2
9636 2
9637 1
9638 2
9639 4
9640 3
9641 5
9642 1
9643 2
9644 4
9645 2
9646 2
9647 2
9648 2
9649 2
9650 3
9651 3
9652 4
9653 0
9654 4
9655 4
9656 3
9657 3
9658 2
9659 2
9660 3
9661 1
9662 3
9663 5
9664 1
9665 2
9666 6
9667 2
9668 1
9669 1
9670 2
9671 3
9672 0
9673 2
9674 3
9675 2
9676 3
9677 0
9678 2
9679 0
9680 1
9681 3
9682 3
9683 3
9684 2
9685 6
9686 4
9687 2
9688 0
9689 3
9690 0
9691 1
9692 1
9693 2
9694 4
9695 4
9696 3
9697 2
9698 3
9699 2
9700 2
9701 3
9702 2
9703 3
9704 2
9705 3
9706 3
9707 3
9708 0
9709 2
9710 3
9711 1
9712 3
9713 1
9714 1
9715 0
9716 2
9717 2
9718 2
9719 3
9720 2
9721 3
9722 2
9723 1
9724 3
9725 2
9726 1
9727 2
9728 5
9729 1
9730 1
9731 3
9732 1
9733 3
9734 1
9735 2
9736 3
9737 0
9738 2
9739 0
9740 3
9741 2
9742 0
9743 1
9744 3
9745 5
9746 3
9747 3
9748 2
9749 1
9750 0
9751 3
9752 2
9753 2
9754 1
9755 2
9756 0
9757 2
9758 1
9759 2
9760 4
9761 3
9762 1
9763 2
9764 2
9765 0
9766 4
9767 1
9768 4
9769 2
9770 2
9771 1
9772 3
9773 2
9774 3
9775 3
9776 0
9777 3
9778 4
9779 1
9780 2
9781 2
9782 2
9783 3
9784 6
9785 2
9786 4
9787 1
9788 2
9789 3
9790 3
9791 0
9792 3
9793 3
9794 4
9795 2
9796 5
9797 5
9798 3
9799 2
9800 4
9801 5
9802 4
9803 4
9804 5
9805 1
9806 2
9807 4
9808 4
9809 3
9810 2
9811 4
9812 4
9813 6
9814 2
9815 3
9816 4
9817 4
9818 6
9819 1
9820 2
9821 4
9822 3
9823 4
9824 0
9825 3
9826 3
9827 1
9828 2
9829 1
9830 3
9831 3
9832 2
9833 4
9834 3
9835 2
9836 3
9837 2
9838 2
9839 3
9840 4
9841 7
9842 6
9843 2
9844 5
9845 4
9846 3
9847 3
9848 4
9849 3
9850 1
9851 3
9852 0
9853 2
9854 5
9855 2
9856 0
9857 1
9858 1
9859 2
9860 3
9861 3
9862 1
9863 2
9864 3
9865 0
9866 0
9867 3
9868 3
9869 2
9870 2
9871 2
9872 6
9873 5
9874 3
9875 3
9876 1
9877 4
9878 1
9879 2
9880 4
9881 3
9882 3
9883 2
9884 2
9885 1
9886 1
9887 2
9888 5
9889 3
9890 5
9891 5
9892 5
9893 1
9894 0
9895 1
9896 0
9897 0
9898 1
9899 1
9900 2
9901 1
9902 1
9903 2
9904 0
9905 0
9906 1
9907 1
9908 1
9909 4
9910 5
9911 2
9912 4
9913 3
9914 4
9915 2
9916 2
9917 2
9918 2
9919 4
9920 0
9921 1
9922 5
9923 4
9924 1
9925 5
9926 6
9927 1
9928 3
9929 3
9930 4
9931 0
9932 3
9933 3
9934 5
9935 1
9936 4
9937 6
9938 2
9939 4
9940 3
9941 2
9942 3
9943 4
9944 3
9945 2
9946 4
9947 3
9948 3
9949 2
9950 0
9951 2
9952 3
9953 3
9954 3
9955 5
9956 3
9957 1
9958 3
9959 3
9960 3
9961 4
9962 4
9963 5
9964 3
9965 3
9966 2
9967 3
9968 3
9969 3
9970 2
9971 2
9972 5
9973 2
9974 4
9975 4
9976 4
9977 6
9978 2
9979 3
9980 3
9981 4
9982 4
9983 1
9984 3
9985 1
9986 5
9987 3
9988 5
9989 3
9990 3
9991 4
9992 2
9993 4
9994 3
9995 3
9996 1
9997 3
9998 1
9999 1
10000 2
10001 2
