0 8
1 8
2 3
3 2
4 4
5 3
6 2
7 3
8 5
9 3
10 0
11 4
12 2
13 2
14 2
15 3
16 2
17 2
18 2
19 3
20 3
21 1
22 0
23 3
24 3
25 2
26 1
27 0
28 5
29 0
30 0
31 2
32 0
33 1
34 3
35 4
36 2
37 0
38 2
39 2
40 4
41 4
42 5
43 3
44 2
45 1
46 1
47 2
48 6
49 0
50 4
51 0
52 1
53 5
54 6
55 1
56 2
57 2
58 0
59 2
60 1
61 0
62 3
63 2
64 1
65 4
66 1
67 3
68 3
69 1
70 2
71 0
72 0
73 2
74 3
75 1
76 1
77 4
78 1
79 2
80 2
81 3
82 4
83 4
84 1
85 1
86 2
87 2
88 1
89 2
90 3
91 3
92 1
93 3
94 1
95 2
96 1
97 0
98 1
99 4
100 3
101 3
102 4
103 2
104 1
105 3
106 5
107 2
108 5
109 1
110 2
111 4
112 3
113 3
114 1
115 3
116 5
117 5
118 2
119 2
120 4
121 1
122 0
123 1
124 2
125 2
126 1
127 1
128 1
129 1
130 1
131 2
132 0
133 1
134 0
135 1
136 3
137 4
138 1
139 2
140 1
141 0
142 0
143 3
144 1
145 2
146 2
147 2
148 0
149 0
150 1
151 1
152 0
153 1
154 3
155 0
156 0
157 0
158 3
159 1
160 1
161 1
162 3
163 1
164 0
165 1
166 2
167 2
168 0
169 1
170 1
171 2
172 2
173 0
174 1
175 3
176 0
177 0
178 2
179 3
180 1
181 1
182 1
183 2
184 0
185 2
186 1
187 1
188 0
189 0
190 2
191 0
192 3
193 1
194 1
195 2
196 2
197 2
198 1
199 0
200 0
201 1
202 3
203 1
204 3
205 1
206 0
207 0
208 1
209 0
210 1
211 2
212 2
213 1
214 1
215 4
216 2
217 1
218 2
219 1
220 3
221 1
222 3
223 3
224 0
225 0
226 1
227 2
228 1
229 1
230 1
231 2
232 2
233 2
234 2
235 1
236 0
237 3
238 2
239 1
240 1
241 2
242 1
243 0
244 1
245 1
246 3
247 2
248 2
249 0
250 2
251 3
252 3
253 2
254 2
255 1
256 1
257 1
258 1
259 1
260 3
261 0
262 2
263 1
264 0
265 0
266 1
267 3
268 1
269 1
270 1
271 0
272 1
273 0
274 0
275 2
276 4
277 3
278 0
279 3
280 1
281 0
282 2
283 0
284 3
285 1
286 0
287 1
288 1
289 1
290 0
291 1
292 3
293 1
294 3
295 1
296 2
297 0
298 1
299 1
300 3
301 4
302 1
303 3
304 1
305 0
306 0
307 2
308 3
309 3
310 4
311 1
312 1
313 0
314 0
315 3
316 2
317 2
318 0
319 0
320 1
321 1
322 3
323 0
324 0
325 1
326 1
327 2
328 2
329 2
330 1
331 1
332 1
333 1
334 2
335 1
336 4
337 1
338 0
339 1
340 0
341 2
342 2
343 0
344 1
345 1
346 3
347 2
348 1
349 3
350 2
351 1
352 1
353 0
354 2
355 1
356 2
357 0
358 0
359 0
360 2
361 0
362 0
363 1
364 0
365 2
366 2
367 3
368 2
369 0
370 1
371 2
372 0
373 2
374 1
375 0
376 2
377 3
378 2
379 0
380 2
381 0
382 2
383 2
384 2
385 0
386 2
387 0
388 3
389 1
390 0
391 1
392 2
393 0
394 2
395 1
396 1
397 1
398 2
399 1
400 1
401 2
402 1
403 2
404 2
405 1
406 4
407 0
408 2
409 0
410 0
411 1
412 0
413 0
414 2
415 0
416 0
417 0
418 0
419 0
420 1
421 2
422 2
423 3
424 2
425 2
426 3
427 3
428 3
429 2
430 1
431 3
432 1
433 1
434 2
435 2
436 4
437 1
438 2
439 2
440 5
441 3
442 2
443 2
444 5
445 2
446 3
447 0
448 3
449 0
450 1
451 2
452 3
453 1
454 2
455 2
456 2
457 2
458 2
459 3
460 0
461 2
462 1
463 1
464 1
465 2
466 0
467 2
468 0
469 1
470 3
471 0
472 0
473 3
474 1
475 3
476 2
477 1
478 1
479 0
480 1
481 1
482 0
483 0
484 2
485 3
486 3
487 2
488 3
489 1
490 2
491 2
492 0
493 1
494 1
495 1
496 0
497 1
498 2
499 1
500 2
501 0
502 1
503 3
504 2
505 0
506 1
507 2
508 3
509 1
510 2
511 2
512 1
513 1
514 0
515 2
516 2
517 0
518 1
519 0
520 1
521 1
522 1
523 3
524 1
525 0
526 2
527 0
528 0
529 2
530 0
531 0
532 1
533 1
534 1
535 1
536 1
537 0
538 1
539 2
540 1
541 1
542 0
543 2
544 1
545 2
546 3
547 1
548 1
549 0
550 2
551 1
552 2
553 1
554 2
555 1
556 1
557 0
558 0
559 1
560 0
561 0
562 1
563 2
564 2
565 1
566 1
567 1
568 0
569 1
570 0
571 0
572 2
573 3
574 2
575 2
576 2
577 1
578 1
579 2
580 1
581 3
582 3
583 2
584 1
585 2
586 2
587 2
588 1
589 0
590 3
591 2
592 0
593 2
594 2
595 3
596 0
597 0
598 3
599 1
600 0
601 2
602 2
603 3
604 1
605 3
606 2
607 0
608 1
609 2
610 1
611 3
612 3
613 1
614 1
615 2
616 3
617 1
618 2
619 2
620 1
621 1
622 2
623 1
624 0
625 0
626 0
627 0
628 1
629 1
630 1
631 0
632 0
633 1
634 3
635 2
636 3
637 0
638 0
639 0
640 2
641 0
642 0
643 0
644 3
645 0
646 1
647 1
648 1
649 1
650 0
651 2
652 1
653 0
654 1
655 2
656 4
657 1
658 2
659 0
660 4
661 3
662 1
663 1
664 1
665 1
666 1
667 2
668 1
669 3
670 0
671 3
672 3
673 2
674 1
675 2
676 0
677 2
678 2
679 4
680 1
681 2
682 0
683 1
684 1
685 1
686 2
687 0
688 1
689 1
690 0
691 1
692 2
693 3
694 0
695 1
696 1
697 1
698 1
699 1
700 2
701 1
702 2
703 1
704 4
705 0
706 1
707 1
708 1
709 1
710 1
711 0
712 0
713 2
714 3
715 0
716 1
717 1
718 1
719 3
720 2
721 1
722 0
723 2
724 2
725 2
726 2
727 0
728 1
729 3
730 2
731 0
732 0
733 1
734 0
735 1
736 0
737 1
738 0
739 4
740 1
741 0
742 2
743 1
744 1
745 0
746 1
747 1
748 2
749 0
750 2
751 1
752 1
753 0
754 0
755 1
756 0
757 1
758 1
759 1
760 2
761 1
762 2
763 0
764 2
765 2
766 1
767 1
768 3
769 2
770 1
771 3
772 3
773 0
774 1
775 1
776 1
777 3
778 1
779 1
780 2
781 0
782 3
783 0
784 2
785 1
786 0
787 0
788 0
789 1
790 0
791 1
792 1
793 2
794 2
795 1
796 0
797 0
798 0
799 0
800 1
801 1
802 1
803 1
804 3
805 0
806 1
807 0
808 1
809 2
810 1
811 2
812 0
813 1
814 1
815 0
816 0
817 1
818 0
819 1
820 1
821 1
822 2
823 1
824 2
825 2
826 3
827 1
828 3
829 0
830 1
831 3
832 2
833 2
834 3
835 2
836 2
837 3
838 2
839 1
840 2
841 2
842 0
843 1
844 1
845 0
846 2
847 3
848 1
849 1
850 1
851 2
852 3
853 0
854 1
855 2
856 3
857 1
858 2
859 3
860 2
861 2
862 1
863 2
864 3
865 2
866 2
867 4
868 2
869 2
870 0
871 4
872 1
873 1
874 1
875 2
876 0
877 3
878 1
879 4
880 2
881 1
882 1
883 2
884 3
885 1
886 2
887 1
888 0
889 3
890 2
891 2
892 0
893 1
894 3
895 0
896 3
897 1
898 2
899 2
900 2
901 2
902 1
903 3
904 2
905 2
906 1
907 2
908 1
909 1
910 4
911 1
912 2
913 0
914 2
915 2
916 3
917 2
918 0
919 1
920 3
921 3
922 1
923 1
924 1
925 0
926 1
927 0
928 0
929 0
930 2
931 1
932 4
933 1
934 1
935 1
936 1
937 4
938 2
939 1
940 2
941 1
942 3
943 4
944 1
945 2
946 1
947 2
948 1
949 2
950 3
951 0
952 1
953 1
954 2
955 3
956 3
957 3
958 1
959 4
960 3
961 1
962 3
963 0
964 2
965 3
966 3
967 5
968 2
969 4
970 2
971 1
972 1
973 1
974 2
975 1
976 3
977 3
978 3
979 3
980 1
981 1
982 2
983 2
984 2
985 1
986 2
987 1
988 1
989 1
990 0
991 3
992 0
993 4
994 5
995 4
996 3
997 2
998 0
999 2
1000 0
1001 1
1002 0
1003 1
1004 2
1005 2
1006 0
1007 3
1008 3
1009 1
1010 1
1011 1
1012 3
1013 2
1014 3
1015 0
1016 2
1017 6
1018 2
1019 3
1020 3
1021 1
1022 1
1023 0
1024 2
1025 3
1026 3
1027 4
1028 2
1029 6
1030 2
1031 1
1032 1
1033 3
1034 1
1035 1
1036 1
1037 0
1038 2
1039 0
1040 1
1041 0
1042 2
1043 3
1044 1
1045 2
1046 0
1047 1
1048 0
1049 2
1050 2
1051 1
1052 2
1053 4
1054 2
1055 3
1056 1
1057 3
1058 3
1059 5
1060 1
1061 3
1062 3
1063 3
1064 4
1065 0
1066 2
1067 2
1068 2
1069 2
1070 4
1071 3
1072 2
1073 2
1074 4
1075 1
1076 5
1077 2
1078 4
1079 2
1080 4
1081 2
1082 2
1083 1
1084 3
1085 1
1086 2
1087 1
1088 2
1089 2
1090 4
1091 2
1092 1
1093 5
1094 5
1095 3
1096 5
1097 4
1098 3
1099 5
1100 2
1101 1
1102 1
1103 2
1104 2
1105 4
1106 1
1107 2
1108 3
1109 4
1110 3
1111 4
1112 2
1113 1
1114 2
1115 2
1116 2
1117 3
1118 2
1119 3
1120 1
1121 4
1122 4
1123 5
1124 5
1125 6
1126 3
1127 5
1128 4
1129 3
1130 3
1131 4
1132 3
1133 2
1134 3
1135 4
1136 5
1137 3
1138 3
1139 8
1140 4
1141 4
1142 4
1143 3
1144 4
1145 3
1146 6
1147 3
1148 5
1149 4
1150 6
1151 0
1152 5
1153 3
1154 2
1155 4
1156 2
1157 4
1158 2
1159 4
1160 1
1161 3
1162 2
1163 5
1164 3
1165 4
1166 1
1167 1
1168 4
1169 4
1170 7
1171 6
1172 2
1173 4
1174 4
1175 5
1176 3
1177 1
1178 7
1179 3
1180 2
1181 2
1182 6
1183 3
1184 3
1185 5
1186 2
1187 3
1188 3
1189 4
1190 3
1191 7
1192 4
1193 1
1194 3
1195 5
1196 7
1197 3
1198 6
1199 4
1200 4
1201 4
1202 3
1203 4
1204 4
1205 6
1206 5
1207 7
1208 4
1209 3
1210 1
1211 3
1212 4
1213 3
1214 4
1215 3
1216 4
1217 1
1218 5
1219 4
1220 2
1221 4
1222 3
1223 1
1224 5
1225 5
1226 7
1227 4
1228 5
1229 3
1230 4
1231 5
1232 6
1233 4
1234 5
1235 3
1236 6
1237 5
1238 6
1239 2
1240 3
1241 4
1242 3
1243 5
1244 1
1245 4
1246 2
1247 6
1248 4
1249 3
1250 4
1251 5
1252 4
1253 6
1254 5
1255 4
1256 2
1257 4
1258 3
1259 3
1260 3
1261 1
1262 2
1263 3
1264 1
1265 3
1266 2
1267 3
1268 1
1269 3
1270 0
1271 2
1272 2
1273 4
1274 4
1275 3
1276 3
1277 3
1278 3
1279 9
1280 2
1281 5
1282 4
1283 3
1284 5
1285 1
1286 2
1287 2
1288 3
1289 3
1290 4
1291 5
1292 2
1293 4
1294 3
1295 5
1296 3
1297 4
1298 6
1299 3
1300 7
1301 3
1302 2
1303 4
1304 4
1305 4
1306 5
1307 5
1308 1
1309 3
1310 4
1311 4
1312 3
1313 2
1314 3
1315 2
1316 3
1317 4
1318 2
1319 5
1320 2
1321 3
1322 4
1323 3
1324 3
1325 3
1326 2
1327 1
1328 5
1329 3
1330 3
1331 0
1332 2
1333 2
1334 5
1335 3
1336 1
1337 0
1338 3
1339 2
1340 3
1341 4
1342 2
1343 2
1344 6
1345 3
1346 3
1347 3
1348 3
1349 5
1350 4
1351 2
1352 3
1353 1
1354 3
1355 1
1356 2
1357 3
1358 2
1359 2
1360 2
1361 3
1362 4
1363 5
1364 3
1365 1
1366 4
1367 4
1368 5
1369 3
1370 3
1371 2
1372 4
1373 1
1374 3
1375 2
1376 1
1377 3
1378 3
1379 2
1380 3
1381 3
1382 4
1383 5
1384 4
1385 0
1386 1
1387 3
1388 3
1389 3
1390 4
1391 5
1392 3
1393 3
1394 5
1395 4
1396 3
1397 1
1398 4
1399 1
1400 7
1401 3
1402 4
1403 4
1404 3
1405 2
1406 3
1407 2
1408 2
1409 3
1410 3
1411 4
1412 3
1413 2
1414 2
1415 4
1416 5
1417 0
1418 2
1419 5
1420 5
1421 2
1422 2
1423 0
1424 2
1425 1
1426 4
1427 2
1428 5
1429 3
1430 2
1431 2
1432 2
1433 1
1434 4
1435 1
1436 2
1437 0
1438 0
1439 1
1440 3
1441 3
1442 1
1443 4
1444 1
1445 2
1446 1
1447 7
1448 3
1449 2
1450 1
1451 3
1452 3
1453 2
1454 5
1455 4
1456 3
1457 0
1458 2
1459 3
1460 1
1461 2
1462 4
1463 2
1464 4
1465 3
1466 2
1467 2
1468 6
1469 4
1470 4
1471 3
1472 4
1473 6
1474 3
1475 2
1476 2
1477 3
1478 2
1479 2
1480 3
1481 1
1482 2
1483 1
1484 2
1485 3
1486 2
1487 3
1488 1
1489 2
1490 6
1491 2
1492 2
1493 4
1494 2
1495 2
1496 0
1497 3
1498 2
1499 0
1500 2
1501 3
1502 1
1503 2
1504 4
1505 3
1506 0
1507 3
1508 1
1509 4
1510 3
1511 1
1512 1
1513 1
1514 2
1515 5
1516 0
1517 0
1518 4
1519 2
1520 2
1521 2
1522 5
1523 2
1524 1
1525 2
1526 5
1527 1
1528 1
1529 2
1530 3
1531 2
1532 1
1533 6
1534 4
1535 2
1536 2
1537 1
1538 1
1539 7
1540 2
1541 3
1542 2
1543 6
1544 2
1545 2
1546 4
1547 1
1548 0
1549 4
1550 2
1551 3
1552 2
1553 3
1554 1
1555 2
1556 3
1557 1
1558 3
1559 4
1560 3
1561 5
1562 2
1563 3
1564 2
1565 5
1566 1
1567 3
1568 3
1569 1
1570 1
1571 0
1572 2
1573 2
1574 3
1575 2
1576 1
1577 2
1578 4
1579 1
1580 2
1581 3
1582 0
1583 4
1584 4
1585 6
1586 4
1587 4
1588 2
1589 3
1590 2
1591 4
1592 4
1593 4
1594 5
1595 0
1596 2
1597 5
1598 4
1599 5
1600 1
1601 7
1602 3
1603 3
1604 2
1605 5
1606 3
1607 3
1608 4
1609 1
1610 1
1611 1
1612 1
1613 0
1614 2
1615 1
1616 1
1617 7
1618 3
1619 4
1620 5
1621 3
1622 0
1623 3
1624 1
1625 3
1626 3
1627 3
1628 2
1629 2
1630 2
1631 2
1632 4
1633 0
1634 2
1635 3
1636 1
1637 2
1638 3
1639 2
1640 2
1641 4
1642 1
1643 3
1644 5
1645 1
1646 3
1647 0
1648 1
1649 3
1650 2
1651 3
1652 2
1653 3
1654 3
1655 1
1656 2
1657 4
1658 3
1659 1
1660 4
1661 0
1662 2
1663 2
1664 2
1665 0
1666 2
1667 2
1668 3
1669 1
1670 3
1671 2
1672 0
1673 3
1674 4
1675 3
1676 2
1677 3
1678 3
1679 0
1680 3
1681 0
1682 4
1683 6
1684 3
1685 0
1686 2
1687 3
1688 2
1689 0
1690 2
1691 2
1692 3
1693 1
1694 1
1695 3
1696 6
1697 4
1698 4
1699 7
1700 3
1701 3
1702 4
1703 3
1704 4
1705 1
1706 2
1707 2
1708 2
1709 2
1710 3
1711 0
1712 2
1713 2
1714 1
1715 1
1716 2
1717 1
1718 3
1719 3
1720 1
1721 3
1722 6
1723 2
1724 1
1725 4
1726 3
1727 2
1728 2
1729 2
1730 5
1731 3
1732 1
1733 2
1734 3
1735 3
1736 2
1737 3
1738 1
1739 2
1740 1
1741 1
1742 3
1743 3
1744 3
1745 2
1746 1
1747 4
1748 1
1749 3
1750 3
1751 2
1752 2
1753 2
1754 2
1755 4
1756 3
1757 5
1758 4
1759 2
1760 2
1761 1
1762 0
1763 2
1764 3
1765 6
1766 4
1767 4
1768 4
1769 3
1770 4
1771 2
1772 2
1773 3
1774 3
1775 3
1776 3
1777 2
1778 2
1779 2
1780 3
1781 3
1782 4
1783 2
1784 3
1785 2
1786 2
1787 2
1788 1
1789 3
1790 0
1791 4
1792 1
1793 2
1794 4
1795 2
1796 3
1797 2
1798 5
1799 4
1800 1
1801 5
1802 6
1803 3
1804 1
1805 4
1806 5
1807 2
1808 5
1809 2
1810 5
1811 4
1812 3
1813 5
1814 2
1815 2
1816 0
1817 2
1818 4
1819 5
1820 4
1821 5
1822 2
1823 3
1824 6
1825 3
1826 2
1827 3
1828 3
1829 4
1830 5
1831 1
1832 2
1833 0
1834 4
1835 4
1836 1
1837 4
1838 3
1839 3
1840 2
1841 2
1842 3
1843 2
1844 2
1845 3
1846 2
1847 1
1848 1
1849 2
1850 2
1851 2
1852 0
1853 1
1854 3
1855 2
1856 1
1857 0
1858 3
1859 5
1860 3
1861 2
1862 1
1863 3
1864 2
1865 1
1866 4
1867 4
1868 0
1869 6
1870 6
1871 3
1872 0
1873 4
1874 4
1875 0
1876 2
1877 2
1878 5
1879 2
1880 3
1881 0
1882 2
1883 1
1884 2
1885 0
1886 0
1887 2
1888 3
1889 3
1890 2
1891 2
1892 3
1893 3
1894 3
1895 3
1896 4
1897 3
1898 2
1899 5
1900 2
1901 8
1902 3
1903 2
1904 3
1905 2
1906 4
1907 4
1908 4
1909 4
1910 1
1911 4
1912 5
1913 3
1914 1
1915 3
1916 1
1917 5
1918 3
1919 4
1920 2
1921 2
1922 2
1923 1
1924 3
1925 4
1926 1
1927 2
1928 5
1929 1
1930 3
1931 1
1932 1
1933 3
1934 2
1935 1
1936 2
1937 3
1938 3
1939 1
1940 3
1941 4
1942 1
1943 4
1944 2
1945 3
1946 5
1947 6
1948 2
1949 6
1950 4
1951 2
1952 2
1953 4
1954 3
1955 2
1956 4
1957 1
1958 3
1959 4
1960 5
1961 3
1962 2
1963 5
1964 4
1965 4
1966 5
1967 5
1968 9
1969 1
1970 5
1971 3
1972 1
1973 2
1974 3
1975 4
1976 3
1977 2
1978 2
1979 6
1980 4
1981 2
1982 5
1983 3
1984 4
1985 3
1986 4
1987 3
1988 4
1989 5
1990 2
1991 1
1992 2
1993 5
1994 4
1995 2
1996 6
1997 3
1998 3
1999 1
2000 3
2001 3
2002 2
2003 1
2004 4
2005 3
2006 4
2007 4
2008 2
2009 1
2010 3
2011 3
2012 5
2013 2
2014 3
2015 1
2016 3
2017 3
2018 4
2019 4
2020 1
2021 1
2022 3
2023 1
2024 1
2025 4
2026 4
2027 2
2028 5
2029 7
2030 3
2031 1
2032 1
2033 8
2034 1
2035 4
2036 3
2037 4
2038 4
2039 2
2040 2
2041 4
2042 2
2043 6
2044 1
2045 2
2046 4
2047 0
2048 4
2049 3
2050 3
2051 3
2052 5
2053 3
2054 4
2055 3
2056 2
2057 4
2058 4
2059 6
2060 2
2061 4
2062 3
2063 2
2064 3
2065 2
2066 2
2067 2
2068 2
2069 0
2070 7
2071 3
2072 5
2073 2
2074 5
2075 2
2076 5
2077 5
2078 5
2079 2
2080 4
2081 2
2082 2
2083 4
2084 5
2085 3
2086 5
2087 1
2088 4
2089 3
2090 2
2091 4
2092 2
2093 1
2094 3
2095 4
2096 2
2097 2
2098 5
2099 2
2100 2
2101 7
2102 1
2103 3
2104 2
2105 1
2106 4
2107 3
2108 0
2109 2
2110 4
2111 3
2112 6
2113 3
2114 2
2115 3
2116 5
2117 4
2118 3
2119 2
2120 0
2121 2
2122 3
2123 1
2124 3
2125 6
2126 4
2127 6
2128 5
2129 3
2130 4
2131 2
2132 5
2133 4
2134 1
2135 2
2136 2
2137 4
2138 3
2139 1
2140 2
2141 4
2142 1
2143 3
2144 2
2145 4
2146 3
2147 1
2148 0
2149 5
2150 4
2151 5
2152 2
2153 3
2154 1
2155 4
2156 7
2157 4
2158 2
2159 6
2160 2
2161 4
2162 4
2163 2
2164 3
2165 1
2166 4
2167 5
2168 2
2169 1
2170 2
2171 3
2172 1
2173 4
2174 3
2175 4
2176 1
2177 1
2178 3
2179 2
2180 2
2181 0
2182 4
2183 3
2184 5
2185 1
2186 0
2187 3
2188 2
2189 3
2190 2
2191 3
2192 5
2193 4
2194 3
2195 3
2196 2
2197 2
2198 4
2199 3
2200 5
2201 2
2202 3
2203 3
2204 4
2205 3
2206 2
2207 2
2208 2
2209 6
2210 5
2211 4
2212 4
2213 4
2214 2
2215 1
2216 3
2217 1
2218 3
2219 1
2220 3
2221 4
2222 5
2223 6
2224 1
2225 4
2226 3
2227 5
2228 3
2229 3
2230 0
2231 3
2232 2
2233 2
2234 1
2235 0
2236 3
2237 3
2238 5
2239 6
2240 5
2241 6
2242 5
2243 5
2244 4
2245 6
2246 3
2247 6
2248 5
2249 6
2250 4
2251 1
2252 1
2253 4
2254 1
2255 5
2256 2
2257 3
2258 2
2259 6
2260 3
2261 5
2262 7
2263 4
2264 4
2265 5
2266 5
2267 3
2268 6
2269 6
2270 6
2271 4
2272 5
2273 3
2274 6
2275 5
2276 4
2277 4
2278 4
2279 6
2280 4
2281 3
2282 6
2283 5
2284 4
2285 4
2286 4
2287 3
2288 3
2289 3
2290 3
2291 5
2292 3
2293 5
2294 2
2295 6
2296 2
2297 4
2298 1
2299 2
2300 2
2301 6
2302 6
2303 7
2304 4
2305 4
2306 5
2307 5
2308 4
2309 2
2310 5
2311 7
2312 6
2313 5
2314 6
2315 4
2316 4
2317 5
2318 4
2319 4
2320 5
2321 4
2322 2
2323 5
2324 4
2325 7
2326 5
2327 1
2328 3
2329 6
2330 4
2331 6
2332 5
2333 5
2334 6
2335 2
2336 3
2337 5
2338 3
2339 5
2340 4
2341 3
2342 5
2343 3
2344 1
2345 3
2346 4
2347 6
2348 3
2349 4
2350 8
2351 3
2352 2
2353 3
2354 3
2355 2
2356 5
2357 3
2358 3
2359 4
2360 3
2361 5
2362 3
2363 3
2364 2
2365 3
2366 2
2367 7
2368 3
2369 1
2370 5
2371 2
2372 1
2373 4
2374 4
2375 3
2376 4
2377 3
2378 2
2379 2
2380 4
2381 3
2382 4
2383 4
2384 2
2385 4
2386 9
2387 6
2388 4
2389 2
2390 4
2391 3
2392 1
2393 7
2394 4
2395 6
2396 4
2397 3
2398 2
2399 6
2400 4
2401 4
2402 1
2403 2
2404 6
2405 5
2406 5
2407 4
2408 3
2409 5
2410 0
2411 2
2412 3
2413 1
2414 2
2415 3
2416 1
2417 3
2418 2
2419 3
2420 1
2421 2
2422 2
2423 5
2424 3
2425 1
2426 3
2427 3
2428 2
2429 1
2430 5
2431 6
2432 3
2433 5
2434 3
2435 2
2436 0
2437 2
2438 3
2439 2
2440 2
2441 6
2442 3
2443 3
2444 5
2445 4
2446 2
2447 2
2448 3
2449 5
2450 5
2451 5
2452 6
2453 2
2454 5
2455 4
2456 4
2457 4
2458 3
2459 3
2460 4
2461 3
2462 6
2463 2
2464 3
2465 4
2466 4
2467 4
2468 3
2469 6
2470 8
2471 4
2472 2
2473 3
2474 4
2475 3
2476 4
2477 0
2478 2
2479 2
2480 3
2481 1
2482 4
2483 3
2484 5
2485 6
2486 4
2487 1
2488 2
2489 0
2490 2
2491 3
2492 3
2493 5
2494 3
2495 5
2496 4
2497 3
2498 2
2499 3
2500 3
2501 2
2502 2
2503 4
2504 4
2505 2
2506 1
2507 3
2508 1
2509 4
2510 1
2511 2
2512 4
2513 2
2514 3
2515 1
2516 2
2517 2
2518 2
2519 3
2520 4
2521 3
2522 2
2523 0
2524 0
2525 3
2526 3
2527 3
2528 1
2529 1
2530 3
2531 2
2532 4
2533 4
2534 3
2535 3
2536 2
2537 4
2538 5
2539 1
2540 5
2541 4
2542 3
2543 3
2544 1
2545 3
2546 1
2547 2
2548 1
2549 1
2550 1
2551 4
2552 1
2553 1
2554 0
2555 4
2556 7
2557 4
2558 6
2559 3
2560 2
2561 3
2562 1
2563 3
2564 4
2565 2
2566 3
2567 1
2568 0
2569 0
2570 2
2571 4
2572 2
2573 6
2574 2
2575 3
2576 1
2577 6
2578 0
2579 0
2580 2
2581 2
2582 2
2583 3
2584 2
2585 3
2586 4
2587 3
2588 1
2589 3
2590 3
2591 2
2592 1
2593 1
2594 2
2595 4
2596 0
2597 3
2598 1
2599 2
2600 4
2601 2
2602 3
2603 2
2604 1
2605 2
2606 2
2607 3
2608 3
2609 2
2610 4
2611 0
2612 2
2613 2
2614 1
2615 3
2616 4
2617 1
2618 0
2619 2
2620 2
2621 2
2622 1
2623 4
2624 2
2625 2
2626 1
2627 1
2628 2
2629 2
2630 0
2631 3
2632 2
2633 2
2634 3
2635 2
2636 4
2637 3
2638 4
2639 1
2640 4
2641 3
2642 2
2643 1
2644 2
2645 3
2646 3
2647 3
2648 1
2649 1
2650 3
2651 2
2652 3
2653 2
2654 3
2655 3
2656 6
2657 2
2658 5
2659 4
2660 1
2661 0
2662 1
2663 1
2664 3
2665 2
2666 1
2667 4
2668 2
2669 3
2670 1
2671 2
2672 1
2673 2
2674 0
2675 0
2676 2
2677 0
2678 0
2679 1
2680 2
2681 2
2682 1
2683 1
2684 2
2685 3
2686 3
2687 4
2688 4
2689 4
2690 0
2691 2
2692 0
2693 1
2694 4
2695 5
2696 5
2697 2
2698 2
2699 2
2700 0
2701 4
2702 0
2703 3
2704 0
2705 2
2706 1
2707 4
2708 4
2709 2
2710 4
2711 1
2712 0
2713 2
2714 2
2715 1
2716 2
2717 2
2718 2
2719 2
2720 1
2721 3
2722 5
2723 1
2724 3
2725 3
2726 0
2727 2
2728 3
2729 1
2730 1
2731 1
2732 1
2733 1
2734 3
2735 0
2736 4
2737 0
2738 0
2739 1
2740 2
2741 1
2742 1
2743 2
2744 2
2745 1
2746 0
2747 1
2748 2
2749 2
2750 0
2751 2
2752 1
2753 1
2754 1
2755 0
2756 3
2757 1
2758 2
2759 2
2760 1
2761 2
2762 3
2763 3
2764 4
2765 2
2766 1
2767 3
2768 5
2769 5
2770 2
2771 0
2772 3
2773 3
2774 1
2775 2
2776 2
2777 7
2778 5
2779 2
2780 3
2781 5
2782 3
2783 6
2784 1
2785 3
2786 4
2787 6
2788 2
2789 7
2790 2
2791 4
2792 4
2793 1
2794 7
2795 7
2796 2
2797 4
2798 5
2799 2
2800 5
2801 4
2802 2
2803 2
2804 5
2805 1
2806 2
2807 4
2808 6
2809 6
2810 4
2811 3
2812 5
2813 3
2814 2
2815 4
2816 4
2817 3
2818 4
2819 3
2820 2
2821 1
2822 5
2823 8
2824 4
2825 4
2826 6
2827 4
2828 2
2829 3
2830 2
2831 2
2832 4
2833 3
2834 4
2835 3
2836 4
2837 2
2838 6
2839 4
2840 1
2841 4
2842 6
2843 4
2844 4
2845 3
2846 2
2847 3
2848 3
2849 3
2850 3
2851 5
2852 3
2853 4
2854 5
2855 3
2856 4
2857 1
2858 4
2859 3
2860 2
2861 4
2862 4
2863 4
2864 5
2865 5
2866 4
2867 4
2868 3
2869 6
2870 3
2871 3
2872 3
2873 3
2874 3
2875 2
2876 2
2877 6
2878 3
2879 1
2880 0
2881 4
2882 4
2883 5
2884 3
2885 2
2886 4
2887 2
2888 4
2889 4
2890 6
2891 2
2892 5
2893 5
2894 2
2895 5
2896 5
2897 4
2898 2
2899 3
2900 3
2901 4
2902 5
2903 2
2904 3
2905 3
2906 4
2907 2
2908 5
2909 3
2910 2
2911 4
2912 4
2913 3
2914 2
2915 1
2916 3
2917 3
2918 4
2919 6
2920 4
2921 2
2922 5
2923 3
2924 5
2925 5
2926 4
2927 4
2928 3
2929 2
2930 5
2931 4
2932 4
2933 2
2934 3
2935 7
2936 6
2937 2
2938 4
2939 1
2940 9
2941 4
2942 4
2943 6
2944 5
2945 4
2946 6
2947 3
2948 2
2949 5
2950 5
2951 3
2952 1
2953 2
2954 3
2955 4
2956 2
2957 4
2958 6
2959 4
2960 3
2961 2
2962 2
2963 3
2964 2
2965 4
2966 4
2967 4
2968 4
2969 2
2970 3
2971 2
2972 5
2973 5
2974 5
2975 4
2976 1
2977 6
2978 5
2979 3
2980 3
2981 3
2982 3
2983 6
2984 3
2985 3
2986 1
2987 0
2988 5
2989 7
2990 4
2991 3
2992 3
2993 4
2994 2
2995 2
2996 3
2997 2
2998 2
2999 4
3000 4
3001 3
3002 5
3003 2
3004 2
3005 4
3006 3
3007 5
3008 3
3009 4
3010 3
3011 1
3012 0
3013 0
3014 4
3015 0
3016 2
3017 0
3018 5
3019 1
3020 4
3021 1
3022 2
3023 4
3024 1
3025 1
3026 4
3027 2
3028 4
3029 4
3030 3
3031 4
3032 7
3033 4
3034 3
3035 1
3036 2
3037 6
3038 2
3039 3
3040 2
3041 4
3042 0
3043 2
3044 2
3045 2
3046 3
3047 5
3048 3
3049 5
3050 4
3051 5
3052 4
3053 5
3054 2
3055 1
3056 5
3057 2
3058 4
3059 4
3060 3
3061 2
3062 4
3063 1
3064 2
3065 2
3066 2
3067 5
3068 2
3069 1
3070 5
3071 5
3072 2
3073 3
3074 5
3075 3
3076 4
3077 4
3078 2
3079 1
3080 7
3081 4
3082 5
3083 5
3084 4
3085 3
3086 4
3087 3
3088 5
3089 4
3090 5
3091 3
3092 2
3093 0
3094 4
3095 2
3096 5
3097 6
3098 6
3099 3
3100 3
3101 2
3102 2
3103 4
3104 1
3105 3
3106 1
3107 5
3108 1
3109 4
3110 5
3111 5
3112 2
3113 2
3114 2
3115 7
3116 3
3117 5
3118 3
3119 7
3120 3
3121 3
3122 5
3123 2
3124 3
3125 0
3126 2
3127 1
3128 0
3129 2
3130 5
3131 3
3132 5
3133 1
3134 5
3135 3
3136 0
3137 2
3138 3
3139 5
3140 2
3141 3
3142 3
3143 5
3144 3
3145 5
3146 4
3147 2
3148 3
3149 4
3150 4
3151 3
3152 4
3153 2
3154 1
3155 2
3156 4
3157 1
3158 3
3159 4
3160 4
3161 2
3162 1
3163 3
3164 1
3165 3
3166 3
3167 4
3168 4
3169 1
3170 0
3171 1
3172 2
3173 4
3174 0
3175 2
3176 3
3177 1
3178 1
3179 2
3180 2
3181 2
3182 4
3183 3
3184 2
3185 3
3186 3
3187 1
3188 2
3189 5
3190 4
3191 1
3192 2
3193 2
3194 2
3195 1
3196 1
3197 3
3198 1
3199 5
3200 2
3201 1
3202 3
3203 2
3204 3
3205 2
3206 3
3207 0
3208 3
3209 6
3210 3
3211 1
3212 3
3213 3
3214 1
3215 2
3216 2
3217 3
3218 2
3219 2
3220 3
3221 4
3222 2
3223 2
3224 3
3225 1
3226 3
3227 2
3228 0
3229 1
3230 1
3231 1
3232 4
3233 1
3234 3
3235 2
3236 3
3237 3
3238 3
3239 2
3240 1
3241 2
3242 1
3243 1
3244 2
3245 2
3246 2
3247 6
3248 5
3249 4
3250 2
3251 3
3252 5
3253 5
3254 2
3255 2
3256 2
3257 1
3258 3
3259 3
3260 4
3261 3
3262 4
3263 3
3264 1
3265 1
3266 3
3267 4
3268 0
3269 3
3270 1
3271 3
3272 3
3273 0
3274 0
3275 2
3276 4
3277 1
3278 3
3279 6
3280 3
3281 1
3282 1
3283 0
3284 1
3285 2
3286 1
3287 3
3288 4
3289 0
3290 0
3291 3
3292 3
3293 3
3294 4
3295 2
3296 0
3297 5
3298 3
3299 3
3300 2
3301 2
3302 1
3303 1
3304 2
3305 3
3306 2
3307 0
3308 2
3309 2
3310 4
3311 2
3312 4
3313 2
3314 1
3315 4
3316 4
3317 3
3318 2
3319 2
3320 4
3321 3
3322 6
3323 1
3324 4
3325 2
3326 3
3327 0
3328 3
3329 0
3330 5
3331 3
3332 1
3333 6
3334 3
3335 2
3336 0
3337 2
3338 3
3339 2
3340 1
3341 3
3342 0
3343 5
3344 4
3345 2
3346 3
3347 3
3348 2
3349 3
3350 2
3351 6
3352 2
3353 1
3354 3
3355 4
3356 2
3357 3
3358 2
3359 2
3360 1
3361 2
3362 4
3363 3
3364 2
3365 3
3366 2
3367 1
3368 2
3369 3
3370 1
3371 4
3372 1
3373 5
3374 4
3375 4
3376 1
3377 3
3378 3
3379 3
3380 6
3381 2
3382 2
3383 2
3384 3
3385 3
3386 7
3387 3
3388 4
3389 3
3390 0
3391 4
3392 1
3393 5
3394 4
3395 0
3396 1
3397 1
3398 2
3399 2
3400 1
3401 1
3402 2
3403 1
3404 2
3405 1
3406 4
3407 3
3408 3
3409 0
3410 5
3411 1
3412 3
3413 2
3414 1
3415 4
3416 2
3417 1
3418 1
3419 2
3420 1
3421 0
3422 2
3423 3
3424 0
3425 1
3426 1
3427 2
3428 0
3429 0
3430 3
3431 2
3432 2
3433 2
3434 3
3435 2
3436 4
3437 1
3438 0
3439 2
3440 2
3441 3
3442 2
3443 0
3444 4
3445 3
3446 3
3447 1
3448 5
3449 3
3450 3
3451 6
3452 3
3453 5
3454 4
3455 4
3456 3
3457 3
3458 0
3459 1
3460 1
3461 0
3462 1
3463 1
3464 2
3465 5
3466 2
3467 3
3468 3
3469 2
3470 2
3471 4
3472 1
3473 6
3474 6
3475 5
3476 3
3477 1
3478 2
3479 3
3480 3
3481 2
3482 1
3483 2
3484 3
3485 1
3486 3
3487 1
3488 3
3489 2
3490 3
3491 0
3492 0
3493 2
3494 3
3495 2
3496 2
3497 3
3498 1
3499 4
3500 0
3501 4
3502 0
3503 2
3504 1
3505 0
3506 3
3507 0
3508 1
3509 2
3510 5
3511 3
3512 2
3513 1
3514 2
3515 3
3516 3
3517 3
3518 4
3519 2
3520 1
3521 4
3522 5
3523 2
3524 0
3525 2
3526 4
3527 3
3528 5
3529 0
3530 4
3531 3
3532 3
3533 2
3534 2
3535 1
3536 3
3537 2
3538 3
3539 4
3540 3
3541 2
3542 3
3543 5
3544 4
3545 3
3546 6
3547 6
3548 1
3549 3
3550 1
3551 3
3552 1
3553 2
3554 1
3555 2
3556 2
3557 1
3558 0
3559 3
3560 2
3561 2
3562 2
3563 0
3564 0
3565 2
3566 2
3567 2
3568 1
3569 1
3570 3
3571 2
3572 0
3573 1
3574 0
3575 0
3576 1
3577 1
3578 1
3579 0
3580 2
3581 2
3582 1
3583 2
3584 2
3585 0
3586 2
3587 0
3588 2
3589 0
3590 1
3591 2
3592 0
3593 2
3594 1
3595 4
3596 1
3597 1
3598 1
3599 3
3600 2
3601 2
3602 1
3603 1
3604 2
3605 3
3606 1
3607 1
3608 2
3609 2
3610 0
3611 0
3612 1
3613 1
3614 1
3615 2
3616 1
3617 2
3618 1
3619 1
3620 1
3621 2
3622 0
3623 2
3624 2
3625 2
3626 1
3627 2
3628 1
3629 2
3630 0
3631 2
3632 2
3633 2
3634 3
3635 2
3636 1
3637 1
3638 1
3639 2
3640 1
3641 0
3642 4
3643 3
3644 4
3645 2
3646 0
3647 2
3648 4
3649 3
3650 3
3651 4
3652 1
3653 3
3654 1
3655 2
3656 2
3657 3
3658 3
3659 3
3660 1
3661 1
3662 4
3663 2
3664 2
3665 4
3666 2
3667 1
3668 2
3669 0
3670 6
3671 1
3672 1
3673 2
3674 2
3675 1
3676 2
3677 2
3678 1
3679 3
3680 3
3681 1
3682 3
3683 3
3684 1
3685 2
3686 2
3687 3
3688 3
3689 3
3690 1
3691 0
3692 0
3693 4
3694 1
3695 2
3696 4
3697 5
3698 1
3699 1
3700 5
3701 2
3702 1
3703 2
3704 2
3705 2
3706 4
3707 1
3708 4
3709 3
3710 2
3711 3
3712 4
3713 4
3714 2
3715 5
3716 2
3717 0
3718 3
3719 5
3720 1
3721 3
3722 4
3723 2
3724 3
3725 2
3726 5
3727 6
3728 4
3729 3
3730 4
3731 1
3732 2
3733 4
3734 4
3735 4
3736 2
3737 4
3738 2
3739 4
3740 1
3741 3
3742 4
3743 2
3744 2
3745 2
3746 4
3747 4
3748 1
3749 6
3750 3
3751 6
3752 3
3753 1
3754 3
3755 1
3756 4
3757 4
3758 3
3759 2
3760 3
3761 3
3762 1
3763 1
3764 1
3765 3
3766 2
3767 3
3768 1
3769 3
3770 2
3771 3
3772 6
3773 4
3774 2
3775 3
3776 4
3777 3
3778 2
3779 0
3780 3
3781 7
3782 6
3783 4
3784 4
3785 1
3786 3
3787 2
3788 2
3789 0
3790 4
3791 2
3792 2
3793 2
3794 1
3795 3
3796 4
3797 1
3798 4
3799 2
3800 3
3801 5
3802 1
3803 1
3804 5
3805 3
3806 1
3807 4
3808 4
3809 1
3810 1
3811 2
3812 2
3813 2
3814 4
3815 4
3816 1
3817 3
3818 3
3819 2
3820 5
3821 5
3822 2
3823 5
3824 2
3825 4
3826 3
3827 3
3828 5
3829 0
3830 3
3831 3
3832 4
3833 2
3834 2
3835 1
3836 4
3837 1
3838 3
3839 4
3840 3
3841 4
3842 4
3843 1
3844 2
3845 4
3846 5
3847 2
3848 1
3849 1
3850 1
3851 3
3852 1
3853 3
3854 3
3855 2
3856 0
3857 2
3858 0
3859 2
3860 2
3861 2
3862 2
3863 1
3864 0
3865 1
3866 1
3867 2
3868 0
3869 2
3870 2
3871 1
3872 0
3873 3
3874 2
3875 0
3876 3
3877 4
3878 1
3879 3
3880 1
3881 1
3882 0
3883 1
3884 3
3885 0
3886 1
3887 1
3888 2
3889 1
3890 2
3891 3
3892 4
3893 3
3894 1
3895 2
3896 2
3897 1
3898 2
3899 4
3900 4
3901 4
3902 3
3903 3
3904 3
3905 1
3906 1
3907 1
3908 2
3909 0
3910 2
3911 1
3912 2
3913 1
3914 3
3915 3
3916 3
3917 3
3918 1
3919 1
3920 4
3921 3
3922 2
3923 2
3924 2
3925 1
3926 1
3927 4
3928 1
3929 1
3930 1
3931 0
3932 1
3933 1
3934 2
3935 3
3936 4
3937 2
3938 2
3939 3
3940 2
3941 4
3942 5
3943 1
3944 2
3945 2
3946 3
3947 3
3948 3
3949 3
3950 5
3951 4
3952 4
3953 3
3954 3
3955 2
3956 2
3957 0
3958 2
3959 5
3960 3
3961 4
3962 1
3963 4
3964 4
3965 4
3966 1
3967 1
3968 1
3969 1
3970 2
3971 3
3972 2
3973 3
3974 2
3975 3
3976 3
3977 4
3978 2
3979 0
3980 2
3981 3
3982 1
3983 2
3984 1
3985 2
3986 1
3987 2
3988 4
3989 2
3990 1
3991 4
3992 1
3993 0
3994 1
3995 4
3996 2
3997 2
3998 2
3999 2
4000 2
4001 5
4002 1
4003 4
4004 0
4005 2
4006 4
4007 3
4008 4
4009 0
4010 5
4011 4
4012 1
4013 2
4014 0
4015 2
4016 2
4017 0
4018 1
4019 1
4020 3
4021 3
4022 3
4023 3
4024 1
4025 2
4026 3
4027 2
4028 1
4029 0
4030 2
4031 2
4032 4
4033 2
4034 3
4035 3
4036 1
4037 3
4038 3
4039 3
4040 2
4041 2
4042 0
4043 1
4044 3
4045 1
4046 1
4047 2
4048 0
4049 1
4050 6
4051 4
4052 4
4053 3
4054 2
4055 1
4056 1
4057 2
4058 3
4059 4
4060 4
4061 2
4062 0
4063 4
4064 4
4065 0
4066 2
4067 2
4068 5
4069 3
4070 1
4071 1
4072 5
4073 2
4074 2
4075 5
4076 1
4077 3
4078 3
4079 5
4080 2
4081 0
4082 2
4083 2
4084 1
4085 1
4086 2
4087 5
4088 2
4089 4
4090 5
4091 1
4092 1
4093 6
4094 1
4095 1
4096 5
4097 1
4098 1
4099 4
4100 1
4101 3
4102 2
4103 2
4104 1
4105 3
4106 2
4107 5
4108 2
4109 2
4110 2
4111 2
4112 1
4113 2
4114 1
4115 1
4116 3
4117 2
4118 1
4119 0
4120 3
4121 1
4122 1
4123 2
4124 2
4125 1
4126 1
4127 0
4128 3
4129 0
4130 1
4131 1
4132 2
4133 1
4134 1
4135 2
4136 3
4137 2
4138 1
4139 2
4140 0
4141 3
4142 1
4143 1
4144 1
4145 2
4146 1
4147 3
4148 1
4149 0
4150 2
4151 2
4152 1
4153 0
4154 5
4155 2
4156 3
4157 4
4158 4
4159 2
4160 2
4161 2
4162 2
4163 4
4164 1
4165 1
4166 1
4167 2
4168 4
4169 3
4170 0
4171 2
4172 3
4173 2
4174 2
4175 4
4176 4
4177 5
4178 5
4179 4
4180 4
4181 1
4182 1
4183 4
4184 2
4185 3
4186 3
4187 3
4188 2
4189 4
4190 6
4191 3
4192 5
4193 2
4194 5
4195 3
4196 3
4197 2
4198 3
4199 3
4200 3
4201 2
4202 1
4203 3
4204 4
4205 1
4206 4
4207 5
4208 3
4209 9
4210 1
4211 2
4212 4
4213 1
4214 3
4215 2
4216 5
4217 3
4218 3
4219 2
4220 1
4221 3
4222 4
4223 2
4224 3
4225 3
4226 2
4227 3
4228 0
4229 3
4230 4
4231 1
4232 1
4233 2
4234 3
4235 3
4236 4
4237 1
4238 2
4239 0
4240 3
4241 3
4242 3
4243 5
4244 3
4245 4
4246 4
4247 3
4248 2
4249 3
4250 5
4251 4
4252 3
4253 5
4254 4
4255 3
4256 3
4257 3
4258 2
4259 1
4260 3
4261 4
4262 6
4263 2
4264 4
4265 4
4266 3
4267 4
4268 4
4269 6
4270 3
4271 1
4272 4
4273 5
4274 2
4275 3
4276 1
4277 2
4278 3
4279 4
4280 7
4281 5
4282 5
4283 1
4284 4
4285 3
4286 5
4287 4
4288 6
4289 1
4290 6
4291 2
4292 3
4293 0
4294 4
4295 1
4296 2
4297 2
4298 3
4299 3
4300 6
4301 2
4302 3
4303 4
4304 5
4305 4
4306 4
4307 4
4308 1
4309 6
4310 3
4311 1
4312 3
4313 3
4314 2
4315 2
4316 3
4317 2
4318 3
4319 4
4320 1
4321 3
4322 1
4323 2
4324 5
4325 3
4326 2
4327 1
4328 3
4329 4
4330 5
4331 4
4332 2
4333 2
4334 2
4335 2
4336 8
4337 2
4338 4
4339 6
4340 3
4341 3
4342 4
4343 3
4344 3
4345 3
4346 2
4347 7
4348 6
4349 4
4350 4
4351 3
4352 4
4353 3
4354 5
4355 3
4356 1
4357 5
4358 1
4359 2
4360 2
4361 4
4362 3
4363 2
4364 4
4365 0
4366 1
4367 3
4368 5
4369 3
4370 3
4371 3
4372 4
4373 4
4374 3
4375 3
4376 1
4377 3
4378 1
4379 1
4380 2
4381 4
4382 3
4383 3
4384 4
4385 4
4386 2
4387 2
4388 4
4389 4
4390 2
4391 7
4392 3
4393 3
4394 2
4395 3
4396 3
4397 3
4398 3
4399 1
4400 2
4401 3
4402 2
4403 2
4404 4
4405 2
4406 3
4407 3
4408 3
4409 3
4410 3
4411 3
4412 3
4413 1
4414 4
4415 2
4416 4
4417 5
4418 3
4419 3
4420 2
4421 4
4422 3
4423 3
4424 4
4425 6
4426 6
4427 4
4428 4
4429 3
4430 4
4431 3
4432 2
4433 2
4434 2
4435 0
4436 1
4437 5
4438 2
4439 2
4440 4
4441 2
4442 3
4443 3
4444 6
4445 6
4446 2
4447 2
4448 5
4449 6
4450 3
4451 2
4452 1
4453 4
4454 4
4455 3
4456 3
4457 6
4458 3
4459 2
4460 2
4461 2
4462 1
4463 4
4464 4
4465 3
4466 3
4467 1
4468 4
4469 0
4470 2
4471 4
4472 4
4473 4
4474 3
4475 0
4476 2
4477 3
4478 1
4479 4
4480 2
4481 1
4482 2
4483 0
4484 4
4485 4
4486 2
4487 2
4488 1
4489 1
4490 0
4491 0
4492 1
4493 4
4494 1
4495 5
4496 5
4497 5
4498 2
4499 0
4500 4
4501 4
4502 4
4503 4
4504 4
4505 1
4506 0
4507 0
4508 3
4509 2
4510 0
4511 2
4512 5
4513 2
4514 1
4515 7
4516 2
4517 3
4518 5
4519 5
4520 3
4521 2
4522 2
4523 2
4524 5
4525 2
4526 2
4527 3
4528 3
4529 3
4530 0
4531 2
4532 4
4533 1
4534 1
4535 4
4536 5
4537 8
4538 1
4539 4
4540 3
4541 7
4542 1
4543 2
4544 3
4545 2
4546 1
4547 3
4548 4
4549 2
4550 2
4551 2
4552 3
4553 2
4554 2
4555 1
4556 5
4557 2
4558 1
4559 5
4560 4
4561 2
4562 2
4563 2
4564 1
4565 4
4566 2
4567 1
4568 2
4569 2
4570 1
4571 2
4572 0
4573 1
4574 2
4575 4
4576 3
4577 2
4578 1
4579 2
4580 4
4581 3
4582 5
4583 3
4584 3
4585 4
4586 5
4587 3
4588 4
4589 4
4590 3
4591 5
4592 5
4593 4
4594 2
4595 4
4596 3
4597 3
4598 2
4599 2
4600 5
4601 1
4602 5
4603 4
4604 3
4605 6
4606 3
4607 2
4608 4
4609 3
4610 7
4611 4
4612 4
4613 5
4614 2
4615 5
4616 1
4617 2
4618 3
4619 4
4620 1
4621 1
4622 3
4623 3
4624 6
4625 5
4626 5
4627 4
4628 7
4629 4
4630 4
4631 4
4632 4
4633 3
4634 7
4635 3
4636 6
4637 5
4638 3
4639 2
4640 5
4641 1
4642 3
4643 2
4644 2
4645 5
4646 4
4647 6
4648 5
4649 3
4650 5
4651 4
4652 3
4653 1
4654 3
4655 6
4656 3
4657 5
4658 2
4659 4
4660 2
4661 1
4662 4
4663 5
4664 2
4665 3
4666 0
4667 3
4668 3
4669 2
4670 3
4671 5
4672 7
4673 6
4674 3
4675 3
4676 4
4677 5
4678 5
4679 1
4680 5
4681 3
4682 3
4683 3
4684 1
4685 1
4686 3
4687 2
4688 4
4689 3
4690 0
4691 4
4692 3
4693 4
4694 4
4695 4
4696 3
4697 0
4698 3
4699 4
4700 1
4701 2
4702 2
4703 1
4704 1
4705 1
4706 2
4707 2
4708 1
4709 1
4710 3
4711 2
4712 0
4713 1
4714 3
4715 3
4716 3
4717 3
4718 6
4719 1
4720 4
4721 2
4722 4
4723 1
4724 2
4725 0
4726 5
4727 1
4728 1
4729 2
4730 3
4731 3
4732 4
4733 0
4734 3
4735 0
4736 2
4737 5
4738 2
4739 3
4740 4
4741 4
4742 3
4743 2
4744 1
4745 2
4746 2
4747 1
4748 4
4749 2
4750 4
4751 0
4752 2
4753 2
4754 1
4755 1
4756 1
4757 0
4758 2
4759 1
4760 2
4761 0
4762 0
4763 3
4764 2
4765 2
4766 2
4767 3
4768 1
4769 3
4770 4
4771 2
4772 3
4773 4
4774 5
4775 5
4776 3
4777 1
4778 1
4779 1
4780 1
4781 2
4782 3
4783 1
4784 4
4785 7
4786 4
4787 5
4788 1
4789 1
4790 1
4791 4
4792 4
4793 2
4794 3
4795 4
4796 6
4797 0
4798 2
4799 4
4800 3
4801 2
4802 4
4803 4
4804 2
4805 3
4806 3
4807 4
4808 6
4809 1
4810 4
4811 2
4812 0
4813 1
4814 4
4815 0
4816 2
4817 2
4818 2
4819 4
4820 2
4821 1
4822 1
4823 1
4824 4
4825 1
4826 4
4827 0
4828 4
4829 2
4830 5
4831 0
4832 1
4833 4
4834 2
4835 6
4836 5
4837 6
4838 3
4839 3
4840 2
4841 4
4842 6
4843 2
4844 5
4845 5
4846 5
4847 2
4848 1
4849 3
4850 5
4851 3
4852 3
4853 3
4854 5
4855 5
4856 3
4857 3
4858 2
4859 3
4860 8
4861 2
4862 0
4863 2
4864 3
4865 1
4866 5
4867 2
4868 5
4869 1
4870 3
4871 3
4872 4
4873 3
4874 2
4875 2
4876 0
4877 1
4878 3
4879 3
4880 2
4881 0
4882 5
4883 2
4884 1
4885 2
4886 3
4887 0
4888 1
4889 2
4890 2
4891 4
4892 2
4893 3
4894 2
4895 2
4896 2
4897 2
4898 2
4899 2
4900 0
4901 2
4902 2
4903 2
4904 1
4905 2
4906 3
4907 2
4908 2
4909 3
4910 0
4911 2
4912 0
4913 2
4914 1
4915 0
4916 1
4917 3
4918 0
4919 2
4920 2
4921 2
4922 3
4923 1
4924 0
4925 5
4926 4
4927 2
4928 4
4929 0
4930 3
4931 0
4932 1
4933 2
4934 0
4935 4
4936 2
4937 2
4938 2
4939 0
4940 2
4941 2
4942 2
4943 2
4944 2
4945 1
4946 2
4947 3
4948 3
4949 5
4950 5
4951 1
4952 1
4953 1
4954 0
4955 1
4956 7
4957 3
4958 6
4959 4
4960 1
4961 0
4962 2
4963 1
4964 1
4965 4
4966 2
4967 3
4968 4
4969 1
4970 4
4971 1
4972 3
4973 1
4974 1
4975 2
4976 1
4977 0
4978 2
4979 3
4980 2
4981 2
4982 0
4983 1
4984 1
4985 1
4986 3
4987 3
4988 3
4989 0
4990 3
4991 1
4992 4
4993 3
4994 0
4995 0
4996 4
4997 4
4998 3
4999 6
5000 4
5001 2
5002 2
5003 4
5004 2
5005 3
5006 3
5007 2
5008 1
5009 4
5010 3
5011 3
5012 2
5013 4
5014 3
5015 1
5016 3
5017 4
5018 1
5019 2
5020 1
5021 1
5022 4
5023 0
5024 1
5025 4
5026 5
5027 0
5028 2
5029 2
5030 1
5031 0
5032 1
5033 1
5034 3
5035 2
5036 0
5037 3
5038 3
5039 2
5040 3
5041 1
5042 0
5043 2
5044 0
5045 2
5046 1
5047 1
5048 0
5049 2
5050 3
5051 0
5052 0
5053 3
5054 2
5055 1
5056 2
5057 1
5058 2
5059 2
5060 1
5061 2
5062 3
5063 3
5064 3
5065 1
5066 2
5067 2
5068 0
5069 1
5070 3
5071 1
5072 0
5073 1
5074 2
5075 2
5076 1
5077 2
5078 2
5079 0
5080 0
5081 2
5082 4
5083 1
5084 0
5085 4
5086 1
5087 3
5088 1
5089 6
5090 1
5091 3
5092 2
5093 2
5094 2
5095 3
5096 5
5097 3
5098 3
5099 3
5100 1
5101 1
5102 1
5103 2
5104 0
5105 2
5106 4
5107 3
5108 2
5109 0
5110 3
5111 0
5112 4
5113 1
5114 0
5115 2
5116 1
5117 2
5118 1
5119 2
5120 1
5121 2
5122 6
5123 1
5124 3
5125 2
5126 3
5127 1
5128 5
5129 3
5130 0
5131 1
5132 4
5133 4
5134 4
5135 1
5136 2
5137 3
5138 1
5139 2
5140 2
5141 2
5142 1
5143 2
5144 4
5145 1
5146 2
5147 2
5148 2
5149 0
5150 2
5151 2
5152 0
5153 1
5154 0
5155 2
5156 1
5157 2
5158 1
5159 1
5160 4
5161 2
5162 1
5163 3
5164 1
5165 0
5166 0
5167 3
5168 1
5169 3
5170 2
5171 2
5172 2
5173 3
5174 2
5175 0
5176 1
5177 2
5178 0
5179 2
5180 0
5181 3
5182 3
5183 4
5184 4
5185 2
5186 3
5187 2
5188 1
5189 2
5190 0
5191 3
5192 0
5193 2
5194 3
5195 1
5196 1
5197 2
5198 0
5199 1
5200 1
5201 4
5202 1
5203 5
5204 2
5205 1
5206 3
5207 1
5208 0
5209 1
5210 1
5211 0
5212 1
5213 1
5214 2
5215 1
5216 0
5217 1
5218 3
5219 4
5220 0
5221 1
5222 3
5223 2
5224 2
5225 2
5226 1
5227 1
5228 0
5229 2
5230 2
5231 2
5232 3
5233 3
5234 2
5235 3
5236 4
5237 3
5238 3
5239 3
5240 2
5241 4
5242 1
5243 1
5244 2
5245 1
5246 1
5247 2
5248 2
5249 5
5250 0
5251 2
5252 3
5253 1
5254 3
5255 2
5256 5
5257 3
5258 3
5259 3
5260 2
5261 3
5262 1
5263 3
5264 3
5265 2
5266 1
5267 2
5268 5
5269 7
5270 3
5271 2
5272 3
5273 4
5274 1
5275 4
5276 3
5277 2
5278 5
5279 4
5280 3
5281 2
5282 4
5283 1
5284 4
5285 1
5286 1
5287 1
5288 1
5289 0
5290 3
5291 3
5292 1
5293 4
5294 2
5295 1
5296 2
5297 1
5298 2
5299 2
5300 2
5301 3
5302 1
5303 3
5304 0
5305 1
5306 1
5307 2
5308 1
5309 3
5310 2
5311 6
5312 1
5313 1
5314 3
5315 0
5316 0
5317 5
5318 3
5319 3
5320 1
5321 3
5322 4
5323 2
5324 2
5325 2
5326 2
5327 2
5328 1
5329 2
5330 1
5331 1
5332 3
5333 4
5334 3
5335 2
5336 4
5337 5
5338 2
5339 2
5340 5
5341 1
5342 1
5343 2
5344 3
5345 5
5346 3
5347 2
5348 4
5349 3
5350 0
5351 1
5352 3
5353 4
5354 1
5355 4
5356 1
5357 1
5358 3
5359 6
5360 1
5361 0
5362 2
5363 2
5364 3
5365 2
5366 2
5367 5
5368 2
5369 1
5370 1
5371 3
5372 3
5373 1
5374 1
5375 1
5376 4
5377 2
5378 0
5379 3
5380 2
5381 3
5382 3
5383 1
5384 1
5385 0
5386 2
5387 0
5388 0
5389 3
5390 1
5391 0
5392 0
5393 2
5394 1
5395 1
5396 2
5397 1
5398 3
5399 2
5400 0
5401 0
5402 1
5403 1
5404 3
5405 2
5406 2
5407 1
5408 1
5409 0
5410 1
5411 1
5412 1
5413 1
5414 0
5415 1
5416 2
5417 0
5418 0
5419 1
5420 2
5421 0
5422 2
5423 0
5424 2
5425 0
5426 3
5427 1
5428 2
5429 0
5430 4
5431 1
5432 3
5433 2
5434 3
5435 1
5436 3
5437 2
5438 1
5439 0
5440 2
5441 0
5442 0
5443 2
5444 2
5445 0
5446 1
5447 1
5448 1
5449 2
5450 0
5451 2
5452 0
5453 0
5454 0
5455 0
5456 1
5457 0
5458 1
5459 1
5460 0
5461 1
5462 1
5463 1
5464 2
5465 1
5466 0
5467 3
5468 1
5469 2
5470 2
5471 2
5472 2
5473 1
5474 1
5475 1
5476 0
5477 1
5478 1
5479 2
5480 2
5481 2
5482 0
5483 1
5484 2
5485 1
5486 1
5487 0
5488 0
5489 1
5490 1
5491 0
5492 2
5493 1
5494 0
5495 1
5496 1
5497 3
5498 0
5499 2
5500 1
5501 2
5502 1
5503 0
5504 1
5505 1
5506 2
5507 3
5508 0
5509 1
5510 0
5511 0
5512 0
5513 0
5514 2
5515 1
5516 2
5517 0
5518 2
5519 1
5520 2
5521 1
5522 1
5523 1
5524 0
5525 2
5526 0
5527 0
5528 3
5529 1
5530 2
5531 0
5532 3
5533 1
5534 2
5535 1
5536 1
5537 2
5538 1
5539 0
5540 0
5541 0
5542 1
5543 1
5544 2
5545 0
5546 0
5547 0
5548 0
5549 0
5550 2
5551 0
5552 0
5553 1
5554 2
5555 0
5556 0
5557 0
5558 0
5559 0
5560 2
5561 1
5562 1
5563 2
5564 0
5565 0
5566 0
5567 1
5568 2
5569 1
5570 2
5571 1
5572 0
5573 0
5574 2
5575 2
5576 3
5577 0
5578 0
5579 1
5580 1
5581 1
5582 0
5583 1
5584 0
5585 0
5586 2
5587 1
5588 0
5589 2
5590 0
5591 0
5592 1
5593 0
5594 2
5595 0
5596 1
5597 0
5598 0
5599 2
5600 2
5601 0
5602 0
5603 1
5604 0
5605 3
5606 0
5607 2
5608 0
5609 0
5610 0
5611 2
5612 1
5613 0
5614 4
5615 0
5616 0
5617 2
5618 1
5619 0
5620 1
5621 1
5622 2
5623 0
5624 0
5625 0
5626 0
5627 1
5628 0
5629 2
5630 2
5631 2
5632 2
5633 2
5634 2
5635 0
5636 3
5637 1
5638 5
5639 2
5640 2
5641 2
5642 1
5643 2
5644 1
5645 2
5646 5
5647 3
5648 3
5649 1
5650 1
5651 0
5652 3
5653 3
5654 3
5655 0
5656 0
5657 4
5658 1
5659 1
5660 0
5661 1
5662 3
5663 2
5664 2
5665 1
5666 2
5667 3
5668 4
5669 2
5670 2
5671 1
5672 1
5673 2
5674 3
5675 3
5676 3
5677 1
5678 1
5679 2
5680 2
5681 1
5682 3
5683 1
5684 4
5685 1
5686 2
5687 2
5688 1
5689 1
5690 2
5691 3
5692 1
5693 4
5694 3
5695 1
5696 3
5697 0
5698 5
5699 1
5700 4
5701 4
5702 3
5703 3
5704 3
5705 3
5706 3
5707 2
5708 3
5709 3
5710 5
5711 2
5712 0
5713 1
5714 4
5715 4
5716 3
5717 4
5718 3
5719 4
5720 4
5721 4
5722 1
5723 3
5724 2
5725 2
5726 2
5727 0
5728 2
5729 4
5730 3
5731 4
5732 5
5733 3
5734 2
5735 3
5736 3
5737 5
5738 3
5739 2
5740 2
5741 2
5742 1
5743 3
5744 1
5745 1
5746 2
5747 5
5748 5
5749 1
5750 2
5751 4
5752 1
5753 2
5754 3
5755 3
5756 2
5757 5
5758 1
5759 2
5760 1
5761 2
5762 1
5763 2
5764 0
5765 1
5766 0
5767 1
5768 0
5769 0
5770 1
5771 2
5772 1
5773 2
5774 1
5775 1
5776 1
5777 2
5778 0
5779 0
5780 1
5781 6
5782 1
5783 0
5784 1
5785 1
5786 3
5787 1
5788 1
5789 1
5790 2
5791 2
5792 0
5793 2
5794 6
5795 4
5796 1
5797 2
5798 5
5799 2
5800 2
5801 3
5802 3
5803 1
5804 0
5805 5
5806 3
5807 2
5808 2
5809 5
5810 2
5811 3
5812 3
5813 3
5814 4
5815 3
5816 5
5817 1
5818 1
5819 1
5820 3
5821 1
5822 4
5823 2
5824 1
5825 1
5826 4
5827 2
5828 2
5829 5
5830 2
5831 4
5832 4
5833 1
5834 2
5835 3
5836 4
5837 1
5838 3
5839 4
5840 0
5841 2
5842 1
5843 3
5844 2
5845 5
5846 2
5847 4
5848 1
5849 1
5850 4
5851 3
5852 5
5853 1
5854 3
5855 4
5856 3
5857 1
5858 4
5859 2
5860 1
5861 3
5862 5
5863 2
5864 1
5865 2
5866 1
5867 4
5868 1
5869 1
5870 2
5871 4
5872 2
5873 4
5874 2
5875 1
5876 1
5877 3
5878 2
5879 2
5880 2
5881 3
5882 3
5883 3
5884 6
5885 2
5886 2
5887 3
5888 3
5889 2
5890 2
5891 2
5892 2
5893 4
5894 2
5895 3
5896 0
5897 3
5898 2
5899 4
5900 2
5901 3
5902 3
5903 1
5904 1
5905 3
5906 2
5907 3
5908 1
5909 3
5910 2
5911 4
5912 2
5913 4
5914 5
5915 2
5916 4
5917 2
5918 1
5919 4
5920 1
5921 5
5922 0
5923 2
5924 2
5925 1
5926 4
5927 1
5928 3
5929 2
5930 1
5931 1
5932 2
5933 3
5934 2
5935 3
5936 1
5937 3
5938 0
5939 4
5940 4
5941 2
5942 0
5943 1
5944 4
5945 2
5946 1
5947 3
5948 1
5949 3
5950 4
5951 3
5952 3
5953 1
5954 1
5955 2
5956 2
5957 2
5958 3
5959 3
5960 4
5961 2
5962 2
5963 3
5964 3
5965 1
5966 4
5967 3
5968 2
5969 3
5970 1
5971 1
5972 2
5973 2
5974 3
5975 2
5976 0
5977 2
5978 2
5979 2
5980 3
5981 2
5982 3
5983 4
5984 4
5985 0
5986 3
5987 6
5988 1
5989 2
5990 1
5991 3
5992 0
5993 2
5994 1
5995 1
5996 4
5997 3
5998 1
5999 5
6000 5
6001 1
6002 2
6003 3
6004 4
6005 1
6006 2
6007 1
6008 3
6009 2
6010 3
6011 3
6012 3
6013 4
6014 3
6015 4
6016 3
6017 2
6018 0
6019 3
6020 4
6021 3
6022 3
6023 4
6024 6
6025 6
6026 4
6027 5
6028 4
6029 3
6030 3
6031 3
6032 2
6033 2
6034 4
6035 4
6036 2
6037 2
6038 3
6039 1
6040 2
6041 6
6042 3
6043 2
6044 1
6045 2
6046 3
6047 2
6048 1
6049 3
6050 1
6051 3
6052 4
6053 4
6054 3
6055 2
6056 1
6057 2
6058 3
6059 1
6060 3
6061 3
6062 2
6063 1
6064 2
6065 2
6066 3
6067 3
6068 2
6069 3
6070 6
6071 4
6072 2
6073 3
6074 6
6075 2
6076 3
6077 3
6078 4
6079 4
6080 4
6081 4
6082 3
6083 2
6084 4
6085 4
6086 2
6087 1
6088 4
6089 3
6090 2
6091 0
6092 3
6093 1
6094 5
6095 2
6096 3
6097 3
6098 2
6099 6
6100 2
6101 2
6102 3
6103 2
6104 3
6105 4
6106 4
6107 2
6108 5
6109 2
6110 4
6111 3
6112 2
6113 3
6114 4
6115 6
6116 4
6117 2
6118 1
6119 0
6120 4
6121 3
6122 3
6123 2
6124 3
6125 2
6126 2
6127 1
6128 2
6129 2
6130 1
6131 3
6132 3
6133 3
6134 3
6135 2
6136 1
6137 3
6138 0
6139 4
6140 2
6141 4
6142 1
6143 2
6144 1
6145 4
6146 3
6147 7
6148 3
6149 2
6150 3
6151 0
6152 3
6153 2
6154 0
6155 2
6156 3
6157 5
6158 3
6159 3
6160 1
6161 3
6162 3
6163 4
6164 3
6165 2
6166 4
6167 3
6168 3
6169 2
6170 3
6171 2
6172 2
6173 0
6174 3
6175 3
6176 3
6177 2
6178 3
6179 2
6180 1
6181 4
6182 2
6183 5
6184 3
6185 4
6186 3
6187 1
6188 2
6189 2
6190 0
6191 2
6192 1
6193 3
6194 3
6195 1
6196 3
6197 2
6198 4
6199 4
6200 2
6201 3
6202 4
6203 2
6204 4
6205 5
6206 5
6207 4
6208 3
6209 3
6210 2
6211 3
6212 3
6213 3
6214 3
6215 3
6216 3
6217 3
6218 3
6219 5
6220 2
6221 4
6222 1
6223 1
6224 1
6225 1
6226 3
6227 2
6228 1
6229 2
6230 2
6231 5
6232 4
6233 3
6234 2
6235 2
6236 4
6237 4
6238 4
6239 3
6240 3
6241 3
6242 5
6243 2
6244 3
6245 4
6246 3
6247 2
6248 3
6249 4
6250 3
6251 5
6252 1
6253 4
6254 2
6255 3
6256 2
6257 2
6258 4
6259 4
6260 3
6261 5
6262 4
6263 6
6264 2
6265 6
6266 1
6267 5
6268 8
6269 3
6270 6
6271 4
6272 1
6273 6
6274 4
6275 5
6276 4
6277 1
6278 2
6279 0
6280 3
6281 3
6282 3
6283 3
6284 5
6285 1
6286 2
6287 1
6288 2
6289 4
6290 2
6291 6
6292 5
6293 3
6294 1
6295 3
6296 6
6297 3
6298 3
6299 2
6300 2
6301 4
6302 3
6303 3
6304 1
6305 1
6306 0
6307 1
6308 5
6309 5
6310 5
6311 2
6312 2
6313 3
6314 0
6315 4
6316 4
6317 4
6318 3
6319 2
6320 3
6321 2
6322 2
6323 1
6324 2
6325 2
6326 1
6327 4
6328 3
6329 4
6330 5
6331 3
6332 3
6333 3
6334 3
6335 3
6336 1
6337 5
6338 4
6339 3
6340 3
6341 1
6342 3
6343 3
6344 2
6345 1
6346 5
6347 0
6348 3
6349 4
6350 1
6351 4
6352 3
6353 6
6354 3
6355 2
6356 2
6357 5
6358 3
6359 5
6360 2
6361 3
6362 3
6363 1
6364 3
6365 3
6366 3
6367 3
6368 2
6369 1
6370 3
6371 3
6372 3
6373 1
6374 4
6375 4
6376 1
6377 3
6378 4
6379 5
6380 2
6381 6
6382 5
6383 3
6384 5
6385 4
6386 2
6387 4
6388 3
6389 4
6390 2
6391 4
6392 2
6393 3
6394 2
6395 3
6396 2
6397 3
6398 4
6399 1
6400 2
6401 2
6402 3
6403 3
6404 3
6405 4
6406 5
6407 8
6408 4
6409 4
6410 3
6411 5
6412 1
6413 3
6414 4
6415 4
6416 6
6417 3
6418 4
6419 3
6420 6
6421 5
6422 2
6423 3
6424 4
6425 1
6426 3
6427 1
6428 5
6429 1
6430 1
6431 5
6432 5
6433 3
6434 2
6435 4
6436 2
6437 6
6438 4
6439 5
6440 2
6441 3
6442 3
6443 4
6444 3
6445 3
6446 2
6447 4
6448 4
6449 2
6450 4
6451 3
6452 6
6453 2
6454 5
6455 3
6456 3
6457 5
6458 5
6459 5
6460 6
6461 6
6462 4
6463 5
6464 4
6465 6
6466 9
6467 3
6468 6
6469 2
6470 2
6471 3
6472 4
6473 5
6474 4
6475 6
6476 5
6477 5
6478 3
6479 6
6480 4
6481 7
6482 4
6483 2
6484 2
6485 6
6486 5
6487 6
6488 1
6489 4
6490 8
6491 4
6492 4
6493 4
6494 4
6495 3
6496 5
6497 2
6498 4
6499 3
6500 4
6501 1
6502 5
6503 3
6504 2
6505 4
6506 3
6507 4
6508 3
6509 2
6510 6
6511 4
6512 7
6513 3
6514 4
6515 1
6516 3
6517 2
6518 2
6519 4
6520 2
6521 3
6522 4
6523 4
6524 3
6525 2
6526 4
6527 3
6528 3
6529 4
6530 3
6531 3
6532 3
6533 2
6534 6
6535 3
6536 2
6537 3
6538 5
6539 2
6540 2
6541 2
6542 3
6543 5
6544 3
6545 3
6546 1
6547 2
6548 1
6549 4
6550 3
6551 2
6552 2
6553 1
6554 1
6555 5
6556 4
6557 2
6558 3
6559 6
6560 2
6561 4
6562 6
6563 3
6564 2
6565 3
6566 6
6567 1
6568 3
6569 2
6570 2
6571 3
6572 4
6573 4
6574 5
6575 1
6576 2
6577 4
6578 6
6579 2
6580 3
6581 6
6582 3
6583 4
6584 5
6585 6
6586 3
6587 6
6588 1
6589 3
6590 5
6591 3
6592 4
6593 3
6594 2
6595 3
6596 4
6597 6
6598 3
6599 2
6600 2
6601 3
6602 4
6603 3
6604 0
6605 0
6606 1
6607 1
6608 2
6609 1
6610 1
6611 1
6612 3
6613 4
6614 4
6615 1
6616 2
6617 5
6618 4
6619 5
6620 2
6621 1
6622 1
6623 2
6624 2
6625 2
6626 4
6627 2
6628 3
6629 2
6630 3
6631 5
6632 2
6633 4
6634 7
6635 6
6636 6
6637 1
6638 1
6639 1
6640 7
6641 2
6642 5
6643 1
6644 6
6645 2
6646 4
6647 3
6648 3
6649 5
6650 3
6651 3
6652 4
6653 2
6654 3
6655 6
6656 3
6657 4
6658 2
6659 3
6660 5
6661 7
6662 4
6663 6
6664 4
6665 3
6666 2
6667 2
6668 1
6669 5
6670 5
6671 3
6672 0
6673 2
6674 2
6675 4
6676 4
6677 2
6678 4
6679 2
6680 4
6681 3
6682 3
6683 5
6684 4
6685 1
6686 5
6687 7
6688 3
6689 5
6690 6
6691 4
6692 2
6693 1
6694 1
6695 1
6696 0
6697 6
6698 2
6699 5
6700 1
6701 5
6702 3
6703 5
6704 4
6705 2
6706 5
6707 2
6708 2
6709 2
6710 3
6711 4
6712 3
6713 3
6714 1
6715 4
6716 2
6717 5
6718 4
6719 3
6720 6
6721 0
6722 3
6723 2
6724 4
6725 3
6726 3
6727 1
6728 1
6729 2
6730 4
6731 4
6732 5
6733 2
6734 2
6735 1
6736 2
6737 4
6738 2
6739 5
6740 4
6741 5
6742 3
6743 0
6744 1
6745 4
6746 0
6747 5
6748 1
6749 4
6750 3
6751 1
6752 1
6753 2
6754 3
6755 4
6756 3
6757 3
6758 3
6759 1
6760 2
6761 2
6762 1
6763 1
6764 2
6765 4
6766 2
6767 2
6768 3
6769 3
6770 0
6771 6
6772 4
6773 5
6774 3
6775 4
6776 4
6777 4
6778 5
6779 2
6780 4
6781 2
6782 4
6783 2
6784 4
6785 2
6786 2
6787 2
6788 1
6789 0
6790 5
6791 2
6792 5
6793 2
6794 4
6795 5
6796 2
6797 4
6798 4
6799 3
6800 5
6801 1
6802 5
6803 0
6804 5
6805 3
6806 2
6807 4
6808 1
6809 4
6810 2
6811 2
6812 1
6813 1
6814 2
6815 1
6816 2
6817 1
6818 3
6819 1
6820 1
6821 3
6822 2
6823 3
6824 4
6825 3
6826 4
6827 1
6828 4
6829 3
6830 2
6831 4
6832 4
6833 3
6834 3
6835 5
6836 5
6837 1
6838 5
6839 6
6840 6
6841 5
6842 5
6843 4
6844 7
6845 6
6846 4
6847 1
6848 6
6849 3
6850 3
6851 2
6852 3
6853 3
6854 2
6855 2
6856 1
6857 4
6858 4
6859 4
6860 5
6861 2
6862 3
6863 4
6864 4
6865 2
6866 3
6867 2
6868 5
6869 6
6870 3
6871 3
6872 3
6873 3
6874 4
6875 7
6876 2
6877 3
6878 3
6879 7
6880 4
6881 1
6882 4
6883 2
6884 4
6885 2
6886 6
6887 6
6888 3
6889 7
6890 3
6891 6
6892 0
6893 5
6894 4
6895 4
6896 4
6897 2
6898 2
6899 2
6900 2
6901 1
6902 2
6903 1
6904 7
6905 1
6906 4
6907 5
6908 1
6909 2
6910 2
6911 2
6912 2
6913 4
6914 3
6915 3
6916 4
6917 3
6918 1
6919 6
6920 7
6921 6
6922 4
6923 3
6924 4
6925 3
6926 3
6927 3
6928 1
6929 3
6930 1
6931 2
6932 2
6933 1
6934 3
6935 3
6936 0
6937 4
6938 3
6939 0
6940 0
6941 3
6942 2
6943 2
6944 2
6945 3
6946 3
6947 2
6948 2
6949 3
6950 5
6951 4
6952 3
6953 4
6954 2
6955 2
6956 8
6957 1
6958 2
6959 4
6960 1
6961 4
6962 4
6963 5
6964 3
6965 1
6966 4
6967 4
6968 3
6969 2
6970 2
6971 1
6972 7
6973 2
6974 3
6975 1
6976 2
6977 2
6978 1
6979 4
6980 4
6981 2
6982 3
6983 2
6984 4
6985 1
6986 1
6987 2
6988 4
6989 5
6990 5
6991 4
6992 1
6993 2
6994 1
6995 2
6996 3
6997 5
6998 3
6999 2
7000 0
7001 3
7002 2
7003 2
7004 2
7005 4
7006 2
7007 1
7008 4
7009 2
7010 1
7011 1
7012 3
7013 0
7014 1
7015 1
7016 1
7017 3
7018 2
7019 2
7020 2
7021 3
7022 2
7023 6
7024 0
7025 0
7026 5
7027 2
7028 5
7029 3
7030 2
7031 3
7032 3
7033 2
7034 3
7035 2
7036 0
7037 2
7038 2
7039 4
7040 1
7041 3
7042 5
7043 4
7044 1
7045 2
7046 1
7047 3
7048 4
7049 3
7050 4
7051 7
7052 8
7053 2
7054 1
7055 4
7056 3
7057 0
7058 2
7059 2
7060 2
7061 4
7062 3
7063 3
7064 1
7065 0
7066 4
7067 6
7068 3
7069 5
7070 1
7071 3
7072 1
7073 7
7074 2
7075 3
7076 2
7077 3
7078 6
7079 1
7080 3
7081 1
7082 0
7083 2
7084 5
7085 6
7086 3
7087 3
7088 1
7089 1
7090 3
7091 7
7092 4
7093 3
7094 3
7095 2
7096 2
7097 4
7098 6
7099 3
7100 3
7101 3
7102 5
7103 3
7104 4
7105 3
7106 3
7107 1
7108 3
7109 2
7110 4
7111 0
7112 2
7113 1
7114 3
7115 3
7116 2
7117 4
7118 5
7119 6
7120 1
7121 5
7122 1
7123 5
7124 6
7125 3
7126 3
7127 6
7128 3
7129 2
7130 4
7131 3
7132 4
7133 4
7134 1
7135 2
7136 1
7137 4
7138 1
7139 6
7140 5
7141 2
7142 3
7143 3
7144 5
7145 5
7146 1
7147 2
7148 1
7149 5
7150 2
7151 5
7152 3
7153 0
7154 4
7155 4
7156 1
7157 3
7158 3
7159 5
7160 0
7161 3
7162 4
7163 4
7164 3
7165 4
7166 3
7167 5
7168 3
7169 3
7170 2
7171 3
7172 2
7173 3
7174 4
7175 4
7176 1
7177 1
7178 2
7179 4
7180 4
7181 4
7182 3
7183 3
7184 5
7185 4
7186 4
7187 1
7188 0
7189 6
7190 1
7191 1
7192 4
7193 2
7194 2
7195 1
7196 6
7197 0
7198 3
7199 2
7200 3
7201 3
7202 4
7203 4
7204 2
7205 1
7206 1
7207 4
7208 0
7209 4
7210 6
7211 2
7212 1
7213 2
7214 2
7215 1
7216 3
7217 3
7218 4
7219 4
7220 1
7221 2
7222 2
7223 1
7224 2
7225 2
7226 1
7227 0
7228 1
7229 2
7230 2
7231 5
7232 4
7233 0
7234 1
7235 5
7236 6
7237 4
7238 1
7239 4
7240 3
7241 5
7242 1
7243 2
7244 3
7245 4
7246 3
7247 0
7248 4
7249 3
7250 6
7251 3
7252 6
7253 3
7254 3
7255 6
7256 3
7257 1
7258 3
7259 0
7260 2
7261 3
7262 3
7263 1
7264 4
7265 3
7266 4
7267 3
7268 5
7269 3
7270 2
7271 1
7272 3
7273 6
7274 3
7275 3
7276 3
7277 4
7278 4
7279 2
7280 4
7281 4
7282 3
7283 4
7284 5
7285 3
7286 4
7287 3
7288 1
7289 2
7290 2
7291 5
7292 3
7293 8
7294 2
7295 5
7296 3
7297 1
7298 5
7299 1
7300 0
7301 0
7302 2
7303 4
7304 3
7305 3
7306 1
7307 3
7308 4
7309 3
7310 1
7311 2
7312 4
7313 4
7314 4
7315 5
7316 3
7317 5
7318 2
7319 2
7320 2
7321 4
7322 4
7323 0
7324 2
7325 3
7326 3
7327 2
7328 3
7329 4
7330 3
7331 1
7332 3
7333 6
7334 1
7335 3
7336 3
7337 1
7338 3
7339 3
7340 0
7341 3
7342 0
7343 3
7344 0
7345 0
7346 2
7347 2
7348 3
7349 4
7350 1
7351 2
7352 4
7353 0
7354 4
7355 1
7356 3
7357 1
7358 5
7359 6
7360 2
7361 4
7362 2
7363 4
7364 2
7365 4
7366 3
7367 4
7368 6
7369 6
7370 2
7371 3
7372 6
7373 2
7374 5
7375 7
7376 5
7377 2
7378 6
7379 4
7380 2
7381 4
7382 4
7383 4
7384 6
7385 4
7386 2
7387 4
7388 4
7389 7
7390 2
7391 5
7392 3
7393 3
7394 6
7395 2
7396 3
7397 2
7398 5
7399 2
7400 4
7401 4
7402 5
7403 0
7404 3
7405 2
7406 3
7407 8
7408 3
7409 3
7410 2
7411 3
7412 3
7413 3
7414 4
7415 3
7416 4
7417 2
7418 4
7419 5
7420 4
7421 0
7422 5
7423 4
7424 1
7425 1
7426 4
7427 3
7428 6
7429 3
7430 3
7431 1
7432 5
7433 1
7434 3
7435 2
7436 2
7437 3
7438 3
7439 4
7440 2
7441 2
7442 4
7443 1
7444 5
7445 4
7446 4
7447 1
7448 2
7449 0
7450 4
7451 3
7452 2
7453 2
7454 6
7455 2
7456 4
7457 0
7458 3
7459 4
7460 5
7461 5
7462 4
7463 2
7464 5
7465 3
7466 3
7467 1
7468 1
7469 1
7470 1
7471 5
7472 1
7473 2
7474 1
7475 1
7476 0
7477 2
7478 3
7479 4
7480 3
7481 4
7482 4
7483 4
7484 6
7485 4
7486 2
7487 2
7488 3
7489 0
7490 5
7491 1
7492 4
7493 3
7494 1
7495 1
7496 2
7497 2
7498 5
7499 1
7500 3
7501 0
7502 2
7503 1
7504 0
7505 2
7506 5
7507 2
7508 2
7509 4
7510 1
7511 3
7512 0
7513 4
7514 2
7515 4
7516 5
7517 0
7518 5
7519 3
7520 4
7521 3
7522 2
7523 2
7524 5
7525 5
7526 3
7527 3
7528 3
7529 3
7530 5
7531 4
7532 1
7533 1
7534 5
7535 0
7536 1
7537 3
7538 2
7539 0
7540 2
7541 4
7542 4
7543 5
7544 1
7545 7
7546 5
7547 2
7548 5
7549 4
7550 5
7551 5
7552 3
7553 4
7554 6
7555 5
7556 3
7557 4
7558 4
7559 3
7560 2
7561 6
7562 4
7563 3
7564 5
7565 5
7566 2
7567 4
7568 1
7569 1
7570 2
7571 2
7572 2
7573 4
7574 2
7575 1
7576 3
7577 2
7578 5
7579 5
7580 3
7581 1
7582 3
7583 3
7584 2
7585 0
7586 1
7587 4
7588 1
7589 2
7590 6
7591 6
7592 3
7593 7
7594 3
7595 2
7596 1
7597 3
7598 4
7599 4
7600 1
7601 1
7602 1
7603 2
7604 2
7605 4
7606 3
7607 1
7608 0
7609 3
7610 5
7611 4
7612 3
7613 3
7614 1
7615 4
7616 6
7617 4
7618 4
7619 4
7620 4
7621 2
7622 2
7623 1
7624 2
7625 6
7626 2
7627 2
7628 0
7629 2
7630 4
7631 4
7632 4
7633 3
7634 0
7635 0
7636 2
7637 2
7638 3
7639 4
7640 3
7641 5
7642 2
7643 5
7644 2
7645 4
7646 2
7647 3
7648 3
7649 3
7650 3
7651 1
7652 2
7653 1
7654 4
7655 5
7656 2
7657 2
7658 3
7659 5
7660 3
7661 6
7662 5
7663 6
7664 2
7665 1
7666 3
7667 4
7668 3
7669 5
7670 5
7671 3
7672 3
7673 5
7674 2
7675 2
7676 1
7677 2
7678 5
7679 3
7680 2
7681 4
7682 4
7683 6
7684 2
7685 4
7686 1
7687 3
7688 2
7689 4
7690 6
7691 4
7692 3
7693 1
7694 3
7695 0
7696 2
7697 2
7698 5
7699 4
7700 4
7701 1
7702 3
7703 3
7704 3
7705 1
7706 4
7707 3
7708 5
7709 5
7710 1
7711 3
7712 1
7713 4
7714 2
7715 3
7716 0
7717 1
7718 1
7719 0
7720 3
7721 3
7722 4
7723 4
7724 3
7725 1
7726 1
7727 0
7728 2
7729 4
7730 4
7731 3
7732 3
7733 4
7734 2
7735 0
7736 2
7737 2
7738 2
7739 5
7740 2
7741 6
7742 5
7743 3
7744 4
7745 3
7746 3
7747 1
7748 1
7749 1
7750 2
7751 4
7752 5
7753 3
7754 5
7755 4
7756 4
7757 5
7758 1
7759 4
7760 6
7761 3
7762 2
7763 4
7764 6
7765 2
7766 1
7767 1
7768 2
7769 3
7770 3
7771 1
7772 5
7773 2
7774 1
7775 3
7776 3
7777 4
7778 5
7779 2
7780 6
7781 2
7782 7
7783 0
7784 4
7785 3
7786 3
7787 0
7788 5
7789 2
7790 3
7791 0
7792 4
7793 3
7794 1
7795 4
7796 2
7797 0
7798 3
7799 5
7800 3
7801 2
7802 5
7803 4
7804 2
7805 4
7806 2
7807 2
7808 4
7809 5
7810 6
7811 4
7812 3
7813 2
7814 4
7815 4
7816 3
7817 3
7818 4
7819 4
7820 3
7821 4
7822 4
7823 1
7824 4
7825 6
7826 3
7827 5
7828 4
7829 3
7830 0
7831 2
7832 4
7833 4
7834 3
7835 4
7836 3
7837 0
7838 3
7839 3
7840 5
7841 2
7842 5
7843 3
7844 3
7845 4
7846 4
7847 6
7848 4
7849 2
7850 4
7851 3
7852 4
7853 2
7854 3
7855 4
7856 5
7857 3
7858 3
7859 3
7860 1
7861 3
7862 1
7863 2
7864 3
7865 3
7866 5
7867 2
7868 3
7869 2
7870 0
7871 3
7872 4
7873 2
7874 2
7875 3
7876 1
7877 0
7878 5
7879 3
7880 2
7881 2
7882 2
7883 3
7884 6
7885 2
7886 3
7887 5
7888 5
7889 4
7890 2
7891 3
7892 5
7893 4
7894 3
7895 1
7896 2
7897 5
7898 4
7899 4
7900 7
7901 4
7902 2
7903 5
7904 6
7905 6
7906 3
7907 4
7908 5
7909 4
7910 4
7911 1
7912 2
7913 3
7914 2
7915 3
7916 5
7917 2
7918 5
7919 4
7920 4
7921 1
7922 3
7923 4
7924 4
7925 5
7926 2
7927 2
7928 3
7929 4
7930 4
7931 3
7932 1
7933 1
7934 4
7935 4
7936 0
7937 2
7938 1
7939 4
7940 2
7941 5
7942 3
7943 3
7944 1
7945 4
7946 2
7947 3
7948 3
7949 4
7950 6
7951 5
7952 5
7953 8
7954 3
7955 2
7956 2
7957 2
7958 2
7959 3
7960 4
7961 4
7962 2
7963 1
7964 3
7965 1
7966 5
7967 5
7968 4
7969 2
7970 5
7971 1
7972 1
7973 4
7974 4
7975 6
7976 4
7977 3
7978 1
7979 1
7980 1
7981 3
7982 4
7983 2
7984 4
7985 1
7986 2
7987 2
7988 2
7989 0
7990 0
7991 4
7992 3
7993 5
7994 3
7995 2
7996 2
7997 4
7998 4
7999 2
8000 2
8001 2
8002 3
8003 5
8004 2
8005 3
8006 5
8007 1
8008 6
8009 3
8010 2
8011 3
8012 3
8013 1
8014 2
8015 4
8016 4
8017 5
8018 2
8019 6
8020 2
8021 5
8022 4
8023 4
8024 5
8025 3
8026 2
8027 3
8028 4
8029 2
8030 5
8031 5
8032 2
8033 4
8034 2
8035 3
8036 3
8037 8
8038 4
8039 2
8040 4
8041 1
8042 2
8043 4
8044 4
8045 3
8046 3
8047 2
8048 5
8049 3
8050 5
8051 4
8052 3
8053 4
8054 6
8055 6
8056 2
8057 4
8058 2
8059 1
8060 2
8061 7
8062 3
8063 6
8064 5
8065 3
8066 3
8067 5
8068 2
8069 3
8070 5
8071 2
8072 3
8073 3
8074 2
8075 5
8076 3
8077 3
8078 6
8079 3
8080 5
8081 1
8082 4
8083 5
8084 2
8085 3
8086 3
8087 4
8088 2
8089 4
8090 4
8091 3
8092 5
8093 3
8094 4
8095 3
8096 5
8097 3
8098 4
8099 3
8100 4
8101 4
8102 4
8103 3
8104 4
8105 5
8106 3
8107 5
8108 2
8109 6
8110 4
8111 4
8112 2
8113 1
8114 2
8115 4
8116 2
8117 3
8118 4
8119 2
8120 5
8121 3
8122 3
8123 4
8124 3
8125 3
8126 2
8127 4
8128 1
8129 4
8130 3
8131 1
8132 2
8133 4
8134 2
8135 2
8136 5
8137 5
8138 2
8139 5
8140 4
8141 2
8142 0
8143 4
8144 4
8145 5
8146 2
8147 4
8148 4
8149 3
8150 2
8151 5
8152 4
8153 1
8154 4
8155 2
8156 3
8157 2
8158 3
8159 1
8160 4
8161 2
8162 3
8163 6
8164 5
8165 4
8166 0
8167 2
8168 5
8169 4
8170 2
8171 4
8172 6
8173 4
8174 1
8175 3
8176 3
8177 3
8178 4
8179 3
8180 1
8181 4
8182 4
8183 6
8184 5
8185 1
8186 2
8187 5
8188 6
8189 6
8190 4
8191 3
8192 1
8193 2
8194 4
8195 3
8196 1
8197 3
8198 2
8199 4
8200 4
8201 1
8202 3
8203 3
8204 3
8205 4
8206 3
8207 4
8208 3
8209 4
8210 1
8211 4
8212 2
8213 5
8214 3
8215 2
8216 2
8217 2
8218 3
8219 3
8220 3
8221 4
8222 2
8223 5
8224 1
8225 7
8226 6
8227 5
8228 4
8229 4
8230 9
8231 2
8232 5
8233 2
8234 4
8235 2
8236 4
8237 2
8238 5
8239 2
8240 4
8241 4
8242 1
8243 4
8244 3
8245 4
8246 3
8247 1
8248 4
8249 6
8250 4
8251 2
8252 4
8253 3
8254 4
8255 3
8256 1
8257 5
8258 1
8259 2
8260 3
8261 4
8262 3
8263 5
8264 4
8265 2
8266 4
8267 5
8268 2
8269 2
8270 3
8271 3
8272 6
8273 5
8274 5
8275 4
8276 6
8277 4
8278 8
8279 4
8280 2
8281 4
8282 1
8283 5
8284 3
8285 2
8286 3
8287 4
8288 5
8289 2
8290 1
8291 2
8292 4
8293 6
8294 3
8295 4
8296 5
8297 4
8298 3
8299 5
8300 5
8301 3
8302 5
8303 3
8304 2
8305 1
8306 3
8307 4
8308 3
8309 1
8310 3
8311 3
8312 2
8313 1
8314 2
8315 4
8316 4
8317 5
8318 6
8319 6
8320 0
8321 1
8322 2
8323 4
8324 3
8325 4
8326 1
8327 1
8328 2
8329 4
8330 1
8331 3
8332 2
8333 5
8334 4
8335 5
8336 3
8337 1
8338 3
8339 3
8340 4
8341 2
8342 1
8343 4
8344 4
8345 5
8346 4
8347 3
8348 3
8349 3
8350 2
8351 1
8352 2
8353 5
8354 3
8355 0
8356 3
8357 2
8358 4
8359 3
8360 4
8361 2
8362 3
8363 2
8364 3
8365 2
8366 3
8367 2
8368 2
8369 4
8370 2
8371 4
8372 3
8373 4
8374 5
8375 4
8376 3
8377 2
8378 4
8379 6
8380 6
8381 4
8382 4
8383 5
8384 5
8385 3
8386 4
8387 2
8388 5
8389 6
8390 2
8391 1
8392 3
8393 1
8394 4
8395 5
8396 1
8397 3
8398 4
8399 4
8400 4
8401 2
8402 0
8403 5
8404 2
8405 1
8406 3
8407 1
8408 3
8409 1
8410 2
8411 4
8412 2
8413 2
8414 5
8415 5
8416 2
8417 5
8418 0
8419 3
8420 3
8421 4
8422 2
8423 1
8424 5
8425 1
8426 8
8427 4
8428 0
8429 2
8430 2
8431 6
8432 3
8433 2
8434 4
8435 6
8436 3
8437 5
8438 3
8439 6
8440 4
8441 4
8442 3
8443 3
8444 3
8445 4
8446 2
8447 2
8448 4
8449 3
8450 2
8451 2
8452 3
8453 5
8454 6
8455 3
8456 1
8457 2
8458 4
8459 2
8460 1
8461 1
8462 4
8463 3
8464 4
8465 0
8466 3
8467 6
8468 4
8469 1
8470 4
8471 2
8472 2
8473 5
8474 5
8475 4
8476 1
8477 6
8478 3
8479 4
8480 4
8481 7
8482 3
8483 3
8484 2
8485 2
8486 3
8487 7
8488 4
8489 3
8490 3
8491 3
8492 5
8493 5
8494 5
8495 3
8496 4
8497 3
8498 3
8499 6
8500 2
8501 4
8502 2
8503 3
8504 4
8505 3
8506 3
8507 3
8508 3
8509 3
8510 2
8511 3
8512 3
8513 1
8514 2
8515 3
8516 1
8517 3
8518 3
8519 3
8520 6
8521 1
8522 2
8523 3
8524 4
8525 2
8526 3
8527 6
8528 2
8529 2
8530 2
8531 3
8532 2
8533 2
8534 1
8535 4
8536 5
8537 6
8538 1
8539 3
8540 1
8541 4
8542 5
8543 3
8544 3
8545 1
8546 1
8547 4
8548 2
8549 3
8550 1
8551 4
8552 4
8553 5
8554 2
8555 3
8556 2
8557 2
8558 1
8559 4
8560 2
8561 2
8562 3
8563 4
8564 4
8565 5
8566 1
8567 2
8568 6
8569 3
8570 4
8571 3
8572 4
8573 2
8574 3
8575 2
8576 3
8577 2
8578 2
8579 3
8580 4
8581 2
8582 4
8583 3
8584 3
8585 3
8586 2
8587 6
8588 3
8589 2
8590 2
8591 2
8592 4
8593 4
8594 6
8595 5
8596 5
8597 4
8598 6
8599 2
8600 3
8601 3
8602 8
8603 5
8604 1
8605 6
8606 2
8607 2
8608 4
8609 1
8610 3
8611 2
8612 2
8613 3
8614 2
8615 1
8616 1
8617 1
8618 4
8619 3
8620 4
8621 6
8622 3
8623 4
8624 2
8625 3
8626 5
8627 3
8628 1
8629 4
8630 3
8631 3
8632 5
8633 5
8634 3
8635 2
8636 2
8637 3
8638 4
8639 3
8640 4
8641 5
8642 3
8643 2
8644 6
8645 5
8646 3
8647 6
8648 4
8649 1
8650 2
8651 4
8652 2
8653 2
8654 4
8655 2
8656 4
8657 2
8658 0
8659 6
8660 3
8661 2
8662 2
8663 0
8664 3
8665 2
8666 3
8667 4
8668 2
8669 4
8670 5
8671 3
8672 5
8673 2
8674 2
8675 0
8676 3
8677 3
8678 4
8679 2
8680 3
8681 4
8682 4
8683 3
8684 1
8685 2
8686 2
8687 5
8688 1
8689 2
8690 2
8691 5
8692 4
8693 6
8694 3
8695 4
8696 3
8697 3
8698 3
8699 4
8700 1
8701 3
8702 2
8703 3
8704 2
8705 5
8706 2
8707 2
8708 4
8709 6
8710 3
8711 5
8712 2
8713 5
8714 1
8715 6
8716 4
8717 4
8718 4
8719 4
8720 2
8721 3
8722 3
8723 2
8724 3
8725 3
8726 2
8727 2
8728 3
8729 1
8730 3
8731 2
8732 0
8733 5
8734 2
8735 1
8736 0
8737 0
8738 3
8739 4
8740 2
8741 5
8742 3
8743 0
8744 2
8745 3
8746 2
8747 5
8748 1
8749 2
8750 4
8751 3
8752 1
8753 2
8754 4
8755 2
8756 0
8757 2
8758 2
8759 4
8760 1
8761 1
8762 3
8763 3
8764 6
8765 5
8766 4
8767 4
8768 3
8769 4
8770 6
8771 4
8772 2
8773 2
8774 4
8775 3
8776 2
8777 2
8778 5
8779 5
8780 2
8781 2
8782 2
8783 3
8784 2
8785 3
8786 1
8787 3
8788 4
8789 4
8790 4
8791 2
8792 4
8793 5
8794 4
8795 5
8796 1
8797 1
8798 4
8799 1
8800 3
8801 3
8802 6
8803 5
8804 7
8805 3
8806 4
8807 3
8808 2
8809 2
8810 3
8811 5
8812 2
8813 2
8814 4
8815 3
8816 3
8817 3
8818 4
8819 2
8820 0
8821 4
8822 3
8823 2
8824 5
8825 1
8826 4
8827 1
8828 2
8829 6
8830 2
8831 3
8832 3
8833 4
8834 1
8835 5
8836 2
8837 4
8838 3
8839 4
8840 3
8841 3
8842 1
8843 2
8844 1
8845 1
8846 3
8847 3
8848 2
8849 2
8850 2
8851 3
8852 4
8853 3
8854 0
8855 1
8856 0
8857 2
8858 2
8859 3
8860 0
8861 4
8862 3
8863 4
8864 5
8865 1
8866 3
8867 4
8868 2
8869 1
8870 2
8871 3
8872 5
8873 2
8874 1
8875 2
8876 1
8877 3
8878 2
8879 5
8880 5
8881 1
8882 8
8883 6
8884 4
8885 3
8886 4
8887 3
8888 5
8889 2
8890 6
8891 2
8892 3
8893 3
8894 6
8895 4
8896 1
8897 5
8898 2
8899 5
8900 4
8901 6
8902 1
8903 2
8904 6
8905 3
8906 0
8907 2
8908 4
8909 3
8910 2
8911 3
8912 2
8913 2
8914 4
8915 5
8916 1
8917 2
8918 3
8919 5
8920 2
8921 5
8922 1
8923 6
8924 3
8925 5
8926 4
8927 5
8928 4
8929 2
8930 4
8931 2
8932 4
8933 1
8934 3
8935 5
8936 3
8937 7
8938 7
8939 3
8940 3
8941 5
8942 3
8943 3
8944 5
8945 3
8946 3
8947 3
8948 4
8949 2
8950 7
8951 2
8952 4
8953 2
8954 1
8955 4
8956 1
8957 2
8958 5
8959 3
8960 2
8961 4
8962 5
8963 4
8964 1
8965 4
8966 5
8967 3
8968 4
8969 5
8970 2
8971 4
8972 1
8973 2
8974 1
8975 5
8976 2
8977 0
8978 5
8979 3
8980 1
8981 2
8982 0
8983 6
8984 1
8985 4
8986 6
8987 3
8988 6
8989 5
8990 2
8991 5
8992 5
8993 3
8994 4
8995 2
8996 1
8997 3
8998 2
8999 5
9000 5
9001 2
9002 3
9003 5
9004 2
9005 2
9006 2
9007 2
9008 5
9009 3
9010 3
9011 7
9012 5
9013 3
9014 1
9015 3
9016 3
9017 4
9018 5
9019 2
9020 5
9021 4
9022 3
9023 3
9024 7
9025 5
9026 3
9027 4
9028 1
9029 2
9030 6
9031 2
9032 3
9033 2
9034 3
9035 2
9036 3
9037 2
9038 6
9039 4
9040 2
9041 6
9042 4
9043 3
9044 1
9045 2
9046 3
9047 5
9048 3
9049 2
9050 3
9051 5
9052 5
9053 3
9054 5
9055 7
9056 6
9057 2
9058 1
9059 1
9060 1
9061 3
9062 2
9063 4
9064 2
9065 4
9066 1
9067 2
9068 0
9069 1
9070 2
9071 4
9072 1
9073 4
9074 3
9075 2
9076 2
9077 2
9078 2
9079 1
9080 0
9081 2
9082 3
9083 4
9084 6
9085 3
9086 1
9087 3
9088 2
9089 4
9090 6
9091 2
9092 2
9093 2
9094 2
9095 2
9096 4
9097 4
9098 2
9099 1
9100 1
9101 3
9102 1
9103 0
9104 2
9105 2
9106 4
9107 6
9108 1
9109 1
9110 0
9111 1
9112 3
9113 5
9114 2
9115 5
9116 3
9117 4
9118 0
9119 3
9120 6
9121 3
9122 0
9123 3
9124 1
9125 1
9126 2
9127 3
9128 5
9129 1
9130 1
9131 2
9132 3
9133 3
9134 2
9135 3
9136 1
9137 1
9138 6
9139 4
9140 6
9141 4
9142 5
9143 2
9144 2
9145 2
9146 3
9147 6
9148 1
9149 6
9150 3
9151 4
9152 4
9153 1
9154 2
9155 3
9156 4
9157 2
9158 3
9159 2
9160 0
9161 2
9162 4
9163 2
9164 2
9165 5
9166 1
9167 3
9168 2
9169 0
9170 5
9171 4
9172 5
9173 3
9174 3
9175 4
9176 3
9177 3
9178 7
9179 3
9180 4
9181 5
9182 3
9183 6
9184 1
9185 4
9186 4
9187 2
9188 3
9189 3
9190 3
9191 3
9192 6
9193 4
9194 4
9195 1
9196 3
9197 3
9198 4
9199 4
9200 5
9201 2
9202 4
9203 3
9204 2
9205 2
9206 4
9207 5
9208 4
9209 3
9210 2
9211 5
9212 1
9213 5
9214 4
9215 3
9216 6
9217 3
9218 4
9219 3
9220 4
9221 6
9222 3
9223 3
9224 3
9225 2
9226 3
9227 4
9228 5
9229 1
9230 3
9231 2
9232 2
9233 3
9234 3
9235 5
9236 0
9237 7
9238 3
9239 4
9240 3
9241 2
9242 2
9243 2
9244 6
9245 4
9246 4
9247 3
9248 4
9249 3
9250 0
9251 4
9252 4
9253 3
9254 3
9255 4
9256 2
9257 2
9258 3
9259 4
9260 1
9261 3
9262 1
9263 2
9264 4
9265 3
9266 4
9267 3
9268 5
9269 3
9270 2
9271 1
9272 3
9273 2
9274 1
9275 2
9276 1
9277 3
9278 5
9279 2
9280 4
9281 4
9282 2
9283 3
9284 0
9285 1
9286 4
9287 3
9288 4
9289 4
9290 2
9291 3
9292 2
9293 2
9294 3
9295 5
9296 0
9297 2
9298 3
9299 2
9300 5
9301 0
9302 3
9303 2
9304 2
9305 1
9306 6
9307 3
9308 1
9309 3
9310 1
9311 4
9312 4
9313 5
9314 4
9315 4
9316 1
9317 1
9318 0
9319 0
9320 2
9321 4
9322 5
9323 6
9324 2
9325 3
9326 4
9327 4
9328 4
9329 4
9330 4
9331 5
9332 4
9333 5
9334 4
9335 5
9336 4
9337 4
9338 5
9339 4
9340 3
9341 4
9342 5
9343 3
9344 3
9345 3
9346 4
9347 1
9348 2
9349 3
9350 2
9351 5
9352 3
9353 2
9354 1
9355 2
9356 2
9357 2
9358 7
9359 4
9360 4
9361 4
9362 1
9363 2
9364 2
9365 2
9366 4
9367 1
9368 2
9369 5
9370 6
9371 3
9372 4
9373 2
9374 3
9375 3
9376 2
9377 0
9378 2
9379 3
9380 0
9381 1
9382 4
9383 3
9384 0
9385 1
9386 3
9387 1
9388 3
9389 3
9390 4
9391 2
9392 3
9393 4
9394 7
9395 2
9396 4
9397 3
9398 4
9399 1
9400 4
9401 5
9402 4
9403 4
9404 3
9405 4
9406 1
9407 3
9408 2
9409 5
9410 3
9411 2
9412 2
9413 1
9414 3
9415 1
9416 5
9417 3
9418 5
9419 2
9420 2
9421 6
9422 0
9423 1
9424 0
9425 3
9426 1
9427 2
9428 3
9429 4
9430 2
9431 7
9432 4
9433 0
9434 1
9435 0
9436 1
9437 2
9438 2
9439 2
9440 1
9441 0
9442 5
9443 2
9444 3
9445 3
9446 3
9447 4
9448 5
9449 4
9450 3
9451 2
9452 0
9453 2
9454 1
9455 2
9456 3
9457 6
9458 4
9459 6
9460 0
9461 3
9462 0
9463 2
9464 5
9465 1
9466 0
9467 3
9468 2
9469 5
9470 4
9471 4
9472 3
9473 1
9474 1
9475 3
9476 0
9477 0
9478 0
9479 2
9480 1
9481 2
9482 4
9483 3
9484 4
9485 3
9486 0
9487 2
9488 3
9489 4
9490 3
9491 2
9492 1
9493 4
9494 3
9495 3
9496 4
9497 2
9498 1
9499 4
9500 2
9501 5
9502 0
9503 3
9504 4
9505 2
9506 5
9507 1
9508 5
9509 3
9510 3
9511 2
9512 2
9513 2
9514 2
9515 0
9516 2
9517 2
9518 2
9519 1
9520 3
9521 2
9522 2
9523 0
9524 3
9525 1
9526 2
9527 1
9528 2
9529 3
9530 4
9531 4
9532 3
9533 3
9534 2
9535 1
9536 0
9537 4
9538 1
9539 3
9540 1
9541 2
9542 8
9543 4
9544 3
9545 1
9546 2
9547 4
9548 1
9549 6
9550 4
9551 3
9552 6
9553 2
9554 2
9555 2
9556 1
9557 2
9558 0
9559 1
9560 3
9561 4
9562 3
9563 1
9564 3
9565 2
9566 1
9567 3
9568 4
9569 2
9570 4
9571 4
9572 2
9573 3
9574 3
9575 4
9576 5
9577 5
9578 4
9579 3
9580 0
9581 1
9582 5
9583 3
9584 4
9585 5
9586 2
9587 2
9588 5
9589 4
9590 5
9591 3
9592 3
9593 4
9594 4
9595 1
9596 4
9597 2
9598 4
9599 3
9600 4
9601 4
9602 1
9603 5
9604 2
9605 3
9606 3
9607 1
9608 5
9609 3
9610 3
9611 3
9612 3
9613 5
9614 1
9615 3
9616 2
9617 5
9618 4
9619 0
9620 3
9621 3
9622 3
9623 2
9624 0
9625 4
9626 1
9627 3
9628 5
9629 6
9630 2
9631 5
9632 3
9633 7
9634 4
9635 4
9636 3
9637 6
9638 2
9639 4
9640 3
9641 4
9642 5
9643 5
9644 4
9645 1
9646 3
9647 5
9648 1
9649 5
9650 3
9651 1
9652 3
9653 3
9654 3
9655 3
9656 1
9657 3
9658 1
9659 4
9660 4
9661 3
9662 1
9663 2
9664 5
9665 3
9666 3
9667 4
9668 2
9669 5
9670 4
9671 4
9672 3
9673 2
9674 4
9675 4
9676 2
9677 3
9678 3
9679 2
9680 2
9681 2
9682 5
9683 7
9684 6
9685 3
9686 4
9687 2
9688 2
9689 6
9690 3
9691 3
9692 2
9693 0
9694 2
9695 1
9696 2
9697 2
9698 1
9699 5
9700 3
9701 3
9702 2
9703 3
9704 3
9705 2
9706 3
9707 1
9708 2
9709 5
9710 2
9711 2
9712 3
9713 2
9714 5
9715 3
9716 4
9717 3
9718 1
9719 3
9720 7
9721 4
9722 1
9723 5
9724 5
9725 2
9726 4
9727 5
9728 6
9729 5
9730 2
9731 5
9732 5
9733 2
9734 5
9735 5
9736 2
9737 1
9738 2
9739 5
9740 1
9741 1
9742 2
9743 3
9744 2
9745 3
9746 3
9747 1
9748 3
9749 6
9750 3
9751 5
9752 4
9753 4
9754 3
9755 4
9756 1
9757 3
9758 3
9759 4
9760 6
9761 3
9762 5
9763 3
9764 5
9765 5
9766 5
9767 4
9768 3
9769 2
9770 2
9771 4
9772 5
9773 2
9774 3
9775 4
9776 4
9777 1
9778 4
9779 4
9780 3
9781 2
9782 5
9783 1
9784 3
9785 5
9786 5
9787 2
9788 4
9789 6
9790 7
9791 6
9792 3
9793 3
9794 6
9795 6
9796 5
9797 5
9798 4
9799 2
9800 5
9801 3
9802 2
9803 2
9804 5
9805 2
9806 4
9807 2
9808 1
9809 4
9810 2
9811 2
9812 2
9813 3
9814 3
9815 3
9816 1
9817 3
9818 2
9819 3
9820 4
9821 4
9822 2
9823 6
9824 2
9825 3
9826 1
9827 3
9828 4
9829 2
9830 4
9831 3
9832 4
9833 2
9834 6
9835 2
9836 3
9837 6
9838 0
9839 3
9840 5
9841 2
9842 4
9843 4
9844 1
9845 4
9846 6
9847 6
9848 3
9849 1
9850 2
9851 3
9852 2
9853 3
9854 5
9855 3
9856 2
9857 2
9858 2
9859 4
9860 1
9861 6
9862 6
9863 3
9864 4
9865 3
9866 5
9867 0
9868 3
9869 4
9870 1
9871 4
9872 2
9873 0
9874 2
9875 1
9876 2
9877 3
9878 5
9879 3
9880 6
9881 5
9882 2
9883 6
9884 2
9885 3
9886 3
9887 4
9888 3
9889 5
9890 1
9891 3
9892 2
9893 3
9894 4
9895 6
9896 6
9897 3
9898 4
9899 7
9900 6
9901 4
9902 2
9903 3
9904 1
9905 4
9906 4
9907 6
9908 2
9909 3
9910 5
9911 4
9912 3
9913 4
9914 3
9915 1
9916 3
9917 5
9918 3
9919 6
9920 6
9921 6
9922 5
9923 4
9924 4
9925 2
9926 3
9927 2
9928 2
9929 1
9930 1
9931 3
9932 2
9933 3
9934 1
9935 3
9936 5
9937 1
9938 1
9939 4
9940 7
9941 6
9942 3
9943 3
9944 5
9945 6
9946 1
9947 3
9948 5
9949 2
9950 1
9951 3
9952 3
9953 4
9954 2
9955 3
9956 3
9957 1
9958 6
9959 5
9960 4
9961 3
9962 4
9963 2
9964 5
9965 4
9966 4
9967 3
9968 2
9969 3
9970 1
9971 2
9972 4
9973 4
9974 5
9975 5
9976 6
9977 1
9978 2
9979 4
9980 4
9981 5
9982 1
9983 3
9984 2
9985 4
9986 3
9987 2
9988 6
9989 6
9990 6
9991 3
9992 3
9993 3
9994 3
9995 5
9996 4
9997 3
9998 3
9999 6
10000 0
10001 3
