0 8
1 8
2 3
3 5
4 4
5 1
6 0
7 2
8 3
9 2
10 2
11 2
12 2
13 2
14 2
15 1
16 2
17 1
18 0
19 3
20 0
21 1
22 1
23 0
24 3
25 0
26 1
27 2
28 1
29 2
30 3
31 1
32 1
33 1
34 1
35 0
36 2
37 0
38 2
39 0
40 1
41 0
42 0
43 1
44 2
45 1
46 0
47 1
48 0
49 1
50 0
51 0
52 1
53 0
54 0
55 0
56 1
57 0
58 0
59 1
60 1
61 1
62 1
63 0
64 0
65 0
66 0
67 0
68 0
69 0
70 1
71 1
72 0
73 0
74 0
75 1
76 0
77 2
78 0
79 0
80 1
81 0
82 0
83 0
84 0
85 1
86 0
87 1
88 0
89 0
90 1
91 3
92 1
93 0
94 1
95 0
96 1
97 1
98 4
99 2
100 1
101 4
102 2
103 0
104 1
105 1
106 1
107 0
108 0
109 1
110 2
111 2
112 0
113 0
114 0
115 2
116 0
117 3
118 1
119 2
120 0
121 1
122 0
123 1
124 0
125 3
126 0
127 1
128 0
129 1
130 0
131 2
132 0
133 0
134 1
135 1
136 0
137 0
138 1
139 1
140 2
141 1
142 0
143 2
144 1
145 3
146 3
147 2
148 2
149 1
150 3
151 1
152 1
153 1
154 2
155 2
156 0
157 2
158 1
159 1
160 1
161 2
162 1
163 0
164 1
165 2
166 0
167 1
168 3
169 0
170 2
171 0
172 1
173 1
174 2
175 1
176 4
177 2
178 1
179 1
180 1
181 1
182 1
183 0
184 2
185 0
186 1
187 1
188 2
189 2
190 4
191 2
192 2
193 2
194 1
195 2
196 1
197 3
198 2
199 3
200 3
201 4
202 1
203 2
204 4
205 1
206 1
207 0
208 2
209 0
210 1
211 0
212 1
213 1
214 2
215 2
216 1
217 0
218 3
219 1
220 1
221 3
222 2
223 2
224 2
225 2
226 2
227 1
228 1
229 1
230 1
231 1
232 1
233 0
234 2
235 1
236 1
237 1
238 3
239 1
240 2
241 1
242 1
243 2
244 0
245 0
246 0
247 0
248 0
249 1
250 2
251 2
252 0
253 1
254 0
255 2
256 1
257 1
258 0
259 3
260 0
261 2
262 1
263 1
264 1
265 1
266 1
267 1
268 1
269 4
270 0
271 1
272 2
273 1
274 2
275 3
276 1
277 1
278 1
279 2
280 0
281 1
282 0
283 0
284 1
285 0
286 2
287 1
288 1
289 1
290 2
291 1
292 0
293 1
294 1
295 0
296 0
297 1
298 1
299 1
300 0
301 1
302 1
303 1
304 0
305 1
306 3
307 1
308 2
309 0
310 1
311 0
312 0
313 1
314 1
315 0
316 0
317 1
318 0
319 1
320 2
321 1
322 0
323 0
324 2
325 1
326 2
327 1
328 3
329 0
330 0
331 1
332 1
333 1
334 2
335 1
336 1
337 0
338 2
339 0
340 0
341 0
342 1
343 1
344 1
345 3
346 2
347 1
348 0
349 0
350 2
351 2
352 0
353 1
354 1
355 1
356 1
357 0
358 0
359 0
360 0
361 0
362 0
363 1
364 1
365 1
366 0
367 0
368 0
369 0
370 1
371 1
372 0
373 0
374 0
375 0
376 0
377 1
378 0
379 0
380 0
381 0
382 0
383 1
384 2
385 1
386 0
387 2
388 0
389 2
390 3
391 2
392 1
393 0
394 0
395 0
396 1
397 0
398 0
399 0
400 0
401 1
402 0
403 1
404 0
405 2
406 0
407 2
408 0
409 1
410 1
411 0
412 1
413 0
414 0
415 0
416 0
417 0
418 0
419 1
420 0
421 1
422 0
423 0
424 0
425 0
426 0
427 2
428 0
429 1
430 1
431 0
432 0
433 1
434 0
435 0
436 0
437 1
438 0
439 1
440 1
441 1
442 0
443 0
444 0
445 0
446 1
447 0
448 0
449 0
450 0
451 0
452 0
453 0
454 0
455 0
456 0
457 0
458 0
459 0
460 0
461 1
462 0
463 0
464 0
465 0
466 1
467 0
468 0
469 1
470 0
471 0
472 0
473 1
474 1
475 0
476 1
477 1
478 0
479 0
480 1
481 0
482 0
483 0
484 0
485 0
486 0
487 1
488 0
489 1
490 2
491 1
492 2
493 0
494 0
495 2
496 1
497 2
498 2
499 1
500 1
501 2
502 1
503 3
504 3
505 1
506 1
507 0
508 0
509 2
510 0
511 1
512 2
513 2
514 0
515 0
516 0
517 2
518 1
519 0
520 0
521 0
522 0
523 1
524 1
525 0
526 2
527 0
528 1
529 1
530 0
531 3
532 0
533 2
534 0
535 2
536 0
537 0
538 2
539 2
540 1
541 1
542 2
543 1
544 1
545 1
546 1
547 2
548 2
549 0
550 1
551 1
552 1
553 0
554 0
555 0
556 1
557 2
558 3
559 1
560 1
561 0
562 0
563 0
564 1
565 1
566 1
567 0
568 0
569 1
570 2
571 1
572 2
573 1
574 1
575 2
576 1
577 3
578 0
579 2
580 1
581 0
582 1
583 0
584 0
585 0
586 0
587 0
588 3
589 0
590 0
591 1
592 1
593 0
594 0
595 2
596 2
597 2
598 1
599 1
600 2
601 1
602 0
603 1
604 2
605 0
606 1
607 0
608 0
609 0
610 0
611 0
612 0
613 0
614 0
615 1
616 0
617 1
618 0
619 0
620 1
621 0
622 1
623 0
624 1
625 2
626 0
627 1
628 1
629 3
630 1
631 1
632 2
633 2
634 0
635 1
636 1
637 3
638 1
639 2
640 1
641 0
642 1
643 0
644 1
645 0
646 0
647 0
648 0
649 1
650 0
651 0
652 1
653 1
654 2
655 0
656 1
657 2
658 3
659 0
660 0
661 0
662 2
663 0
664 3
665 3
666 1
667 1
668 2
669 0
670 4
671 1
672 1
673 1
674 1
675 2
676 1
677 2
678 1
679 0
680 4
681 1
682 2
683 1
684 2
685 1
686 5
687 1
688 3
689 1
690 4
691 1
692 1
693 4
694 2
695 2
696 3
697 3
698 5
699 0
700 1
701 1
702 1
703 2
704 4
705 0
706 1
707 2
708 1
709 2
710 0
711 4
712 2
713 2
714 2
715 0
716 2
717 3
718 3
719 3
720 1
721 0
722 1
723 0
724 2
725 1
726 1
727 2
728 2
729 0
730 1
731 0
732 3
733 1
734 1
735 2
736 0
737 0
738 2
739 0
740 3
741 1
742 2
743 2
744 1
745 1
746 0
747 0
748 1
749 2
750 0
751 3
752 0
753 2
754 1
755 2
756 1
757 2
758 2
759 3
760 0
761 0
762 1
763 1
764 2
765 2
766 1
767 0
768 2
769 1
770 2
771 1
772 2
773 2
774 4
775 1
776 2
777 3
778 0
779 1
780 2
781 1
782 1
783 1
784 0
785 3
786 0
787 0
788 3
789 4
790 2
791 1
792 0
793 2
794 2
795 1
796 1
797 2
798 1
799 2
800 2
801 2
802 0
803 4
804 2
805 2
806 5
807 1
808 2
809 2
810 3
811 2
812 1
813 1
814 4
815 3
816 1
817 2
818 1
819 1
820 1
821 1
822 1
823 2
824 1
825 3
826 1
827 3
828 2
829 1
830 1
831 0
832 2
833 1
834 2
835 1
836 1
837 0
838 2
839 1
840 1
841 1
842 1
843 0
844 0
845 1
846 1
847 0
848 2
849 0
850 0
851 0
852 2
853 0
854 1
855 0
856 2
857 2
858 1
859 1
860 1
861 1
862 1
863 1
864 0
865 1
866 0
867 1
868 2
869 1
870 2
871 2
872 0
873 0
874 0
875 0
876 0
877 0
878 1
879 1
880 0
881 1
882 0
883 4
884 0
885 1
886 0
887 1
888 0
889 0
890 0
891 0
892 1
893 0
894 0
895 1
896 1
897 0
898 1
899 0
900 1
901 0
902 0
903 2
904 0
905 2
906 2
907 0
908 2
909 0
910 2
911 0
912 2
913 0
914 1
915 1
916 1
917 2
918 2
919 1
920 0
921 1
922 0
923 1
924 0
925 0
926 0
927 0
928 1
929 1
930 1
931 0
932 1
933 2
934 0
935 1
936 0
937 0
938 1
939 1
940 2
941 1
942 0
943 1
944 1
945 2
946 1
947 0
948 0
949 1
950 2
951 1
952 2
953 0
954 1
955 2
956 0
957 1
958 1
959 0
960 1
961 2
962 2
963 4
964 1
965 0
966 1
967 0
968 4
969 3
970 1
971 1
972 0
973 1
974 2
975 1
976 1
977 0
978 2
979 2
980 2
981 3
982 1
983 1
984 4
985 3
986 0
987 2
988 2
989 4
990 0
991 2
992 4
993 2
994 0
995 1
996 0
997 3
998 1
999 1
1000 1
1001 1
1002 4
1003 3
1004 1
1005 2
1006 3
1007 1
1008 1
1009 1
1010 3
1011 2
1012 1
1013 4
1014 2
1015 1
1016 2
1017 2
1018 0
1019 0
1020 2
1021 5
1022 1
1023 1
1024 1
1025 1
1026 1
1027 1
1028 3
1029 1
1030 0
1031 3
1032 1
1033 0
1034 0
1035 0
1036 4
1037 1
1038 0
1039 0
1040 2
1041 1
1042 1
1043 1
1044 1
1045 1
1046 1
1047 1
1048 2
1049 5
1050 1
1051 1
1052 1
1053 1
1054 1
1055 1
1056 2
1057 2
1058 1
1059 0
1060 1
1061 0
1062 1
1063 0
1064 0
1065 1
1066 1
1067 0
1068 1
1069 0
1070 1
1071 0
1072 0
1073 2
1074 2
1075 2
1076 0
1077 1
1078 1
1079 0
1080 1
1081 1
1082 1
1083 0
1084 1
1085 2
1086 2
1087 1
1088 1
1089 1
1090 0
1091 0
1092 0
1093 0
1094 0
1095 1
1096 0
1097 0
1098 0
1099 0
1100 0
1101 0
1102 0
1103 1
1104 0
1105 0
1106 2
1107 0
1108 0
1109 1
1110 0
1111 1
1112 1
1113 0
1114 0
1115 2
1116 0
1117 2
1118 1
1119 1
1120 0
1121 2
1122 0
1123 2
1124 1
1125 2
1126 4
1127 2
1128 0
1129 2
1130 2
1131 1
1132 1
1133 1
1134 2
1135 1
1136 1
1137 3
1138 3
1139 3
1140 3
1141 1
1142 2
1143 2
1144 2
1145 1
1146 2
1147 2
1148 2
1149 0
1150 1
1151 0
1152 1
1153 3
1154 2
1155 1
1156 1
1157 3
1158 1
1159 3
1160 2
1161 3
1162 1
1163 2
1164 2
1165 1
1166 0
1167 0
1168 0
1169 1
1170 3
1171 4
1172 6
1173 0
1174 0
1175 0
1176 2
1177 0
1178 0
1179 0
1180 3
1181 0
1182 0
1183 2
1184 0
1185 1
1186 2
1187 2
1188 0
1189 3
1190 1
1191 1
1192 2
1193 2
1194 2
1195 0
1196 1
1197 1
1198 1
1199 0
1200 0
1201 1
1202 0
1203 2
1204 0
1205 0
1206 1
1207 1
1208 0
1209 0
1210 0
1211 2
1212 0
1213 1
1214 1
1215 0
1216 0
1217 3
1218 0
1219 2
1220 1
1221 0
1222 2
1223 4
1224 1
1225 3
1226 0
1227 1
1228 1
1229 4
1230 1
1231 1
1232 4
1233 1
1234 1
1235 2
1236 1
1237 4
1238 3
1239 2
1240 4
1241 1
1242 2
1243 2
1244 2
1245 1
1246 1
1247 1
1248 1
1249 0
1250 0
1251 3
1252 2
1253 2
1254 1
1255 4
1256 1
1257 0
1258 3
1259 1
1260 0
1261 2
1262 1
1263 3
1264 1
1265 0
1266 1
1267 0
1268 1
1269 2
1270 0
1271 2
1272 3
1273 2
1274 1
1275 2
1276 0
1277 0
1278 0
1279 0
1280 1
1281 1
1282 2
1283 2
1284 2
1285 2
1286 0
1287 0
1288 2
1289 0
1290 1
1291 2
1292 2
1293 1
1294 1
1295 1
1296 1
1297 0
1298 4
1299 3
1300 0
1301 0
1302 0
1303 1
1304 1
1305 0
1306 0
1307 1
1308 0
1309 1
1310 1
1311 1
1312 1
1313 0
1314 0
1315 0
1316 1
1317 2
1318 2
1319 0
1320 0
1321 3
1322 1
1323 0
1324 1
1325 0
1326 0
1327 1
1328 1
1329 0
1330 1
1331 1
1332 1
1333 0
1334 1
1335 0
1336 0
1337 0
1338 1
1339 0
1340 0
1341 0
1342 0
1343 0
1344 1
1345 0
1346 0
1347 0
1348 1
1349 1
1350 2
1351 0
1352 1
1353 0
1354 0
1355 0
1356 0
1357 1
1358 0
1359 1
1360 1
1361 1
1362 1
1363 2
1364 1
1365 0
1366 1
1367 0
1368 0
1369 2
1370 0
1371 1
1372 1
1373 0
1374 1
1375 0
1376 3
1377 1
1378 1
1379 1
1380 2
1381 1
1382 0
1383 1
1384 1
1385 1
1386 3
1387 3
1388 0
1389 1
1390 1
1391 0
1392 1
1393 0
1394 4
1395 1
1396 2
1397 0
1398 2
1399 1
1400 0
1401 2
1402 3
1403 2
1404 1
1405 2
1406 4
1407 1
1408 1
1409 1
1410 3
1411 2
1412 2
1413 2
1414 0
1415 2
1416 3
1417 0
1418 2
1419 2
1420 0
1421 3
1422 2
1423 2
1424 1
1425 1
1426 3
1427 2
1428 0
1429 0
1430 2
1431 0
1432 2
1433 2
1434 0
1435 1
1436 1
1437 2
1438 2
1439 1
1440 1
1441 1
1442 3
1443 0
1444 0
1445 1
1446 1
1447 2
1448 2
1449 1
1450 1
1451 2
1452 1
1453 0
1454 1
1455 2
1456 0
1457 2
1458 1
1459 1
1460 1
1461 1
1462 2
1463 0
1464 2
1465 0
1466 1
1467 0
1468 0
1469 1
1470 0
1471 0
1472 0
1473 0
1474 0
1475 1
1476 1
1477 2
1478 1
1479 2
1480 2
1481 1
1482 0
1483 0
1484 0
1485 0
1486 1
1487 1
1488 2
1489 1
1490 1
1491 0
1492 0
1493 2
1494 1
1495 1
1496 1
1497 2
1498 1
1499 1
1500 2
1501 1
1502 1
1503 1
1504 0
1505 2
1506 2
1507 0
1508 1
1509 1
1510 1
1511 2
1512 0
1513 2
1514 0
1515 0
1516 0
1517 0
1518 1
1519 0
1520 1
1521 2
1522 2
1523 1
1524 0
1525 2
1526 1
1527 1
1528 1
1529 0
1530 0
1531 4
1532 1
1533 2
1534 1
1535 1
1536 0
1537 0
1538 1
1539 3
1540 1
1541 2
1542 0
1543 2
1544 2
1545 0
1546 0
1547 1
1548 0
1549 1
1550 0
1551 1
1552 0
1553 2
1554 0
1555 2
1556 1
1557 1
1558 2
1559 0
1560 1
1561 0
1562 1
1563 1
1564 2
1565 2
1566 2
1567 2
1568 2
1569 2
1570 2
1571 2
1572 1
1573 1
1574 1
1575 2
1576 1
1577 0
1578 2
1579 2
1580 2
1581 0
1582 2
1583 4
1584 2
1585 0
1586 2
1587 1
1588 0
1589 1
1590 3
1591 1
1592 1
1593 3
1594 0
1595 2
1596 2
1597 1
1598 2
1599 5
1600 1
1601 1
1602 0
1603 4
1604 2
1605 0
1606 0
1607 0
1608 2
1609 2
1610 0
1611 2
1612 3
1613 2
1614 1
1615 2
1616 2
1617 0
1618 2
1619 1
1620 3
1621 2
1622 2
1623 0
1624 1
1625 1
1626 3
1627 2
1628 3
1629 3
1630 1
1631 2
1632 1
1633 1
1634 3
1635 0
1636 1
1637 3
1638 0
1639 1
1640 2
1641 0
1642 4
1643 1
1644 1
1645 0
1646 3
1647 0
1648 1
1649 2
1650 1
1651 2
1652 1
1653 0
1654 0
1655 2
1656 0
1657 3
1658 1
1659 0
1660 1
1661 0
1662 2
1663 2
1664 0
1665 3
1666 1
1667 0
1668 1
1669 1
1670 1
1671 1
1672 0
1673 2
1674 3
1675 2
1676 0
1677 2
1678 1
1679 1
1680 0
1681 1
1682 0
1683 1
1684 1
1685 3
1686 1
1687 1
1688 1
1689 0
1690 3
1691 1
1692 1
1693 0
1694 0
1695 1
1696 0
1697 1
1698 2
1699 1
1700 1
1701 1
1702 2
1703 2
1704 1
1705 1
1706 2
1707 2
1708 0
1709 1
1710 2
1711 1
1712 1
1713 1
1714 1
1715 2
1716 1
1717 0
1718 1
1719 0
1720 0
1721 2
1722 1
1723 2
1724 1
1725 2
1726 2
1727 0
1728 2
1729 0
1730 0
1731 1
1732 1
1733 1
1734 1
1735 0
1736 3
1737 1
1738 3
1739 2
1740 0
1741 0
1742 1
1743 1
1744 1
1745 3
1746 0
1747 1
1748 0
1749 2
1750 1
1751 1
1752 1
1753 1
1754 0
1755 1
1756 0
1757 2
1758 0
1759 1
1760 1
1761 0
1762 1
1763 1
1764 1
1765 0
1766 1
1767 0
1768 1
1769 3
1770 3
1771 0
1772 1
1773 2
1774 0
1775 3
1776 1
1777 1
1778 1
1779 1
1780 1
1781 2
1782 2
1783 3
1784 4
1785 2
1786 2
1787 3
1788 3
1789 1
1790 4
1791 0
1792 0
1793 1
1794 0
1795 0
1796 2
1797 0
1798 1
1799 2
1800 1
1801 3
1802 2
1803 2
1804 2
1805 1
1806 0
1807 1
1808 2
1809 2
1810 0
1811 2
1812 3
1813 2
1814 0
1815 2
1816 1
1817 1
1818 2
1819 2
1820 0
1821 1
1822 2
1823 2
1824 2
1825 1
1826 0
1827 1
1828 2
1829 2
1830 2
1831 0
1832 1
1833 0
1834 1
1835 1
1836 1
1837 3
1838 2
1839 2
1840 0
1841 0
1842 1
1843 1
1844 3
1845 0
1846 2
1847 0
1848 2
1849 4
1850 0
1851 0
1852 2
1853 1
1854 2
1855 2
1856 0
1857 3
1858 1
1859 2
1860 2
1861 2
1862 4
1863 3
1864 3
1865 1
1866 1
1867 2
1868 1
1869 3
1870 0
1871 1
1872 0
1873 2
1874 1
1875 3
1876 2
1877 0
1878 2
1879 1
1880 0
1881 2
1882 4
1883 1
1884 0
1885 0
1886 3
1887 4
1888 0
1889 1
1890 0
1891 4
1892 1
1893 0
1894 2
1895 1
1896 0
1897 3
1898 3
1899 0
1900 1
1901 2
1902 2
1903 4
1904 1
1905 2
1906 3
1907 3
1908 1
1909 1
1910 1
1911 1
1912 2
1913 1
1914 1
1915 1
1916 3
1917 3
1918 1
1919 2
1920 2
1921 2
1922 2
1923 4
1924 1
1925 4
1926 2
1927 5
1928 6
1929 2
1930 1
1931 2
1932 1
1933 1
1934 1
1935 4
1936 1
1937 0
1938 3
1939 0
1940 0
1941 3
1942 2
1943 2
1944 3
1945 2
1946 2
1947 2
1948 1
1949 2
1950 2
1951 2
1952 1
1953 0
1954 1
1955 1
1956 1
1957 2
1958 0
1959 1
1960 1
1961 1
1962 2
1963 2
1964 0
1965 2
1966 1
1967 0
1968 2
1969 0
1970 2
1971 2
1972 0
1973 2
1974 1
1975 0
1976 0
1977 3
1978 4
1979 0
1980 0
1981 1
1982 1
1983 2
1984 0
1985 1
1986 0
1987 2
1988 1
1989 0
1990 0
1991 1
1992 1
1993 1
1994 2
1995 0
1996 0
1997 1
1998 2
1999 2
2000 4
2001 1
2002 0
2003 2
2004 1
2005 1
2006 1
2007 0
2008 4
2009 3
2010 1
2011 1
2012 1
2013 2
2014 2
2015 2
2016 1
2017 1
2018 0
2019 0
2020 2
2021 1
2022 2
2023 3
2024 2
2025 1
2026 5
2027 2
2028 2
2029 2
2030 2
2031 1
2032 1
2033 1
2034 1
2035 2
2036 4
2037 1
2038 1
2039 1
2040 2
2041 1
2042 1
2043 2
2044 0
2045 1
2046 0
2047 1
2048 2
2049 3
2050 1
2051 1
2052 1
2053 0
2054 2
2055 0
2056 2
2057 2
2058 1
2059 0
2060 1
2061 1
2062 1
2063 2
2064 0
2065 1
2066 1
2067 1
2068 2
2069 4
2070 2
2071 1
2072 1
2073 1
2074 0
2075 3
2076 2
2077 2
2078 2
2079 1
2080 2
2081 4
2082 1
2083 1
2084 1
2085 2
2086 2
2087 0
2088 1
2089 0
2090 1
2091 2
2092 0
2093 4
2094 1
2095 1
2096 3
2097 3
2098 2
2099 1
2100 0
2101 1
2102 6
2103 0
2104 2
2105 3
2106 1
2107 2
2108 1
2109 1
2110 2
2111 3
2112 2
2113 0
2114 0
2115 3
2116 4
2117 1
2118 0
2119 0
2120 1
2121 1
2122 1
2123 0
2124 2
2125 0
2126 1
2127 0
2128 1
2129 0
2130 2
2131 0
2132 2
2133 1
2134 0
2135 4
2136 1
2137 0
2138 1
2139 2
2140 1
2141 2
2142 0
2143 3
2144 1
2145 2
2146 5
2147 3
2148 2
2149 1
2150 1
2151 5
2152 0
2153 1
2154 2
2155 2
2156 2
2157 1
2158 2
2159 3
2160 0
2161 1
2162 1
2163 0
2164 1
2165 0
2166 0
2167 0
2168 1
2169 0
2170 1
2171 3
2172 0
2173 0
2174 3
2175 0
2176 1
2177 1
2178 2
2179 2
2180 1
2181 2
2182 2
2183 3
2184 2
2185 5
2186 1
2187 1
2188 3
2189 3
2190 2
2191 0
2192 2
2193 2
2194 3
2195 3
2196 3
2197 4
2198 1
2199 3
2200 3
2201 2
2202 1
2203 2
2204 3
2205 2
2206 3
2207 0
2208 1
2209 1
2210 0
2211 0
2212 2
2213 2
2214 3
2215 2
2216 1
2217 1
2218 4
2219 1
2220 1
2221 2
2222 0
2223 1
2224 3
2225 1
2226 0
2227 2
2228 2
2229 1
2230 3
2231 2
2232 1
2233 5
2234 1
2235 4
2236 0
2237 1
2238 3
2239 1
2240 1
2241 4
2242 2
2243 1
2244 0
2245 1
2246 1
2247 3
2248 1
2249 0
2250 3
2251 1
2252 4
2253 3
2254 0
2255 2
2256 2
2257 0
2258 0
2259 1
2260 3
2261 2
2262 0
2263 1
2264 3
2265 0
2266 2
2267 2
2268 1
2269 1
2270 2
2271 3
2272 3
2273 0
2274 1
2275 1
2276 1
2277 0
2278 1
2279 3
2280 2
2281 3
2282 3
2283 1
2284 1
2285 0
2286 1
2287 1
2288 2
2289 2
2290 0
2291 5
2292 1
2293 0
2294 3
2295 1
2296 0
2297 3
2298 3
2299 2
2300 1
2301 0
2302 3
2303 3
2304 0
2305 1
2306 3
2307 3
2308 0
2309 3
2310 1
2311 2
2312 2
2313 0
2314 1
2315 0
2316 0
2317 2
2318 2
2319 2
2320 1
2321 0
2322 1
2323 1
2324 2
2325 2
2326 0
2327 1
2328 1
2329 2
2330 2
2331 3
2332 2
2333 2
2334 2
2335 0
2336 1
2337 1
2338 2
2339 1
2340 1
2341 2
2342 1
2343 3
2344 2
2345 0
2346 0
2347 1
2348 4
2349 3
2350 1
2351 2
2352 0
2353 3
2354 0
2355 2
2356 1
2357 0
2358 1
2359 0
2360 0
2361 1
2362 1
2363 0
2364 2
2365 1
2366 0
2367 0
2368 1
2369 1
2370 1
2371 0
2372 0
2373 1
2374 1
2375 3
2376 0
2377 0
2378 1
2379 2
2380 0
2381 0
2382 2
2383 1
2384 0
2385 0
2386 1
2387 0
2388 0
2389 0
2390 0
2391 3
2392 1
2393 2
2394 1
2395 1
2396 1
2397 2
2398 1
2399 0
2400 3
2401 1
2402 0
2403 1
2404 1
2405 1
2406 0
2407 1
2408 1
2409 0
2410 0
2411 1
2412 2
2413 1
2414 1
2415 2
2416 0
2417 1
2418 0
2419 1
2420 1
2421 0
2422 3
2423 5
2424 1
2425 0
2426 2
2427 0
2428 0
2429 1
2430 1
2431 1
2432 0
2433 1
2434 0
2435 0
2436 2
2437 0
2438 1
2439 2
2440 0
2441 1
2442 2
2443 1
2444 1
2445 1
2446 2
2447 0
2448 0
2449 1
2450 1
2451 1
2452 0
2453 1
2454 2
2455 1
2456 0
2457 1
2458 0
2459 2
2460 1
2461 1
2462 1
2463 2
2464 1
2465 6
2466 1
2467 0
2468 1
2469 1
2470 3
2471 2
2472 1
2473 0
2474 0
2475 1
2476 0
2477 0
2478 0
2479 0
2480 0
2481 1
2482 0
2483 1
2484 2
2485 2
2486 0
2487 1
2488 0
2489 0
2490 0
2491 0
2492 0
2493 1
2494 0
2495 1
2496 0
2497 1
2498 0
2499 0
2500 2
2501 0
2502 0
2503 0
2504 1
2505 0
2506 1
2507 1
2508 0
2509 1
2510 0
2511 1
2512 1
2513 0
2514 1
2515 0
2516 0
2517 0
2518 0
2519 1
2520 0
2521 0
2522 1
2523 1
2524 1
2525 0
2526 0
2527 1
2528 0
2529 1
2530 1
2531 1
2532 0
2533 2
2534 0
2535 1
2536 0
2537 0
2538 0
2539 0
2540 0
2541 0
2542 0
2543 1
2544 0
2545 0
2546 0
2547 0
2548 0
2549 1
2550 1
2551 0
2552 2
2553 0
2554 0
2555 0
2556 1
2557 0
2558 1
2559 1
2560 0
2561 0
2562 0
2563 0
2564 0
2565 1
2566 0
2567 0
2568 0
2569 0
2570 2
2571 0
2572 0
2573 1
2574 0
2575 0
2576 0
2577 0
2578 1
2579 0
2580 0
2581 0
2582 0
2583 0
2584 0
2585 2
2586 1
2587 1
2588 1
2589 1
2590 0
2591 1
2592 2
2593 0
2594 1
2595 1
2596 0
2597 0
2598 1
2599 0
2600 0
2601 0
2602 2
2603 0
2604 0
2605 0
2606 0
2607 0
2608 0
2609 1
2610 0
2611 0
2612 0
2613 0
2614 0
2615 1
2616 1
2617 0
2618 0
2619 0
2620 0
2621 1
2622 1
2623 1
2624 1
2625 2
2626 0
2627 1
2628 2
2629 1
2630 1
2631 1
2632 0
2633 1
2634 0
2635 1
2636 2
2637 0
2638 0
2639 1
2640 0
2641 2
2642 0
2643 0
2644 1
2645 0
2646 0
2647 0
2648 0
2649 1
2650 1
2651 0
2652 0
2653 0
2654 1
2655 0
2656 0
2657 0
2658 1
2659 0
2660 2
2661 0
2662 0
2663 0
2664 0
2665 0
2666 0
2667 1
2668 0
2669 0
2670 0
2671 0
2672 1
2673 0
2674 0
2675 0
2676 1
2677 2
2678 0
2679 1
2680 1
2681 1
2682 0
2683 1
2684 1
2685 1
2686 0
2687 1
2688 0
2689 0
2690 0
2691 0
2692 0
2693 1
2694 1
2695 2
2696 0
2697 0
2698 0
2699 1
2700 1
2701 2
2702 1
2703 0
2704 0
2705 0
2706 0
2707 1
2708 2
2709 0
2710 1
2711 2
2712 0
2713 0
2714 0
2715 1
2716 0
2717 1
2718 0
2719 0
2720 0
2721 0
2722 1
2723 1
2724 1
2725 1
2726 1
2727 1
2728 0
2729 1
2730 2
2731 0
2732 1
2733 1
2734 0
2735 2
2736 1
2737 3
2738 2
2739 1
2740 2
2741 3
2742 0
2743 0
2744 0
2745 0
2746 0
2747 1
2748 2
2749 1
2750 1
2751 1
2752 2
2753 1
2754 0
2755 1
2756 0
2757 2
2758 1
2759 3
2760 1
2761 2
2762 1
2763 0
2764 2
2765 1
2766 1
2767 0
2768 2
2769 2
2770 0
2771 2
2772 1
2773 1
2774 1
2775 1
2776 1
2777 1
2778 1
2779 0
2780 2
2781 2
2782 3
2783 2
2784 2
2785 1
2786 2
2787 0
2788 0
2789 0
2790 1
2791 1
2792 2
2793 0
2794 1
2795 0
2796 2
2797 0
2798 2
2799 1
2800 2
2801 2
2802 1
2803 1
2804 2
2805 0
2806 1
2807 0
2808 0
2809 1
2810 0
2811 2
2812 1
2813 2
2814 2
2815 2
2816 1
2817 0
2818 0
2819 1
2820 1
2821 0
2822 1
2823 1
2824 1
2825 1
2826 1
2827 2
2828 1
2829 0
2830 2
2831 1
2832 0
2833 2
2834 1
2835 1
2836 4
2837 1
2838 2
2839 2
2840 1
2841 2
2842 1
2843 2
2844 0
2845 2
2846 2
2847 4
2848 3
2849 1
2850 1
2851 0
2852 1
2853 1
2854 0
2855 2
2856 1
2857 1
2858 2
2859 2
2860 1
2861 1
2862 1
2863 0
2864 1
2865 0
2866 1
2867 1
2868 0
2869 1
2870 2
2871 0
2872 0
2873 0
2874 0
2875 0
2876 3
2877 0
2878 0
2879 2
2880 1
2881 0
2882 0
2883 0
2884 1
2885 0
2886 0
2887 1
2888 0
2889 0
2890 0
2891 1
2892 0
2893 0
2894 0
2895 1
2896 1
2897 0
2898 0
2899 1
2900 1
2901 0
2902 0
2903 0
2904 0
2905 0
2906 2
2907 1
2908 1
2909 1
2910 0
2911 0
2912 0
2913 0
2914 1
2915 0
2916 0
2917 3
2918 0
2919 0
2920 0
2921 0
2922 1
2923 0
2924 0
2925 0
2926 0
2927 0
2928 0
2929 2
2930 0
2931 1
2932 1
2933 1
2934 0
2935 1
2936 1
2937 1
2938 0
2939 3
2940 0
2941 0
2942 1
2943 1
2944 0
2945 0
2946 3
2947 1
2948 0
2949 1
2950 1
2951 0
2952 1
2953 1
2954 0
2955 0
2956 1
2957 1
2958 2
2959 0
2960 1
2961 0
2962 1
2963 0
2964 1
2965 1
2966 1
2967 1
2968 2
2969 0
2970 1
2971 0
2972 2
2973 1
2974 1
2975 0
2976 2
2977 1
2978 0
2979 2
2980 0
2981 1
2982 1
2983 0
2984 1
2985 2
2986 0
2987 1
2988 1
2989 0
2990 0
2991 1
2992 2
2993 3
2994 0
2995 1
2996 0
2997 0
2998 1
2999 1
3000 0
3001 2
3002 1
3003 0
3004 2
3005 1
3006 1
3007 1
3008 1
3009 0
3010 0
3011 0
3012 1
3013 1
3014 1
3015 0
3016 0
3017 1
3018 2
3019 1
3020 0
3021 0
3022 0
3023 0
3024 2
3025 1
3026 0
3027 0
3028 1
3029 1
3030 0
3031 0
3032 1
3033 1
3034 0
3035 1
3036 0
3037 1
3038 1
3039 0
3040 1
3041 0
3042 0
3043 3
3044 0
3045 0
3046 0
3047 1
3048 0
3049 3
3050 1
3051 0
3052 0
3053 0
3054 1
3055 1
3056 0
3057 1
3058 1
3059 0
3060 1
3061 1
3062 2
3063 3
3064 2
3065 1
3066 0
3067 1
3068 3
3069 0
3070 2
3071 1
3072 0
3073 0
3074 1
3075 1
3076 2
3077 1
3078 1
3079 1
3080 3
3081 0
3082 1
3083 0
3084 3
3085 1
3086 0
3087 2
3088 1
3089 0
3090 1
3091 0
3092 0
3093 1
3094 0
3095 0
3096 3
3097 2
3098 1
3099 0
3100 1
3101 1
3102 1
3103 2
3104 0
3105 0
3106 0
3107 1
3108 0
3109 0
3110 1
3111 2
3112 2
3113 0
3114 0
3115 1
3116 0
3117 1
3118 1
3119 0
3120 0
3121 1
3122 1
3123 0
3124 1
3125 0
3126 1
3127 0
3128 1
3129 0
3130 1
3131 1
3132 1
3133 0
3134 2
3135 0
3136 0
3137 0
3138 0
3139 1
3140 0
3141 0
3142 0
3143 2
3144 1
3145 0
3146 0
3147 1
3148 2
3149 0
3150 0
3151 1
3152 0
3153 0
3154 3
3155 2
3156 1
3157 0
3158 0
3159 0
3160 3
3161 1
3162 0
3163 2
3164 2
3165 0
3166 1
3167 1
3168 1
3169 2
3170 1
3171 0
3172 1
3173 0
3174 2
3175 0
3176 3
3177 0
3178 0
3179 1
3180 2
3181 0
3182 0
3183 1
3184 1
3185 1
3186 1
3187 1
3188 1
3189 1
3190 0
3191 1
3192 1
3193 3
3194 2
3195 1
3196 0
3197 1
3198 3
3199 1
3200 0
3201 0
3202 1
3203 0
3204 0
3205 3
3206 0
3207 0
3208 1
3209 1
3210 2
3211 3
3212 1
3213 1
3214 0
3215 2
3216 0
3217 0
3218 2
3219 2
3220 1
3221 0
3222 1
3223 1
3224 1
3225 1
3226 1
3227 1
3228 0
3229 0
3230 0
3231 0
3232 1
3233 1
3234 1
3235 0
3236 0
3237 0
3238 0
3239 0
3240 0
3241 2
3242 1
3243 3
3244 2
3245 0
3246 1
3247 1
3248 0
3249 0
3250 1
3251 1
3252 2
3253 0
3254 2
3255 2
3256 1
3257 3
3258 0
3259 2
3260 0
3261 1
3262 1
3263 1
3264 1
3265 1
3266 0
3267 1
3268 2
3269 2
3270 0
3271 1
3272 3
3273 1
3274 1
3275 1
3276 2
3277 0
3278 2
3279 2
3280 1
3281 2
3282 1
3283 2
3284 1
3285 1
3286 2
3287 0
3288 1
3289 2
3290 0
3291 0
3292 0
3293 0
3294 0
3295 0
3296 2
3297 0
3298 1
3299 0
3300 1
3301 0
3302 1
3303 2
3304 2
3305 2
3306 1
3307 2
3308 0
3309 2
3310 1
3311 2
3312 1
3313 1
3314 2
3315 2
3316 0
3317 1
3318 1
3319 0
3320 1
3321 0
3322 0
3323 1
3324 0
3325 1
3326 0
3327 0
3328 1
3329 1
3330 1
3331 1
3332 1
3333 0
3334 1
3335 1
3336 0
3337 1
3338 1
3339 0
3340 3
3341 1
3342 1
3343 0
3344 0
3345 1
3346 1
3347 2
3348 1
3349 1
3350 0
3351 0
3352 1
3353 3
3354 0
3355 2
3356 2
3357 3
3358 0
3359 0
3360 0
3361 2
3362 1
3363 0
3364 0
3365 2
3366 1
3367 1
3368 2
3369 1
3370 2
3371 0
3372 1
3373 0
3374 1
3375 2
3376 4
3377 1
3378 1
3379 0
3380 0
3381 1
3382 0
3383 1
3384 1
3385 2
3386 0
3387 0
3388 0
3389 0
3390 0
3391 1
3392 0
3393 0
3394 0
3395 0
3396 0
3397 0
3398 0
3399 0
3400 0
3401 1
3402 0
3403 0
3404 0
3405 2
3406 2
3407 1
3408 0
3409 0
3410 1
3411 0
3412 0
3413 0
3414 0
3415 1
3416 1
3417 0
3418 0
3419 0
3420 0
3421 0
3422 0
3423 0
3424 0
3425 1
3426 0
3427 0
3428 0
3429 0
3430 0
3431 0
3432 0
3433 0
3434 0
3435 0
3436 0
3437 0
3438 2
3439 0
3440 1
3441 0
3442 1
3443 0
3444 0
3445 1
3446 0
3447 1
3448 1
3449 1
3450 1
3451 1
3452 1
3453 1
3454 0
3455 0
3456 0
3457 2
3458 3
3459 2
3460 1
3461 1
3462 2
3463 2
3464 2
3465 0
3466 2
3467 1
3468 2
3469 1
3470 1
3471 0
3472 3
3473 2
3474 0
3475 1
3476 2
3477 1
3478 0
3479 0
3480 1
3481 1
3482 1
3483 0
3484 0
3485 0
3486 2
3487 2
3488 0
3489 1
3490 1
3491 0
3492 1
3493 0
3494 1
3495 1
3496 2
3497 1
3498 1
3499 0
3500 2
3501 3
3502 1
3503 0
3504 2
3505 0
3506 0
3507 2
3508 0
3509 2
3510 0
3511 0
3512 0
3513 0
3514 2
3515 0
3516 2
3517 0
3518 2
3519 1
3520 0
3521 2
3522 0
3523 2
3524 3
3525 0
3526 4
3527 0
3528 0
3529 0
3530 2
3531 3
3532 2
3533 0
3534 1
3535 0
3536 3
3537 0
3538 0
3539 0
3540 2
3541 1
3542 2
3543 1
3544 0
3545 2
3546 1
3547 1
3548 1
3549 0
3550 2
3551 0
3552 2
3553 3
3554 0
3555 1
3556 1
3557 1
3558 0
3559 2
3560 1
3561 0
3562 2
3563 1
3564 1
3565 0
3566 1
3567 1
3568 0
3569 1
3570 1
3571 0
3572 0
3573 0
3574 0
3575 0
3576 1
3577 1
3578 1
3579 0
3580 1
3581 2
3582 2
3583 0
3584 1
3585 1
3586 1
3587 1
3588 3
3589 0
3590 2
3591 1
3592 0
3593 1
3594 4
3595 3
3596 0
3597 1
3598 2
3599 1
3600 2
3601 0
3602 1
3603 1
3604 1
3605 1
3606 1
3607 0
3608 1
3609 2
3610 1
3611 1
3612 0
3613 2
3614 0
3615 2
3616 1
3617 2
3618 0
3619 1
3620 1
3621 1
3622 1
3623 0
3624 2
3625 1
3626 1
3627 0
3628 2
3629 1
3630 1
3631 2
3632 1
3633 0
3634 0
3635 1
3636 0
3637 1
3638 1
3639 1
3640 1
3641 1
3642 1
3643 1
3644 2
3645 2
3646 2
3647 2
3648 1
3649 1
3650 3
3651 1
3652 3
3653 0
3654 3
3655 4
3656 1
3657 3
3658 2
3659 1
3660 1
3661 0
3662 2
3663 1
3664 3
3665 3
3666 3
3667 1
3668 3
3669 0
3670 1
3671 2
3672 1
3673 0
3674 1
3675 1
3676 1
3677 1
3678 2
3679 3
3680 3
3681 0
3682 1
3683 2
3684 1
3685 2
3686 1
3687 4
3688 3
3689 3
3690 2
3691 2
3692 1
3693 4
3694 4
3695 1
3696 4
3697 2
3698 4
3699 2
3700 3
3701 3
3702 2
3703 1
3704 0
3705 0
3706 1
3707 3
3708 2
3709 1
3710 0
3711 1
3712 1
3713 2
3714 2
3715 2
3716 1
3717 2
3718 0
3719 3
3720 1
3721 4
3722 2
3723 0
3724 2
3725 2
3726 1
3727 0
3728 1
3729 3
3730 2
3731 2
3732 2
3733 2
3734 4
3735 0
3736 1
3737 1
3738 1
3739 3
3740 0
3741 1
3742 2
3743 2
3744 1
3745 2
3746 2
3747 0
3748 2
3749 1
3750 2
3751 2
3752 2
3753 1
3754 0
3755 1
3756 1
3757 3
3758 1
3759 2
3760 1
3761 1
3762 0
3763 2
3764 1
3765 3
3766 2
3767 0
3768 0
3769 2
3770 2
3771 0
3772 1
3773 2
3774 0
3775 1
3776 1
3777 0
3778 1
3779 1
3780 2
3781 2
3782 1
3783 2
3784 2
3785 3
3786 2
3787 0
3788 2
3789 1
3790 0
3791 3
3792 2
3793 0
3794 1
3795 0
3796 1
3797 1
3798 3
3799 1
3800 3
3801 1
3802 2
3803 2
3804 3
3805 2
3806 0
3807 0
3808 0
3809 0
3810 0
3811 2
3812 2
3813 1
3814 2
3815 4
3816 2
3817 4
3818 3
3819 3
3820 4
3821 2
3822 1
3823 1
3824 0
3825 2
3826 1
3827 3
3828 1
3829 0
3830 1
3831 2
3832 1
3833 0
3834 2
3835 1
3836 2
3837 2
3838 1
3839 3
3840 2
3841 2
3842 1
3843 2
3844 2
3845 1
3846 2
3847 1
3848 0
3849 1
3850 3
3851 0
3852 1
3853 2
3854 0
3855 2
3856 2
3857 0
3858 2
3859 1
3860 1
3861 1
3862 2
3863 2
3864 2
3865 0
3866 0
3867 0
3868 3
3869 1
3870 1
3871 2
3872 3
3873 1
3874 0
3875 1
3876 0
3877 0
3878 2
3879 0
3880 1
3881 0
3882 0
3883 2
3884 1
3885 0
3886 0
3887 0
3888 1
3889 0
3890 2
3891 1
3892 0
3893 0
3894 0
3895 0
3896 0
3897 0
3898 0
3899 0
3900 0
3901 0
3902 0
3903 0
3904 0
3905 0
3906 0
3907 1
3908 0
3909 1
3910 0
3911 0
3912 1
3913 0
3914 0
3915 1
3916 0
3917 0
3918 0
3919 0
3920 0
3921 0
3922 0
3923 1
3924 0
3925 0
3926 0
3927 1
3928 0
3929 0
3930 0
3931 1
3932 0
3933 0
3934 0
3935 0
3936 0
3937 0
3938 0
3939 1
3940 1
3941 1
3942 0
3943 2
3944 0
3945 1
3946 0
3947 2
3948 1
3949 1
3950 1
3951 0
3952 0
3953 0
3954 0
3955 2
3956 0
3957 1
3958 1
3959 1
3960 0
3961 0
3962 0
3963 0
3964 3
3965 0
3966 1
3967 0
3968 1
3969 1
3970 1
3971 0
3972 0
3973 2
3974 1
3975 1
3976 1
3977 0
3978 0
3979 0
3980 1
3981 0
3982 0
3983 0
3984 0
3985 0
3986 0
3987 1
3988 0
3989 0
3990 0
3991 1
3992 0
3993 0
3994 0
3995 0
3996 0
3997 2
3998 0
3999 1
4000 0
4001 0
4002 0
4003 0
4004 0
4005 0
4006 0
4007 1
4008 1
4009 0
4010 1
4011 1
4012 0
4013 0
4014 0
4015 0
4016 0
4017 0
4018 0
4019 0
4020 0
4021 0
4022 0
4023 0
4024 0
4025 0
4026 0
4027 0
4028 0
4029 0
4030 1
4031 1
4032 0
4033 1
4034 0
4035 0
4036 0
4037 1
4038 1
4039 1
4040 2
4041 2
4042 1
4043 1
4044 1
4045 1
4046 2
4047 0
4048 0
4049 1
4050 1
4051 0
4052 1
4053 1
4054 0
4055 3
4056 0
4057 0
4058 1
4059 0
4060 1
4061 1
4062 0
4063 2
4064 0
4065 0
4066 0
4067 0
4068 0
4069 1
4070 2
4071 0
4072 1
4073 1
4074 0
4075 1
4076 1
4077 0
4078 1
4079 1
4080 1
4081 1
4082 1
4083 0
4084 1
4085 3
4086 0
4087 1
4088 0
4089 1
4090 2
4091 1
4092 1
4093 1
4094 1
4095 1
4096 1
4097 0
4098 2
4099 1
4100 1
4101 0
4102 1
4103 1
4104 1
4105 0
4106 1
4107 0
4108 1
4109 0
4110 1
4111 1
4112 2
4113 2
4114 1
4115 2
4116 1
4117 0
4118 1
4119 0
4120 1
4121 1
4122 1
4123 4
4124 2
4125 1
4126 2
4127 1
4128 1
4129 4
4130 3
4131 0
4132 0
4133 3
4134 1
4135 1
4136 0
4137 0
4138 0
4139 1
4140 2
4141 0
4142 2
4143 0
4144 1
4145 0
4146 0
4147 4
4148 2
4149 4
4150 2
4151 2
4152 0
4153 1
4154 3
4155 4
4156 3
4157 1
4158 2
4159 0
4160 0
4161 0
4162 0
4163 0
4164 1
4165 1
4166 1
4167 2
4168 1
4169 1
4170 0
4171 0
4172 0
4173 1
4174 2
4175 3
4176 0
4177 0
4178 1
4179 0
4180 0
4181 2
4182 1
4183 1
4184 2
4185 2
4186 0
4187 2
4188 2
4189 1
4190 1
4191 0
4192 1
4193 3
4194 2
4195 1
4196 1
4197 1
4198 1
4199 3
4200 2
4201 4
4202 2
4203 1
4204 2
4205 0
4206 0
4207 1
4208 3
4209 0
4210 2
4211 2
4212 2
4213 1
4214 1
4215 0
4216 1
4217 0
4218 0
4219 2
4220 0
4221 1
4222 1
4223 3
4224 1
4225 0
4226 3
4227 0
4228 0
4229 2
4230 2
4231 0
4232 1
4233 3
4234 2
4235 3
4236 1
4237 0
4238 0
4239 0
4240 0
4241 1
4242 1
4243 1
4244 0
4245 0
4246 1
4247 3
4248 0
4249 1
4250 0
4251 1
4252 0
4253 0
4254 2
4255 0
4256 0
4257 1
4258 1
4259 1
4260 0
4261 0
4262 0
4263 0
4264 1
4265 1
4266 0
4267 3
4268 0
4269 0
4270 0
4271 0
4272 0
4273 0
4274 0
4275 0
4276 0
4277 0
4278 0
4279 1
4280 0
4281 0
4282 1
4283 0
4284 0
4285 0
4286 0
4287 0
4288 0
4289 0
4290 1
4291 1
4292 0
4293 0
4294 0
4295 0
4296 0
4297 1
4298 0
4299 0
4300 1
4301 0
4302 1
4303 2
4304 0
4305 1
4306 2
4307 1
4308 1
4309 0
4310 1
4311 1
4312 2
4313 1
4314 2
4315 0
4316 1
4317 0
4318 2
4319 0
4320 1
4321 0
4322 1
4323 1
4324 0
4325 0
4326 0
4327 0
4328 0
4329 0
4330 0
4331 0
4332 0
4333 0
4334 0
4335 0
4336 1
4337 0
4338 0
4339 0
4340 0
4341 0
4342 1
4343 0
4344 0
4345 0
4346 0
4347 0
4348 0
4349 1
4350 0
4351 1
4352 0
4353 1
4354 0
4355 0
4356 1
4357 0
4358 0
4359 2
4360 1
4361 0
4362 0
4363 1
4364 0
4365 1
4366 1
4367 0
4368 0
4369 0
4370 0
4371 2
4372 1
4373 1
4374 0
4375 0
4376 1
4377 1
4378 0
4379 1
4380 1
4381 0
4382 1
4383 0
4384 0
4385 2
4386 1
4387 1
4388 0
4389 0
4390 2
4391 1
4392 1
4393 2
4394 1
4395 0
4396 0
4397 0
4398 1
4399 1
4400 0
4401 0
4402 0
4403 1
4404 1
4405 1
4406 0
4407 0
4408 0
4409 0
4410 2
4411 1
4412 0
4413 2
4414 2
4415 1
4416 0
4417 1
4418 0
4419 0
4420 1
4421 1
4422 0
4423 1
4424 0
4425 0
4426 1
4427 1
4428 0
4429 0
4430 1
4431 2
4432 0
4433 0
4434 1
4435 0
4436 1
4437 0
4438 1
4439 1
4440 2
4441 0
4442 0
4443 1
4444 2
4445 2
4446 1
4447 2
4448 0
4449 1
4450 2
4451 0
4452 2
4453 1
4454 1
4455 0
4456 0
4457 1
4458 0
4459 0
4460 0
4461 2
4462 0
4463 2
4464 0
4465 2
4466 0
4467 1
4468 1
4469 1
4470 0
4471 0
4472 0
4473 0
4474 0
4475 1
4476 0
4477 0
4478 1
4479 1
4480 1
4481 0
4482 0
4483 0
4484 1
4485 0
4486 1
4487 2
4488 0
4489 2
4490 1
4491 1
4492 2
4493 1
4494 0
4495 3
4496 1
4497 1
4498 1
4499 1
4500 3
4501 0
4502 2
4503 1
4504 1
4505 1
4506 0
4507 0
4508 2
4509 1
4510 0
4511 0
4512 1
4513 0
4514 1
4515 0
4516 1
4517 1
4518 0
4519 2
4520 0
4521 0
4522 0
4523 0
4524 0
4525 1
4526 0
4527 0
4528 0
4529 0
4530 0
4531 2
4532 0
4533 1
4534 0
4535 0
4536 0
4537 0
4538 0
4539 3
4540 1
4541 1
4542 1
4543 2
4544 1
4545 2
4546 1
4547 0
4548 1
4549 1
4550 0
4551 0
4552 1
4553 0
4554 0
4555 0
4556 0
4557 0
4558 0
4559 0
4560 0
4561 0
4562 0
4563 0
4564 0
4565 1
4566 0
4567 1
4568 0
4569 1
4570 2
4571 0
4572 0
4573 0
4574 0
4575 0
4576 1
4577 0
4578 0
4579 1
4580 0
4581 1
4582 0
4583 1
4584 1
4585 0
4586 0
4587 0
4588 0
4589 0
4590 0
4591 0
4592 0
4593 1
4594 0
4595 0
4596 1
4597 0
4598 0
4599 0
4600 0
4601 0
4602 0
4603 1
4604 0
4605 0
4606 1
4607 0
4608 3
4609 2
4610 1
4611 1
4612 0
4613 0
4614 0
4615 0
4616 1
4617 0
4618 1
4619 0
4620 0
4621 0
4622 0
4623 0
4624 0
4625 1
4626 1
4627 0
4628 0
4629 0
4630 0
4631 0
4632 0
4633 0
4634 0
4635 0
4636 0
4637 1
4638 1
4639 0
4640 1
4641 0
4642 0
4643 0
4644 1
4645 0
4646 0
4647 0
4648 1
4649 1
4650 1
4651 0
4652 0
4653 1
4654 0
4655 0
4656 0
4657 1
4658 1
4659 2
4660 1
4661 0
4662 1
4663 0
4664 1
4665 0
4666 0
4667 1
4668 0
4669 2
4670 0
4671 1
4672 0
4673 1
4674 1
4675 1
4676 0
4677 1
4678 0
4679 0
4680 0
4681 0
4682 1
4683 1
4684 0
4685 1
4686 1
4687 0
4688 0
4689 0
4690 0
4691 0
4692 0
4693 0
4694 0
4695 0
4696 0
4697 0
4698 0
4699 0
4700 0
4701 0
4702 0
4703 1
4704 0
4705 1
4706 0
4707 1
4708 0
4709 0
4710 0
4711 0
4712 0
4713 0
4714 0
4715 1
4716 0
4717 0
4718 0
4719 1
4720 0
4721 0
4722 0
4723 0
4724 0
4725 1
4726 1
4727 3
4728 0
4729 1
4730 0
4731 2
4732 2
4733 0
4734 0
4735 0
4736 0
4737 0
4738 0
4739 1
4740 0
4741 1
4742 1
4743 1
4744 2
4745 1
4746 1
4747 0
4748 0
4749 1
4750 0
4751 1
4752 0
4753 1
4754 2
4755 1
4756 0
4757 1
4758 1
4759 0
4760 1
4761 0
4762 2
4763 1
4764 1
4765 1
4766 1
4767 1
4768 0
4769 1
4770 0
4771 0
4772 1
4773 0
4774 1
4775 1
4776 2
4777 0
4778 1
4779 3
4780 1
4781 1
4782 2
4783 0
4784 2
4785 0
4786 1
4787 2
4788 2
4789 1
4790 1
4791 2
4792 2
4793 2
4794 1
4795 3
4796 1
4797 2
4798 2
4799 3
4800 0
4801 1
4802 3
4803 2
4804 2
4805 1
4806 1
4807 0
4808 1
4809 1
4810 0
4811 1
4812 1
4813 2
4814 0
4815 0
4816 0
4817 2
4818 2
4819 1
4820 0
4821 1
4822 0
4823 1
4824 0
4825 0
4826 1
4827 0
4828 0
4829 0
4830 0
4831 0
4832 0
4833 0
4834 0
4835 0
4836 0
4837 0
4838 0
4839 1
4840 1
4841 0
4842 0
4843 0
4844 0
4845 0
4846 0
4847 2
4848 0
4849 1
4850 0
4851 0
4852 1
4853 1
4854 1
4855 1
4856 0
4857 0
4858 1
4859 0
4860 0
4861 1
4862 0
4863 0
4864 0
4865 0
4866 2
4867 2
4868 0
4869 0
4870 1
4871 1
4872 0
4873 1
4874 0
4875 0
4876 2
4877 1
4878 2
4879 1
4880 0
4881 1
4882 2
4883 1
4884 2
4885 0
4886 1
4887 1
4888 1
4889 0
4890 3
4891 2
4892 1
4893 1
4894 1
4895 0
4896 0
4897 1
4898 1
4899 0
4900 1
4901 0
4902 1
4903 1
4904 0
4905 1
4906 1
4907 2
4908 1
4909 0
4910 0
4911 0
4912 0
4913 0
4914 2
4915 0
4916 1
4917 0
4918 1
4919 1
4920 1
4921 0
4922 0
4923 2
4924 0
4925 0
4926 0
4927 1
4928 3
4929 2
4930 0
4931 1
4932 2
4933 4
4934 1
4935 0
4936 1
4937 3
4938 1
4939 1
4940 2
4941 1
4942 1
4943 0
4944 1
4945 1
4946 2
4947 1
4948 3
4949 4
4950 0
4951 1
4952 2
4953 3
4954 2
4955 1
4956 1
4957 2
4958 2
4959 2
4960 1
4961 2
4962 2
4963 0
4964 2
4965 1
4966 2
4967 1
4968 1
4969 1
4970 2
4971 2
4972 2
4973 0
4974 3
4975 2
4976 1
4977 1
4978 2
4979 2
4980 0
4981 2
4982 0
4983 1
4984 0
4985 0
4986 1
4987 1
4988 2
4989 2
4990 1
4991 3
4992 3
4993 0
4994 3
4995 2
4996 0
4997 0
4998 1
4999 2
5000 0
5001 4
5002 1
5003 1
5004 3
5005 2
5006 1
5007 2
5008 1
5009 2
5010 1
5011 1
5012 0
5013 2
5014 2
5015 3
5016 1
5017 1
5018 2
5019 1
5020 1
5021 2
5022 2
5023 3
5024 0
5025 2
5026 0
5027 1
5028 0
5029 2
5030 1
5031 0
5032 2
5033 0
5034 4
5035 3
5036 1
5037 1
5038 1
5039 2
5040 0
5041 1
5042 2
5043 0
5044 3
5045 1
5046 1
5047 1
5048 1
5049 1
5050 0
5051 1
5052 1
5053 2
5054 1
5055 0
5056 1
5057 0
5058 0
5059 0
5060 0
5061 0
5062 1
5063 0
5064 1
5065 1
5066 1
5067 2
5068 1
5069 3
5070 3
5071 1
5072 0
5073 2
5074 4
5075 1
5076 0
5077 2
5078 0
5079 0
5080 0
5081 1
5082 0
5083 0
5084 1
5085 1
5086 2
5087 4
5088 1
5089 1
5090 0
5091 0
5092 0
5093 2
5094 1
5095 0
5096 0
5097 0
5098 1
5099 0
5100 0
5101 0
5102 1
5103 1
5104 0
5105 0
5106 1
5107 0
5108 0
5109 0
5110 0
5111 0
5112 0
5113 0
5114 1
5115 1
5116 0
5117 0
5118 0
5119 2
5120 2
5121 2
5122 3
5123 0
5124 0
5125 1
5126 3
5127 1
5128 1
5129 0
5130 1
5131 2
5132 2
5133 2
5134 0
5135 0
5136 1
5137 2
5138 0
5139 1
5140 0
5141 0
5142 0
5143 0
5144 0
5145 0
5146 0
5147 1
5148 1
5149 1
5150 3
5151 3
5152 0
5153 3
5154 1
5155 2
5156 0
5157 0
5158 1
5159 1
5160 0
5161 2
5162 2
5163 2
5164 0
5165 3
5166 2
5167 1
5168 0
5169 2
5170 1
5171 2
5172 1
5173 1
5174 3
5175 0
5176 1
5177 2
5178 0
5179 0
5180 0
5181 1
5182 0
5183 0
5184 1
5185 0
5186 0
5187 0
5188 0
5189 0
5190 0
5191 0
5192 2
5193 1
5194 0
5195 1
5196 1
5197 2
5198 3
5199 0
5200 0
5201 0
5202 2
5203 0
5204 2
5205 1
5206 0
5207 0
5208 0
5209 2
5210 1
5211 0
5212 1
5213 3
5214 1
5215 1
5216 0
5217 3
5218 0
5219 1
5220 2
5221 1
5222 1
5223 1
5224 2
5225 2
5226 0
5227 0
5228 0
5229 2
5230 1
5231 1
5232 1
5233 0
5234 1
5235 0
5236 0
5237 1
5238 0
5239 1
5240 2
5241 0
5242 0
5243 0
5244 3
5245 1
5246 1
5247 2
5248 1
5249 0
5250 0
5251 0
5252 1
5253 0
5254 1
5255 1
5256 0
5257 2
5258 1
5259 1
5260 0
5261 2
5262 4
5263 1
5264 2
5265 2
5266 4
5267 1
5268 2
5269 1
5270 1
5271 0
5272 0
5273 1
5274 1
5275 1
5276 0
5277 2
5278 1
5279 0
5280 3
5281 3
5282 0
5283 0
5284 0
5285 2
5286 1
5287 1
5288 0
5289 2
5290 2
5291 0
5292 1
5293 3
5294 0
5295 3
5296 1
5297 1
5298 1
5299 1
5300 1
5301 2
5302 1
5303 5
5304 1
5305 0
5306 0
5307 2
5308 0
5309 1
5310 1
5311 1
5312 1
5313 2
5314 3
5315 1
5316 2
5317 2
5318 3
5319 2
5320 2
5321 2
5322 3
5323 4
5324 2
5325 4
5326 1
5327 4
5328 4
5329 2
5330 1
5331 3
5332 1
5333 2
5334 0
5335 3
5336 1
5337 1
5338 0
5339 1
5340 1
5341 2
5342 0
5343 0
5344 1
5345 1
5346 1
5347 1
5348 1
5349 1
5350 1
5351 1
5352 0
5353 0
5354 1
5355 1
5356 0
5357 0
5358 2
5359 2
5360 4
5361 2
5362 4
5363 1
5364 2
5365 0
5366 0
5367 3
5368 1
5369 0
5370 2
5371 2
5372 0
5373 0
5374 1
5375 3
5376 1
5377 2
5378 0
5379 0
5380 0
5381 1
5382 0
5383 0
5384 0
5385 0
5386 0
5387 2
5388 0
5389 0
5390 0
5391 0
5392 0
5393 0
5394 0
5395 0
5396 0
5397 0
5398 0
5399 1
5400 0
5401 1
5402 0
5403 0
5404 0
5405 0
5406 0
5407 0
5408 0
5409 0
5410 0
5411 0
5412 0
5413 0
5414 1
5415 1
5416 0
5417 0
5418 0
5419 1
5420 1
5421 0
5422 2
5423 1
5424 1
5425 0
5426 0
5427 2
5428 1
5429 0
5430 0
5431 1
5432 1
5433 0
5434 0
5435 0
5436 0
5437 0
5438 0
5439 1
5440 0
5441 1
5442 2
5443 0
5444 0
5445 0
5446 0
5447 0
5448 1
5449 1
5450 2
5451 0
5452 0
5453 1
5454 1
5455 1
5456 0
5457 0
5458 0
5459 2
5460 2
5461 1
5462 3
5463 0
5464 1
5465 1
5466 1
5467 0
5468 2
5469 2
5470 3
5471 1
5472 1
5473 2
5474 0
5475 3
5476 2
5477 2
5478 2
5479 0
5480 1
5481 1
5482 1
5483 2
5484 2
5485 0
5486 1
5487 3
5488 1
5489 0
5490 1
5491 0
5492 2
5493 1
5494 0
5495 1
5496 3
5497 0
5498 2
5499 2
5500 4
5501 0
5502 0
5503 2
5504 2
5505 1
5506 1
5507 1
5508 2
5509 0
5510 1
5511 1
5512 2
5513 2
5514 3
5515 1
5516 1
5517 1
5518 0
5519 1
5520 1
5521 2
5522 1
5523 2
5524 2
5525 1
5526 2
5527 0
5528 0
5529 0
5530 1
5531 1
5532 0
5533 0
5534 1
5535 1
5536 1
5537 2
5538 1
5539 0
5540 0
5541 2
5542 0
5543 2
5544 1
5545 0
5546 1
5547 2
5548 2
5549 1
5550 2
5551 2
5552 0
5553 0
5554 3
5555 0
5556 2
5557 1
5558 1
5559 0
5560 1
5561 2
5562 1
5563 1
5564 1
5565 2
5566 0
5567 1
5568 3
5569 0
5570 1
5571 0
5572 0
5573 0
5574 0
5575 1
5576 2
5577 1
5578 0
5579 2
5580 1
5581 0
5582 2
5583 2
5584 2
5585 2
5586 2
5587 3
5588 0
5589 3
5590 1
5591 1
5592 4
5593 1
5594 1
5595 2
5596 3
5597 0
5598 0
5599 1
5600 1
5601 3
5602 3
5603 2
5604 1
5605 2
5606 2
5607 1
5608 3
5609 2
5610 0
5611 1
5612 1
5613 0
5614 1
5615 0
5616 2
5617 0
5618 0
5619 5
5620 1
5621 0
5622 0
5623 0
5624 1
5625 0
5626 1
5627 2
5628 1
5629 0
5630 1
5631 0
5632 0
5633 1
5634 2
5635 0
5636 0
5637 2
5638 0
5639 1
5640 3
5641 3
5642 0
5643 1
5644 2
5645 4
5646 2
5647 1
5648 4
5649 3
5650 2
5651 1
5652 1
5653 1
5654 1
5655 4
5656 1
5657 3
5658 1
5659 5
5660 0
5661 0
5662 2
5663 1
5664 1
5665 0
5666 2
5667 3
5668 4
5669 2
5670 2
5671 1
5672 2
5673 2
5674 0
5675 3
5676 0
5677 3
5678 1
5679 2
5680 1
5681 1
5682 2
5683 1
5684 0
5685 4
5686 3
5687 2
5688 0
5689 1
5690 0
5691 0
5692 3
5693 3
5694 0
5695 3
5696 2
5697 3
5698 2
5699 2
5700 3
5701 1
5702 0
5703 1
5704 1
5705 0
5706 1
5707 3
5708 2
5709 1
5710 2
5711 1
5712 2
5713 2
5714 1
5715 1
5716 2
5717 5
5718 1
5719 3
5720 1
5721 0
5722 1
5723 2
5724 3
5725 2
5726 0
5727 0
5728 2
5729 1
5730 0
5731 1
5732 3
5733 1
5734 1
5735 0
5736 0
5737 3
5738 1
5739 0
5740 0
5741 1
5742 1
5743 1
5744 0
5745 1
5746 2
5747 1
5748 0
5749 0
5750 1
5751 2
5752 1
5753 1
5754 2
5755 2
5756 1
5757 2
5758 0
5759 2
5760 2
5761 0
5762 2
5763 0
5764 1
5765 1
5766 1
5767 1
5768 2
5769 0
5770 1
5771 1
5772 1
5773 1
5774 1
5775 1
5776 0
5777 2
5778 2
5779 0
5780 0
5781 0
5782 0
5783 1
5784 2
5785 0
5786 2
5787 2
5788 2
5789 0
5790 2
5791 1
5792 0
5793 0
5794 2
5795 0
5796 2
5797 2
5798 0
5799 1
5800 3
5801 0
5802 2
5803 1
5804 2
5805 1
5806 0
5807 1
5808 1
5809 0
5810 0
5811 0
5812 3
5813 1
5814 1
5815 0
5816 0
5817 2
5818 1
5819 0
5820 1
5821 0
5822 0
5823 2
5824 2
5825 0
5826 0
5827 0
5828 1
5829 1
5830 0
5831 1
5832 1
5833 1
5834 0
5835 3
5836 1
5837 3
5838 2
5839 1
5840 2
5841 4
5842 3
5843 2
5844 3
5845 3
5846 1
5847 1
5848 1
5849 3
5850 5
5851 0
5852 4
5853 2
5854 2
5855 0
5856 2
5857 1
5858 2
5859 2
5860 0
5861 3
5862 3
5863 2
5864 0
5865 0
5866 2
5867 2
5868 0
5869 1
5870 1
5871 2
5872 2
5873 4
5874 1
5875 1
5876 2
5877 1
5878 1
5879 2
5880 0
5881 3
5882 2
5883 1
5884 2
5885 4
5886 1
5887 4
5888 2
5889 4
5890 1
5891 2
5892 2
5893 2
5894 1
5895 1
5896 2
5897 2
5898 3
5899 2
5900 2
5901 3
5902 1
5903 0
5904 1
5905 1
5906 3
5907 2
5908 3
5909 3
5910 1
5911 0
5912 2
5913 0
5914 2
5915 4
5916 2
5917 0
5918 0
5919 0
5920 1
5921 2
5922 0
5923 2
5924 1
5925 3
5926 0
5927 0
5928 0
5929 0
5930 1
5931 3
5932 0
5933 1
5934 2
5935 0
5936 0
5937 2
5938 1
5939 1
5940 0
5941 0
5942 1
5943 2
5944 2
5945 0
5946 3
5947 0
5948 0
5949 0
5950 3
5951 2
5952 2
5953 2
5954 1
5955 2
5956 2
5957 3
5958 2
5959 1
5960 1
5961 1
5962 2
5963 2
5964 1
5965 1
5966 0
5967 4
5968 2
5969 2
5970 1
5971 1
5972 0
5973 3
5974 0
5975 2
5976 0
5977 2
5978 2
5979 0
5980 1
5981 0
5982 2
5983 2
5984 0
5985 0
5986 1
5987 1
5988 2
5989 1
5990 3
5991 1
5992 1
5993 0
5994 0
5995 1
5996 0
5997 3
5998 3
5999 1
6000 4
6001 2
6002 1
6003 4
6004 2
6005 1
6006 1
6007 1
6008 2
6009 3
6010 1
6011 0
6012 2
6013 0
6014 0
6015 2
6016 2
6017 5
6018 3
6019 3
6020 1
6021 0
6022 1
6023 4
6024 3
6025 2
6026 2
6027 1
6028 0
6029 0
6030 0
6031 0
6032 0
6033 0
6034 1
6035 2
6036 3
6037 1
6038 2
6039 0
6040 0
6041 2
6042 1
6043 2
6044 2
6045 2
6046 2
6047 0
6048 1
6049 2
6050 2
6051 1
6052 1
6053 2
6054 2
6055 1
6056 2
6057 0
6058 1
6059 0
6060 1
6061 1
6062 2
6063 1
6064 1
6065 3
6066 0
6067 0
6068 2
6069 0
6070 0
6071 1
6072 2
6073 1
6074 1
6075 0
6076 1
6077 0
6078 0
6079 1
6080 2
6081 3
6082 2
6083 1
6084 1
6085 0
6086 0
6087 2
6088 1
6089 0
6090 3
6091 2
6092 2
6093 0
6094 1
6095 2
6096 1
6097 2
6098 2
6099 2
6100 1
6101 2
6102 1
6103 1
6104 3
6105 3
6106 3
6107 2
6108 0
6109 1
6110 1
6111 2
6112 3
6113 3
6114 1
6115 3
6116 1
6117 3
6118 1
6119 5
6120 1
6121 2
6122 4
6123 2
6124 6
6125 1
6126 1
6127 1
6128 1
6129 0
6130 3
6131 2
6132 0
6133 1
6134 2
6135 1
6136 1
6137 1
6138 1
6139 2
6140 4
6141 3
6142 4
6143 0
6144 3
6145 6
6146 2
6147 5
6148 1
6149 4
6150 4
6151 0
6152 2
6153 1
6154 2
6155 4
6156 3
6157 3
6158 1
6159 3
6160 3
6161 1
6162 2
6163 1
6164 2
6165 1
6166 2
6167 0
6168 0
6169 0
6170 0
6171 1
6172 1
6173 0
6174 3
6175 2
6176 2
6177 0
6178 2
6179 1
6180 0
6181 1
6182 0
6183 0
6184 1
6185 3
6186 3
6187 1
6188 4
6189 2
6190 2
6191 0
6192 2
6193 4
6194 0
6195 2
6196 1
6197 0
6198 1
6199 0
6200 1
6201 2
6202 1
6203 2
6204 3
6205 1
6206 0
6207 1
6208 2
6209 2
6210 3
6211 3
6212 2
6213 3
6214 4
6215 0
6216 1
6217 0
6218 3
6219 2
6220 3
6221 0
6222 3
6223 1
6224 2
6225 3
6226 1
6227 1
6228 0
6229 1
6230 0
6231 0
6232 1
6233 1
6234 0
6235 1
6236 1
6237 2
6238 3
6239 1
6240 2
6241 1
6242 2
6243 0
6244 0
6245 2
6246 1
6247 2
6248 0
6249 0
6250 0
6251 1
6252 1
6253 0
6254 1
6255 2
6256 1
6257 2
6258 1
6259 0
6260 0
6261 2
6262 1
6263 0
6264 0
6265 2
6266 1
6267 1
6268 1
6269 0
6270 2
6271 0
6272 1
6273 4
6274 1
6275 2
6276 2
6277 0
6278 0
6279 0
6280 1
6281 2
6282 0
6283 2
6284 0
6285 0
6286 0
6287 1
6288 0
6289 1
6290 0
6291 0
6292 0
6293 0
6294 2
6295 0
6296 2
6297 0
6298 0
6299 1
6300 1
6301 0
6302 0
6303 0
6304 1
6305 1
6306 1
6307 1
6308 1
6309 0
6310 0
6311 1
6312 0
6313 0
6314 0
6315 0
6316 0
6317 1
6318 0
6319 0
6320 0
6321 0
6322 0
6323 0
6324 0
6325 0
6326 0
6327 0
6328 0
6329 0
6330 0
6331 1
6332 0
6333 0
6334 0
6335 0
6336 0
6337 1
6338 0
6339 0
6340 0
6341 0
6342 0
6343 0
6344 0
6345 0
6346 0
6347 0
6348 0
6349 0
6350 0
6351 1
6352 1
6353 2
6354 1
6355 0
6356 0
6357 1
6358 0
6359 1
6360 0
6361 1
6362 0
6363 0
6364 1
6365 0
6366 2
6367 0
6368 0
6369 0
6370 0
6371 0
6372 0
6373 0
6374 0
6375 0
6376 0
6377 0
6378 0
6379 0
6380 0
6381 0
6382 0
6383 0
6384 0
6385 0
6386 0
6387 1
6388 0
6389 0
6390 0
6391 0
6392 0
6393 1
6394 0
6395 0
6396 0
6397 0
6398 0
6399 0
6400 0
6401 0
6402 2
6403 1
6404 0
6405 0
6406 0
6407 0
6408 0
6409 0
6410 0
6411 0
6412 0
6413 0
6414 0
6415 0
6416 1
6417 0
6418 0
6419 0
6420 0
6421 0
6422 0
6423 0
6424 0
6425 2
6426 1
6427 0
6428 1
6429 0
6430 0
6431 0
6432 0
6433 0
6434 0
6435 0
6436 0
6437 0
6438 0
6439 0
6440 0
6441 0
6442 1
6443 0
6444 0
6445 0
6446 0
6447 0
6448 0
6449 1
6450 2
6451 0
6452 1
6453 0
6454 0
6455 1
6456 0
6457 0
6458 1
6459 0
6460 0
6461 0
6462 0
6463 0
6464 0
6465 0
6466 1
6467 1
6468 0
6469 0
6470 0
6471 0
6472 1
6473 0
6474 0
6475 0
6476 0
6477 0
6478 0
6479 2
6480 0
6481 2
6482 0
6483 0
6484 1
6485 0
6486 0
6487 1
6488 0
6489 1
6490 1
6491 0
6492 3
6493 0
6494 1
6495 1
6496 1
6497 0
6498 0
6499 1
6500 2
6501 1
6502 0
6503 0
6504 1
6505 0
6506 1
6507 1
6508 0
6509 0
6510 0
6511 1
6512 1
6513 0
6514 0
6515 0
6516 0
6517 0
6518 0
6519 0
6520 0
6521 0
6522 0
6523 0
6524 0
6525 0
6526 0
6527 0
6528 0
6529 0
6530 0
6531 0
6532 0
6533 1
6534 0
6535 0
6536 0
6537 0
6538 0
6539 0
6540 0
6541 0
6542 0
6543 0
6544 0
6545 0
6546 0
6547 0
6548 0
6549 0
6550 0
6551 0
6552 1
6553 0
6554 0
6555 1
6556 1
6557 1
6558 0
6559 2
6560 0
6561 0
6562 0
6563 1
6564 0
6565 0
6566 0
6567 0
6568 1
6569 0
6570 0
6571 0
6572 0
6573 0
6574 1
6575 0
6576 0
6577 2
6578 0
6579 1
6580 0
6581 1
6582 0
6583 1
6584 0
6585 0
6586 2
6587 1
6588 1
6589 1
6590 0
6591 1
6592 0
6593 1
6594 0
6595 0
6596 0
6597 2
6598 1
6599 1
6600 0
6601 2
6602 0
6603 1
6604 0
6605 0
6606 2
6607 2
6608 2
6609 0
6610 2
6611 2
6612 2
6613 0
6614 2
6615 0
6616 1
6617 1
6618 0
6619 0
6620 0
6621 2
6622 0
6623 0
6624 0
6625 1
6626 0
6627 2
6628 1
6629 0
6630 1
6631 0
6632 1
6633 2
6634 2
6635 1
6636 1
6637 0
6638 2
6639 2
6640 1
6641 1
6642 2
6643 2
6644 1
6645 1
6646 2
6647 1
6648 1
6649 1
6650 1
6651 3
6652 1
6653 0
6654 0
6655 2
6656 0
6657 2
6658 2
6659 1
6660 1
6661 2
6662 2
6663 0
6664 1
6665 0
6666 0
6667 1
6668 0
6669 0
6670 0
6671 0
6672 0
6673 1
6674 0
6675 0
6676 1
6677 0
6678 0
6679 2
6680 0
6681 1
6682 0
6683 1
6684 1
6685 0
6686 0
6687 0
6688 0
6689 0
6690 0
6691 0
6692 1
6693 0
6694 1
6695 1
6696 1
6697 1
6698 0
6699 0
6700 0
6701 0
6702 1
6703 0
6704 0
6705 1
6706 0
6707 1
6708 0
6709 0
6710 0
6711 0
6712 0
6713 0
6714 0
6715 1
6716 0
6717 0
6718 1
6719 0
6720 1
6721 1
6722 0
6723 0
6724 1
6725 0
6726 0
6727 0
6728 0
6729 0
6730 0
6731 0
6732 0
6733 1
6734 0
6735 0
6736 0
6737 0
6738 0
6739 0
6740 0
6741 0
6742 0
6743 0
6744 0
6745 0
6746 0
6747 0
6748 0
6749 0
6750 0
6751 0
6752 0
6753 0
6754 0
6755 1
6756 1
6757 0
6758 1
6759 0
6760 1
6761 0
6762 0
6763 0
6764 0
6765 1
6766 0
6767 1
6768 1
6769 0
6770 0
6771 0
6772 2
6773 2
6774 2
6775 0
6776 0
6777 2
6778 0
6779 2
6780 1
6781 1
6782 1
6783 0
6784 0
6785 1
6786 1
6787 1
6788 0
6789 0
6790 0
6791 0
6792 0
6793 1
6794 2
6795 3
6796 1
6797 0
6798 0
6799 2
6800 0
6801 0
6802 0
6803 0
6804 1
6805 1
6806 1
6807 2
6808 0
6809 0
6810 2
6811 1
6812 0
6813 0
6814 0
6815 1
6816 2
6817 1
6818 1
6819 1
6820 3
6821 2
6822 0
6823 2
6824 2
6825 1
6826 0
6827 0
6828 0
6829 3
6830 1
6831 1
6832 2
6833 1
6834 3
6835 0
6836 2
6837 0
6838 0
6839 3
6840 0
6841 3
6842 3
6843 1
6844 0
6845 1
6846 2
6847 1
6848 2
6849 0
6850 0
6851 3
6852 3
6853 3
6854 0
6855 0
6856 4
6857 1
6858 1
6859 2
6860 3
6861 2
6862 1
6863 3
6864 1
6865 1
6866 0
6867 3
6868 1
6869 0
6870 1
6871 5
6872 4
6873 2
6874 3
6875 1
6876 5
6877 0
6878 3
6879 0
6880 2
6881 2
6882 4
6883 2
6884 2
6885 0
6886 0
6887 1
6888 0
6889 0
6890 0
6891 1
6892 1
6893 0
6894 1
6895 1
6896 1
6897 2
6898 1
6899 2
6900 1
6901 3
6902 3
6903 0
6904 5
6905 0
6906 0
6907 2
6908 2
6909 1
6910 0
6911 1
6912 1
6913 1
6914 1
6915 2
6916 0
6917 3
6918 1
6919 1
6920 2
6921 0
6922 1
6923 1
6924 1
6925 2
6926 1
6927 3
6928 1
6929 2
6930 2
6931 2
6932 1
6933 2
6934 1
6935 1
6936 0
6937 0
6938 3
6939 4
6940 1
6941 2
6942 1
6943 0
6944 1
6945 1
6946 1
6947 3
6948 2
6949 3
6950 1
6951 0
6952 4
6953 0
6954 0
6955 1
6956 0
6957 1
6958 3
6959 0
6960 4
6961 1
6962 1
6963 1
6964 2
6965 1
6966 1
6967 0
6968 2
6969 1
6970 1
6971 2
6972 1
6973 0
6974 2
6975 0
6976 4
6977 0
6978 4
6979 0
6980 1
6981 3
6982 2
6983 1
6984 2
6985 2
6986 2
6987 1
6988 0
6989 2
6990 1
6991 1
6992 0
6993 2
6994 3
6995 1
6996 2
6997 0
6998 0
6999 3
7000 1
7001 3
7002 1
7003 1
7004 0
7005 1
7006 1
7007 1
7008 0
7009 1
7010 2
7011 0
7012 1
7013 1
7014 1
7015 1
7016 0
7017 1
7018 1
7019 1
7020 2
7021 3
7022 1
7023 2
7024 3
7025 1
7026 1
7027 0
7028 3
7029 2
7030 1
7031 3
7032 2
7033 3
7034 0
7035 1
7036 2
7037 1
7038 1
7039 1
7040 0
7041 1
7042 0
7043 1
7044 2
7045 0
7046 3
7047 1
7048 4
7049 0
7050 1
7051 3
7052 0
7053 0
7054 0
7055 1
7056 1
7057 1
7058 2
7059 1
7060 0
7061 2
7062 1
7063 1
7064 1
7065 0
7066 2
7067 1
7068 0
7069 0
7070 1
7071 1
7072 0
7073 0
7074 1
7075 0
7076 0
7077 1
7078 0
7079 0
7080 1
7081 0
7082 0
7083 0
7084 1
7085 0
7086 0
7087 0
7088 0
7089 0
7090 0
7091 0
7092 0
7093 0
7094 0
7095 0
7096 0
7097 1
7098 0
7099 0
7100 0
7101 0
7102 0
7103 0
7104 0
7105 1
7106 0
7107 2
7108 0
7109 0
7110 0
7111 0
7112 2
7113 1
7114 0
7115 0
7116 0
7117 0
7118 1
7119 1
7120 0
7121 0
7122 1
7123 0
7124 0
7125 1
7126 1
7127 2
7128 1
7129 2
7130 0
7131 1
7132 1
7133 1
7134 1
7135 0
7136 1
7137 2
7138 0
7139 1
7140 0
7141 2
7142 0
7143 1
7144 1
7145 0
7146 0
7147 0
7148 0
7149 0
7150 0
7151 0
7152 0
7153 0
7154 0
7155 1
7156 0
7157 0
7158 0
7159 1
7160 2
7161 0
7162 1
7163 1
7164 0
7165 0
7166 0
7167 1
7168 1
7169 0
7170 0
7171 2
7172 3
7173 0
7174 0
7175 0
7176 0
7177 0
7178 0
7179 0
7180 0
7181 0
7182 1
7183 1
7184 0
7185 0
7186 0
7187 0
7188 0
7189 0
7190 0
7191 0
7192 0
7193 0
7194 0
7195 0
7196 0
7197 0
7198 1
7199 1
7200 0
7201 0
7202 0
7203 1
7204 0
7205 1
7206 0
7207 0
7208 0
7209 0
7210 1
7211 0
7212 0
7213 1
7214 1
7215 1
7216 0
7217 1
7218 0
7219 1
7220 1
7221 2
7222 1
7223 0
7224 1
7225 1
7226 2
7227 1
7228 0
7229 0
7230 0
7231 2
7232 0
7233 0
7234 0
7235 1
7236 0
7237 0
7238 0
7239 2
7240 0
7241 2
7242 1
7243 0
7244 1
7245 0
7246 1
7247 0
7248 1
7249 2
7250 1
7251 0
7252 1
7253 1
7254 1
7255 0
7256 1
7257 2
7258 0
7259 0
7260 0
7261 1
7262 2
7263 1
7264 0
7265 0
7266 0
7267 1
7268 2
7269 1
7270 1
7271 0
7272 1
7273 0
7274 1
7275 0
7276 0
7277 3
7278 0
7279 1
7280 1
7281 3
7282 1
7283 2
7284 1
7285 2
7286 0
7287 1
7288 0
7289 2
7290 1
7291 1
7292 1
7293 1
7294 0
7295 0
7296 2
7297 0
7298 0
7299 1
7300 2
7301 1
7302 0
7303 1
7304 0
7305 1
7306 0
7307 1
7308 3
7309 0
7310 0
7311 0
7312 0
7313 0
7314 0
7315 0
7316 0
7317 0
7318 0
7319 0
7320 0
7321 1
7322 0
7323 0
7324 1
7325 0
7326 0
7327 0
7328 1
7329 0
7330 1
7331 1
7332 1
7333 1
7334 0
7335 0
7336 0
7337 0
7338 1
7339 1
7340 0
7341 0
7342 1
7343 1
7344 0
7345 1
7346 1
7347 1
7348 0
7349 2
7350 0
7351 1
7352 1
7353 0
7354 0
7355 0
7356 0
7357 1
7358 1
7359 0
7360 1
7361 1
7362 0
7363 0
7364 1
7365 0
7366 0
7367 0
7368 1
7369 0
7370 0
7371 1
7372 2
7373 1
7374 1
7375 0
7376 0
7377 0
7378 1
7379 0
7380 0
7381 1
7382 1
7383 0
7384 1
7385 1
7386 0
7387 0
7388 1
7389 1
7390 0
7391 0
7392 1
7393 2
7394 0
7395 1
7396 1
7397 0
7398 1
7399 0
7400 0
7401 0
7402 0
7403 0
7404 2
7405 0
7406 0
7407 2
7408 0
7409 0
7410 0
7411 1
7412 1
7413 1
7414 2
7415 0
7416 1
7417 2
7418 0
7419 1
7420 0
7421 1
7422 1
7423 1
7424 3
7425 1
7426 0
7427 1
7428 1
7429 1
7430 0
7431 1
7432 0
7433 2
7434 0
7435 1
7436 1
7437 1
7438 1
7439 1
7440 2
7441 0
7442 1
7443 2
7444 0
7445 2
7446 0
7447 0
7448 2
7449 0
7450 1
7451 2
7452 0
7453 0
7454 4
7455 1
7456 1
7457 1
7458 2
7459 2
7460 2
7461 1
7462 1
7463 1
7464 0
7465 0
7466 1
7467 0
7468 0
7469 0
7470 0
7471 1
7472 0
7473 2
7474 1
7475 0
7476 2
7477 0
7478 0
7479 1
7480 0
7481 2
7482 2
7483 1
7484 0
7485 1
7486 1
7487 1
7488 0
7489 0
7490 0
7491 1
7492 2
7493 3
7494 0
7495 1
7496 1
7497 1
7498 1
7499 1
7500 1
7501 1
7502 0
7503 0
7504 1
7505 1
7506 0
7507 1
7508 0
7509 0
7510 1
7511 1
7512 0
7513 1
7514 1
7515 1
7516 1
7517 1
7518 2
7519 1
7520 0
7521 0
7522 2
7523 0
7524 1
7525 1
7526 0
7527 1
7528 0
7529 0
7530 2
7531 0
7532 3
7533 1
7534 0
7535 0
7536 1
7537 0
7538 2
7539 0
7540 1
7541 0
7542 0
7543 2
7544 0
7545 2
7546 0
7547 2
7548 0
7549 0
7550 2
7551 0
7552 3
7553 1
7554 1
7555 2
7556 1
7557 3
7558 0
7559 1
7560 0
7561 0
7562 1
7563 1
7564 0
7565 1
7566 1
7567 0
7568 0
7569 0
7570 0
7571 2
7572 2
7573 0
7574 0
7575 0
7576 1
7577 2
7578 3
7579 0
7580 1
7581 2
7582 1
7583 0
7584 0
7585 0
7586 2
7587 1
7588 0
7589 0
7590 1
7591 0
7592 0
7593 0
7594 1
7595 0
7596 0
7597 1
7598 2
7599 0
7600 1
7601 1
7602 0
7603 0
7604 0
7605 1
7606 0
7607 0
7608 1
7609 0
7610 0
7611 0
7612 0
7613 1
7614 0
7615 1
7616 0
7617 1
7618 0
7619 0
7620 0
7621 0
7622 1
7623 0
7624 1
7625 0
7626 0
7627 1
7628 0
7629 0
7630 0
7631 2
7632 1
7633 2
7634 0
7635 0
7636 0
7637 1
7638 1
7639 2
7640 0
7641 2
7642 0
7643 0
7644 1
7645 0
7646 0
7647 0
7648 1
7649 0
7650 0
7651 0
7652 1
7653 0
7654 0
7655 0
7656 1
7657 1
7658 0
7659 0
7660 1
7661 0
7662 0
7663 1
7664 0
7665 1
7666 1
7667 2
7668 1
7669 1
7670 1
7671 2
7672 0
7673 0
7674 0
7675 0
7676 0
7677 0
7678 1
7679 0
7680 0
7681 0
7682 0
7683 1
7684 0
7685 1
7686 0
7687 0
7688 0
7689 0
7690 0
7691 0
7692 0
7693 0
7694 0
7695 1
7696 0
7697 0
7698 0
7699 1
7700 0
7701 1
7702 0
7703 1
7704 0
7705 1
7706 1
7707 0
7708 0
7709 0
7710 1
7711 0
7712 0
7713 0
7714 0
7715 0
7716 0
7717 0
7718 0
7719 0
7720 0
7721 0
7722 1
7723 0
7724 0
7725 0
7726 0
7727 0
7728 2
7729 1
7730 0
7731 0
7732 0
7733 0
7734 0
7735 1
7736 0
7737 1
7738 0
7739 0
7740 1
7741 0
7742 1
7743 0
7744 0
7745 0
7746 0
7747 0
7748 0
7749 0
7750 0
7751 0
7752 0
7753 0
7754 1
7755 0
7756 0
7757 1
7758 1
7759 0
7760 0
7761 0
7762 0
7763 0
7764 1
7765 0
7766 0
7767 1
7768 0
7769 2
7770 1
7771 0
7772 0
7773 1
7774 0
7775 1
7776 0
7777 1
7778 0
7779 0
7780 0
7781 0
7782 0
7783 0
7784 0
7785 0
7786 0
7787 0
7788 1
7789 0
7790 0
7791 0
7792 1
7793 0
7794 1
7795 0
7796 0
7797 0
7798 0
7799 0
7800 0
7801 0
7802 0
7803 2
7804 1
7805 3
7806 1
7807 1
7808 0
7809 1
7810 0
7811 1
7812 1
7813 0
7814 0
7815 0
7816 0
7817 1
7818 0
7819 1
7820 1
7821 2
7822 0
7823 0
7824 0
7825 1
7826 1
7827 0
7828 0
7829 3
7830 2
7831 2
7832 1
7833 0
7834 1
7835 3
7836 2
7837 1
7838 1
7839 1
7840 0
7841 1
7842 2
7843 0
7844 0
7845 1
7846 1
7847 0
7848 0
7849 2
7850 2
7851 0
7852 0
7853 1
7854 0
7855 1
7856 1
7857 1
7858 0
7859 0
7860 1
7861 0
7862 0
7863 1
7864 0
7865 0
7866 2
7867 0
7868 0
7869 0
7870 1
7871 0
7872 0
7873 1
7874 1
7875 0
7876 0
7877 2
7878 0
7879 0
7880 1
7881 0
7882 1
7883 0
7884 1
7885 0
7886 1
7887 1
7888 1
7889 1
7890 1
7891 3
7892 1
7893 1
7894 1
7895 1
7896 0
7897 1
7898 2
7899 2
7900 1
7901 2
7902 0
7903 2
7904 1
7905 2
7906 0
7907 1
7908 1
7909 0
7910 2
7911 1
7912 2
7913 0
7914 0
7915 0
7916 1
7917 0
7918 0
7919 0
7920 0
7921 2
7922 3
7923 1
7924 1
7925 0
7926 1
7927 1
7928 0
7929 1
7930 0
7931 2
7932 2
7933 0
7934 1
7935 0
7936 0
7937 0
7938 0
7939 1
7940 0
7941 1
7942 0
7943 0
7944 2
7945 1
7946 3
7947 0
7948 2
7949 1
7950 0
7951 1
7952 0
7953 1
7954 0
7955 1
7956 0
7957 1
7958 0
7959 3
7960 0
7961 1
7962 1
7963 1
7964 1
7965 0
7966 1
7967 0
7968 1
7969 2
7970 1
7971 1
7972 1
7973 0
7974 1
7975 0
7976 0
7977 1
7978 0
7979 0
7980 1
7981 0
7982 2
7983 1
7984 0
7985 0
7986 1
7987 0
7988 0
7989 1
7990 1
7991 0
7992 1
7993 2
7994 1
7995 1
7996 2
7997 0
7998 2
7999 1
8000 0
8001 0
8002 1
8003 2
8004 0
8005 1
8006 1
8007 2
8008 1
8009 0
8010 1
8011 3
8012 2
8013 1
8014 4
8015 0
8016 3
8017 2
8018 0
8019 3
8020 1
8021 0
8022 1
8023 2
8024 2
8025 1
8026 2
8027 0
8028 0
8029 0
8030 1
8031 2
8032 1
8033 2
8034 1
8035 1
8036 1
8037 1
8038 1
8039 2
8040 0
8041 3
8042 2
8043 1
8044 1
8045 1
8046 1
8047 0
8048 1
8049 0
8050 1
8051 2
8052 0
8053 1
8054 0
8055 3
8056 2
8057 2
8058 2
8059 1
8060 2
8061 1
8062 0
8063 2
8064 2
8065 1
8066 1
8067 1
8068 3
8069 3
8070 1
8071 3
8072 3
8073 0
8074 0
8075 0
8076 0
8077 1
8078 0
8079 1
8080 0
8081 2
8082 1
8083 0
8084 0
8085 0
8086 0
8087 1
8088 1
8089 1
8090 1
8091 1
8092 2
8093 0
8094 1
8095 0
8096 1
8097 1
8098 0
8099 1
8100 0
8101 0
8102 1
8103 0
8104 1
8105 0
8106 0
8107 1
8108 0
8109 0
8110 0
8111 0
8112 1
8113 0
8114 0
8115 0
8116 0
8117 0
8118 0
8119 0
8120 0
8121 0
8122 0
8123 0
8124 0
8125 0
8126 0
8127 0
8128 0
8129 0
8130 0
8131 0
8132 0
8133 0
8134 0
8135 1
8136 0
8137 1
8138 0
8139 0
8140 0
8141 0
8142 0
8143 0
8144 1
8145 1
8146 0
8147 0
8148 0
8149 0
8150 0
8151 1
8152 0
8153 0
8154 1
8155 0
8156 0
8157 1
8158 0
8159 0
8160 0
8161 1
8162 0
8163 0
8164 0
8165 0
8166 0
8167 0
8168 0
8169 0
8170 1
8171 1
8172 0
8173 0
8174 0
8175 0
8176 1
8177 1
8178 0
8179 1
8180 0
8181 0
8182 0
8183 1
8184 1
8185 0
8186 1
8187 1
8188 0
8189 0
8190 0
8191 0
8192 2
8193 0
8194 1
8195 1
8196 1
8197 1
8198 1
8199 0
8200 1
8201 1
8202 3
8203 2
8204 1
8205 0
8206 0
8207 0
8208 0
8209 1
8210 1
8211 1
8212 0
8213 1
8214 1
8215 0
8216 0
8217 0
8218 0
8219 0
8220 1
8221 2
8222 1
8223 0
8224 4
8225 0
8226 0
8227 0
8228 0
8229 2
8230 2
8231 0
8232 2
8233 1
8234 0
8235 0
8236 1
8237 0
8238 1
8239 1
8240 1
8241 2
8242 2
8243 0
8244 3
8245 0
8246 0
8247 0
8248 1
8249 2
8250 1
8251 1
8252 0
8253 1
8254 0
8255 0
8256 2
8257 0
8258 0
8259 1
8260 0
8261 0
8262 0
8263 0
8264 1
8265 0
8266 1
8267 0
8268 0
8269 0
8270 1
8271 0
8272 1
8273 1
8274 1
8275 0
8276 1
8277 0
8278 1
8279 0
8280 1
8281 0
8282 1
8283 1
8284 0
8285 0
8286 1
8287 1
8288 1
8289 2
8290 0
8291 1
8292 0
8293 0
8294 0
8295 0
8296 1
8297 0
8298 1
8299 1
8300 2
8301 0
8302 0
8303 2
8304 2
8305 1
8306 1
8307 0
8308 2
8309 0
8310 1
8311 2
8312 0
8313 0
8314 0
8315 0
8316 0
8317 0
8318 0
8319 0
8320 0
8321 0
8322 0
8323 0
8324 0
8325 0
8326 1
8327 0
8328 0
8329 0
8330 0
8331 0
8332 0
8333 0
8334 0
8335 0
8336 0
8337 0
8338 0
8339 0
8340 0
8341 1
8342 0
8343 0
8344 0
8345 0
8346 0
8347 0
8348 0
8349 0
8350 0
8351 0
8352 0
8353 0
8354 0
8355 1
8356 1
8357 0
8358 0
8359 2
8360 0
8361 0
8362 2
8363 2
8364 0
8365 0
8366 0
8367 0
8368 1
8369 0
8370 0
8371 0
8372 0
8373 0
8374 0
8375 0
8376 0
8377 0
8378 0
8379 0
8380 1
8381 2
8382 0
8383 0
8384 0
8385 1
8386 1
8387 1
8388 0
8389 0
8390 0
8391 0
8392 0
8393 0
8394 0
8395 0
8396 0
8397 1
8398 0
8399 0
8400 0
8401 0
8402 0
8403 0
8404 0
8405 0
8406 0
8407 0
8408 0
8409 0
8410 0
8411 0
8412 0
8413 0
8414 1
8415 0
8416 0
8417 0
8418 0
8419 0
8420 0
8421 1
8422 0
8423 0
8424 1
8425 0
8426 1
8427 0
8428 1
8429 0
8430 0
8431 0
8432 0
8433 0
8434 1
8435 0
8436 1
8437 0
8438 1
8439 0
8440 0
8441 0
8442 0
8443 0
8444 0
8445 0
8446 0
8447 1
8448 0
8449 1
8450 1
8451 0
8452 0
8453 0
8454 0
8455 1
8456 0
8457 1
8458 1
8459 1
8460 0
8461 1
8462 0
8463 2
8464 0
8465 0
8466 0
8467 1
8468 0
8469 1
8470 1
8471 1
8472 1
8473 0
8474 1
8475 0
8476 0
8477 0
8478 0
8479 0
8480 0
8481 0
8482 0
8483 0
8484 0
8485 0
8486 0
8487 0
8488 1
8489 0
8490 0
8491 0
8492 0
8493 1
8494 2
8495 1
8496 0
8497 0
8498 1
8499 0
8500 0
8501 0
8502 1
8503 1
8504 0
8505 1
8506 0
8507 0
8508 0
8509 1
8510 0
8511 0
8512 2
8513 0
8514 0
8515 1
8516 0
8517 0
8518 1
8519 0
8520 1
8521 2
8522 0
8523 0
8524 1
8525 2
8526 2
8527 0
8528 0
8529 1
8530 1
8531 0
8532 3
8533 3
8534 2
8535 1
8536 1
8537 1
8538 4
8539 2
8540 3
8541 1
8542 1
8543 2
8544 2
8545 4
8546 0
8547 0
8548 0
8549 0
8550 2
8551 1
8552 3
8553 3
8554 0
8555 2
8556 0
8557 1
8558 2
8559 2
8560 2
8561 3
8562 2
8563 1
8564 2
8565 2
8566 2
8567 0
8568 1
8569 1
8570 1
8571 2
8572 0
8573 0
8574 1
8575 1
8576 1
8577 0
8578 0
8579 3
8580 2
8581 1
8582 1
8583 1
8584 0
8585 2
8586 2
8587 1
8588 1
8589 1
8590 2
8591 3
8592 0
8593 1
8594 1
8595 0
8596 0
8597 2
8598 1
8599 1
8600 1
8601 1
8602 1
8603 0
8604 2
8605 1
8606 3
8607 2
8608 1
8609 1
8610 1
8611 0
8612 1
8613 1
8614 0
8615 2
8616 2
8617 2
8618 3
8619 0
8620 0
8621 0
8622 1
8623 3
8624 2
8625 1
8626 1
8627 1
8628 0
8629 1
8630 2
8631 0
8632 0
8633 1
8634 2
8635 1
8636 0
8637 1
8638 0
8639 1
8640 0
8641 1
8642 0
8643 1
8644 1
8645 3
8646 1
8647 0
8648 0
8649 2
8650 0
8651 0
8652 0
8653 1
8654 3
8655 0
8656 1
8657 1
8658 2
8659 2
8660 0
8661 1
8662 1
8663 3
8664 1
8665 0
8666 1
8667 2
8668 4
8669 2
8670 2
8671 1
8672 1
8673 1
8674 0
8675 3
8676 3
8677 3
8678 3
8679 2
8680 3
8681 3
8682 0
8683 0
8684 1
8685 1
8686 1
8687 0
8688 0
8689 2
8690 0
8691 2
8692 0
8693 1
8694 1
8695 1
8696 3
8697 1
8698 1
8699 2
8700 0
8701 0
8702 1
8703 1
8704 1
8705 2
8706 2
8707 1
8708 2
8709 2
8710 2
8711 2
8712 3
8713 2
8714 1
8715 1
8716 1
8717 2
8718 0
8719 1
8720 1
8721 2
8722 1
8723 1
8724 1
8725 2
8726 0
8727 2
8728 3
8729 1
8730 1
8731 1
8732 1
8733 1
8734 0
8735 0
8736 2
8737 2
8738 1
8739 2
8740 4
8741 1
8742 2
8743 1
8744 1
8745 0
8746 1
8747 0
8748 2
8749 1
8750 0
8751 1
8752 0
8753 1
8754 0
8755 1
8756 3
8757 1
8758 1
8759 2
8760 3
8761 1
8762 3
8763 0
8764 3
8765 3
8766 5
8767 1
8768 2
8769 2
8770 3
8771 0
8772 0
8773 3
8774 1
8775 1
8776 3
8777 1
8778 2
8779 2
8780 2
8781 1
8782 0
8783 3
8784 0
8785 1
8786 1
8787 1
8788 0
8789 1
8790 0
8791 2
8792 1
8793 2
8794 1
8795 0
8796 0
8797 1
8798 1
8799 1
8800 0
8801 1
8802 2
8803 0
8804 0
8805 0
8806 2
8807 0
8808 1
8809 1
8810 2
8811 0
8812 1
8813 1
8814 1
8815 0
8816 0
8817 1
8818 1
8819 1
8820 0
8821 0
8822 1
8823 0
8824 1
8825 2
8826 1
8827 0
8828 1
8829 1
8830 0
8831 3
8832 1
8833 3
8834 3
8835 1
8836 2
8837 2
8838 1
8839 0
8840 1
8841 3
8842 1
8843 3
8844 1
8845 1
8846 2
8847 1
8848 2
8849 0
8850 3
8851 2
8852 2
8853 2
8854 1
8855 1
8856 3
8857 4
8858 2
8859 1
8860 2
8861 2
8862 0
8863 0
8864 2
8865 1
8866 1
8867 1
8868 2
8869 1
8870 0
8871 2
8872 1
8873 0
8874 1
8875 0
8876 1
8877 0
8878 1
8879 1
8880 2
8881 1
8882 0
8883 1
8884 3
8885 2
8886 0
8887 1
8888 1
8889 1
8890 1
8891 1
8892 0
8893 3
8894 0
8895 1
8896 1
8897 2
8898 0
8899 2
8900 1
8901 2
8902 0
8903 1
8904 1
8905 0
8906 3
8907 2
8908 3
8909 0
8910 2
8911 1
8912 2
8913 1
8914 0
8915 1
8916 2
8917 2
8918 1
8919 1
8920 2
8921 1
8922 2
8923 0
8924 2
8925 2
8926 0
8927 2
8928 0
8929 1
8930 1
8931 3
8932 1
8933 2
8934 2
8935 2
8936 0
8937 0
8938 2
8939 0
8940 0
8941 1
8942 0
8943 0
8944 1
8945 2
8946 0
8947 1
8948 1
8949 0
8950 0
8951 0
8952 1
8953 3
8954 0
8955 0
8956 1
8957 2
8958 1
8959 1
8960 1
8961 0
8962 0
8963 0
8964 0
8965 1
8966 0
8967 0
8968 0
8969 2
8970 2
8971 0
8972 2
8973 1
8974 2
8975 1
8976 0
8977 1
8978 1
8979 1
8980 2
8981 1
8982 2
8983 1
8984 2
8985 1
8986 1
8987 1
8988 1
8989 1
8990 1
8991 1
8992 1
8993 1
8994 1
8995 1
8996 2
8997 1
8998 2
8999 1
9000 1
9001 0
9002 0
9003 0
9004 0
9005 0
9006 0
9007 0
9008 0
9009 1
9010 0
9011 0
9012 0
9013 0
9014 1
9015 0
9016 1
9017 2
9018 1
9019 0
9020 0
9021 1
9022 0
9023 0
9024 0
9025 1
9026 0
9027 1
9028 0
9029 1
9030 0
9031 0
9032 1
9033 0
9034 0
9035 1
9036 0
9037 0
9038 0
9039 0
9040 0
9041 0
9042 1
9043 0
9044 0
9045 1
9046 1
9047 0
9048 2
9049 0
9050 0
9051 1
9052 0
9053 1
9054 1
9055 0
9056 0
9057 1
9058 0
9059 1
9060 3
9061 1
9062 1
9063 1
9064 1
9065 0
9066 0
9067 0
9068 1
9069 1
9070 1
9071 0
9072 1
9073 0
9074 0
9075 0
9076 0
9077 0
9078 0
9079 0
9080 0
9081 0
9082 0
9083 0
9084 1
9085 1
9086 2
9087 2
9088 0
9089 0
9090 0
9091 1
9092 0
9093 0
9094 0
9095 1
9096 0
9097 1
9098 1
9099 1
9100 1
9101 0
9102 2
9103 1
9104 0
9105 0
9106 0
9107 1
9108 1
9109 1
9110 1
9111 2
9112 3
9113 1
9114 3
9115 2
9116 0
9117 1
9118 1
9119 1
9120 2
9121 0
9122 0
9123 0
9124 0
9125 1
9126 0
9127 0
9128 0
9129 2
9130 0
9131 1
9132 1
9133 0
9134 0
9135 1
9136 0
9137 0
9138 0
9139 0
9140 0
9141 2
9142 1
9143 2
9144 1
9145 1
9146 0
9147 0
9148 1
9149 0
9150 1
9151 0
9152 0
9153 1
9154 0
9155 0
9156 0
9157 0
9158 0
9159 0
9160 0
9161 1
9162 0
9163 1
9164 0
9165 0
9166 0
9167 0
9168 0
9169 0
9170 2
9171 1
9172 0
9173 0
9174 1
9175 0
9176 0
9177 0
9178 0
9179 1
9180 0
9181 1
9182 1
9183 2
9184 0
9185 0
9186 0
9187 1
9188 0
9189 0
9190 1
9191 0
9192 0
9193 0
9194 0
9195 1
9196 0
9197 0
9198 0
9199 0
9200 0
9201 1
9202 0
9203 0
9204 0
9205 0
9206 0
9207 0
9208 0
9209 0
9210 2
9211 1
9212 1
9213 1
9214 1
9215 0
9216 0
9217 1
9218 1
9219 3
9220 1
9221 0
9222 2
9223 0
9224 1
9225 1
9226 1
9227 0
9228 1
9229 0
9230 2
9231 1
9232 1
9233 2
9234 0
9235 1
9236 1
9237 2
9238 1
9239 1
9240 0
9241 0
9242 0
9243 1
9244 0
9245 0
9246 0
9247 1
9248 1
9249 1
9250 0
9251 1
9252 1
9253 1
9254 0
9255 1
9256 0
9257 0
9258 0
9259 2
9260 1
9261 2
9262 0
9263 1
9264 0
9265 1
9266 0
9267 1
9268 1
9269 1
9270 0
9271 2
9272 2
9273 1
9274 2
9275 1
9276 0
9277 1
9278 0
9279 0
9280 1
9281 0
9282 0
9283 1
9284 2
9285 1
9286 2
9287 2
9288 0
9289 0
9290 0
9291 0
9292 0
9293 0
9294 0
9295 1
9296 0
9297 0
9298 1
9299 1
9300 1
9301 1
9302 1
9303 0
9304 1
9305 2
9306 1
9307 2
9308 3
9309 2
9310 1
9311 1
9312 2
9313 3
9314 2
9315 2
9316 0
9317 0
9318 1
9319 1
9320 2
9321 2
9322 0
9323 1
9324 3
9325 0
9326 0
9327 2
9328 1
9329 0
9330 0
9331 1
9332 1
9333 0
9334 0
9335 2
9336 1
9337 2
9338 1
9339 3
9340 2
9341 3
9342 2
9343 1
9344 1
9345 1
9346 3
9347 0
9348 0
9349 0
9350 0
9351 0
9352 0
9353 0
9354 3
9355 1
9356 1
9357 0
9358 0
9359 1
9360 1
9361 0
9362 1
9363 0
9364 2
9365 2
9366 2
9367 0
9368 0
9369 1
9370 1
9371 1
9372 0
9373 1
9374 0
9375 0
9376 1
9377 1
9378 1
9379 0
9380 1
9381 2
9382 0
9383 0
9384 1
9385 1
9386 1
9387 2
9388 1
9389 0
9390 1
9391 1
9392 1
9393 0
9394 1
9395 1
9396 3
9397 1
9398 1
9399 0
9400 2
9401 2
9402 0
9403 0
9404 1
9405 1
9406 2
9407 2
9408 1
9409 0
9410 1
9411 0
9412 1
9413 2
9414 1
9415 2
9416 2
9417 0
9418 2
9419 1
9420 1
9421 1
9422 1
9423 2
9424 1
9425 1
9426 0
9427 1
9428 1
9429 1
9430 2
9431 0
9432 2
9433 2
9434 0
9435 0
9436 1
9437 0
9438 0
9439 0
9440 0
9441 1
9442 0
9443 0
9444 0
9445 2
9446 1
9447 1
9448 0
9449 1
9450 0
9451 0
9452 1
9453 1
9454 1
9455 0
9456 0
9457 0
9458 0
9459 1
9460 0
9461 1
9462 0
9463 2
9464 3
9465 2
9466 0
9467 0
9468 0
9469 1
9470 1
9471 1
9472 0
9473 1
9474 2
9475 1
9476 0
9477 0
9478 4
9479 1
9480 0
9481 0
9482 1
9483 2
9484 2
9485 1
9486 0
9487 0
9488 2
9489 0
9490 0
9491 1
9492 0
9493 0
9494 2
9495 1
9496 0
9497 0
9498 0
9499 2
9500 1
9501 0
9502 0
9503 2
9504 0
9505 0
9506 1
9507 1
9508 0
9509 2
9510 0
9511 1
9512 3
9513 1
9514 1
9515 1
9516 2
9517 2
9518 2
9519 2
9520 1
9521 0
9522 1
9523 3
9524 1
9525 1
9526 1
9527 1
9528 0
9529 2
9530 0
9531 2
9532 1
9533 0
9534 0
9535 1
9536 1
9537 1
9538 0
9539 1
9540 0
9541 1
9542 0
9543 0
9544 1
9545 0
9546 2
9547 1
9548 2
9549 1
9550 1
9551 3
9552 2
9553 3
9554 1
9555 0
9556 1
9557 1
9558 1
9559 0
9560 0
9561 0
9562 0
9563 0
9564 0
9565 0
9566 0
9567 0
9568 0
9569 0
9570 0
9571 0
9572 1
9573 1
9574 1
9575 2
9576 0
9577 0
9578 1
9579 1
9580 0
9581 1
9582 2
9583 0
9584 0
9585 0
9586 0
9587 0
9588 1
9589 0
9590 0
9591 1
9592 1
9593 0
9594 0
9595 0
9596 1
9597 1
9598 2
9599 1
9600 2
9601 1
9602 1
9603 0
9604 0
9605 0
9606 1
9607 0
9608 0
9609 2
9610 2
9611 0
9612 2
9613 2
9614 3
9615 2
9616 1
9617 2
9618 2
9619 2
9620 2
9621 1
9622 1
9623 1
9624 2
9625 1
9626 1
9627 1
9628 1
9629 0
9630 1
9631 0
9632 1
9633 0
9634 0
9635 1
9636 0
9637 2
9638 0
9639 1
9640 0
9641 0
9642 2
9643 1
9644 1
9645 1
9646 1
9647 2
9648 2
9649 0
9650 1
9651 2
9652 1
9653 1
9654 0
9655 0
9656 1
9657 0
9658 1
9659 0
9660 2
9661 3
9662 1
9663 1
9664 1
9665 1
9666 2
9667 2
9668 2
9669 1
9670 5
9671 1
9672 4
9673 0
9674 0
9675 2
9676 1
9677 3
9678 1
9679 0
9680 0
9681 1
9682 0
9683 0
9684 2
9685 1
9686 1
9687 1
9688 0
9689 0
9690 0
9691 0
9692 0
9693 0
9694 0
9695 1
9696 0
9697 0
9698 1
9699 0
9700 2
9701 0
9702 1
9703 1
9704 4
9705 1
9706 1
9707 2
9708 1
9709 1
9710 3
9711 0
9712 2
9713 3
9714 1
9715 1
9716 2
9717 2
9718 2
9719 1
9720 0
9721 1
9722 1
9723 1
9724 0
9725 0
9726 0
9727 1
9728 0
9729 1
9730 0
9731 1
9732 0
9733 2
9734 0
9735 0
9736 1
9737 2
9738 1
9739 0
9740 0
9741 0
9742 1
9743 0
9744 1
9745 1
9746 1
9747 1
9748 1
9749 1
9750 0
9751 0
9752 1
9753 1
9754 0
9755 0
9756 1
9757 0
9758 1
9759 3
9760 2
9761 1
9762 4
9763 0
9764 1
9765 1
9766 0
9767 0
9768 1
9769 1
9770 0
9771 2
9772 1
9773 1
9774 2
9775 0
9776 1
9777 1
9778 1
9779 1
9780 1
9781 2
9782 0
9783 0
9784 1
9785 4
9786 3
9787 0
9788 0
9789 0
9790 0
9791 0
9792 1
9793 2
9794 1
9795 1
9796 1
9797 2
9798 0
9799 1
9800 0
9801 0
9802 0
9803 0
9804 1
9805 3
9806 1
9807 0
9808 1
9809 0
9810 2
9811 1
9812 1
9813 1
9814 1
9815 1
9816 1
9817 1
9818 1
9819 0
9820 1
9821 0
9822 3
9823 1
9824 2
9825 0
9826 0
9827 1
9828 0
9829 2
9830 0
9831 0
9832 1
9833 1
9834 1
9835 3
9836 0
9837 1
9838 1
9839 1
9840 0
9841 1
9842 0
9843 2
9844 2
9845 1
9846 3
9847 2
9848 1
9849 1
9850 0
9851 1
9852 0
9853 1
9854 1
9855 1
9856 1
9857 2
9858 2
9859 1
9860 1
9861 0
9862 0
9863 1
9864 0
9865 0
9866 0
9867 2
9868 1
9869 0
9870 1
9871 0
9872 2
9873 0
9874 0
9875 1
9876 1
9877 2
9878 0
9879 1
9880 1
9881 2
9882 1
9883 3
9884 0
9885 1
9886 1
9887 0
9888 0
9889 0
9890 1
9891 1
9892 1
9893 1
9894 0
9895 0
9896 1
9897 0
9898 1
9899 1
9900 0
9901 0
9902 0
9903 1
9904 3
9905 2
9906 2
9907 2
9908 2
9909 1
9910 2
9911 2
9912 1
9913 2
9914 0
9915 0
9916 1
9917 0
9918 1
9919 1
9920 0
9921 1
9922 0
9923 1
9924 1
9925 0
9926 0
9927 0
9928 1
9929 2
9930 0
9931 1
9932 0
9933 2
9934 0
9935 3
9936 3
9937 2
9938 2
9939 1
9940 0
9941 1
9942 0
9943 1
9944 1
9945 2
9946 2
9947 1
9948 1
9949 0
9950 0
9951 0
9952 1
9953 0
9954 2
9955 0
9956 1
9957 2
9958 0
9959 4
9960 3
9961 2
9962 3
9963 1
9964 1
9965 2
9966 0
9967 1
9968 0
9969 0
9970 1
9971 1
9972 1
9973 0
9974 0
9975 4
9976 1
9977 1
9978 2
9979 3
9980 1
9981 1
9982 3
9983 0
9984 2
9985 2
9986 2
9987 1
9988 0
9989 1
9990 3
9991 0
9992 0
9993 1
9994 2
9995 0
9996 1
9997 0
9998 2
9999 2
10000 2
10001 1
