0 4
1 7
2 3
3 3
4 5
5 2
6 3
7 2
8 6
9 5
10 6
11 8
12 4
13 9
14 8
15 1
16 6
17 6
18 5
19 3
20 4
21 4
22 4
23 3
24 2
25 2
26 6
27 3
28 3
29 2
30 4
31 3
32 2
33 0
34 4
35 5
36 4
37 7
38 5
39 5
40 1
41 3
42 3
43 4
44 2
45 3
46 4
47 2
48 4
49 3
50 3
51 2
52 3
53 0
54 2
55 3
56 3
57 6
58 5
59 4
60 0
61 3
62 3
63 3
64 6
65 5
66 2
67 3
68 2
69 2
70 3
71 3
72 3
73 3
74 3
75 3
76 4
77 4
78 3
79 3
80 3
81 3
82 2
83 4
84 7
85 6
86 4
87 3
88 1
89 3
90 2
91 5
92 5
93 6
94 5
95 2
96 3
97 3
98 2
99 7
100 3
101 0
102 2
103 5
104 1
105 3
106 3
107 2
108 3
109 3
110 4
111 4
112 1
113 2
114 7
115 5
116 5
117 6
118 4
119 3
120 8
121 6
122 6
123 4
124 2
125 6
126 3
127 4
128 5
129 5
130 5
131 3
132 6
133 3
134 5
135 3
136 4
137 3
138 2
139 4
140 1
141 6
142 8
143 3
144 3
145 2
146 6
147 4
148 4
149 4
150 3
151 4
152 2
153 2
154 6
155 3
156 5
157 6
158 3
159 5
160 4
161 4
162 4
163 2
164 5
165 3
166 5
167 1
168 3
169 5
170 2
171 5
172 2
173 1
174 1
175 4
176 1
177 5
178 7
179 5
180 2
181 4
182 5
183 2
184 4
185 2
186 2
187 6
188 4
189 7
190 2
191 3
192 4
193 3
194 3
195 3
196 3
197 3
198 1
199 4
200 3
201 4
202 6
203 3
204 3
205 1
206 5
207 4
208 2
209 2
210 4
211 3
212 5
213 3
214 1
215 2
216 4
217 2
218 1
219 4
220 3
221 3
222 5
223 3
224 5
225 4
226 2
227 5
228 6
229 3
230 3
231 6
232 4
233 1
234 1
235 3
236 6
237 4
238 4
239 5
240 3
241 3
242 5
243 2
244 3
245 5
246 3
247 2
248 5
249 6
250 3
251 2
252 3
253 2
254 6
255 1
256 6
257 4
258 4
259 3
260 2
261 3
262 2
263 1
264 2
265 4
266 1
267 1
268 2
269 5
270 2
271 1
272 3
273 4
274 6
275 1
276 6
277 2
278 6
279 2
280 5
281 2
282 3
283 2
284 2
285 2
286 2
287 4
288 5
289 6
290 3
291 4
292 3
293 6
294 2
295 5
296 2
297 3
298 6
299 5
300 6
301 1
302 0
303 2
304 4
305 4
306 5
307 7
308 3
309 5
310 8
311 6
312 2
313 2
314 6
315 2
316 2
317 4
318 4
319 4
320 2
321 1
322 1
323 2
324 2
325 0
326 3
327 2
328 8
329 5
330 5
331 2
332 7
333 6
334 4
335 4
336 1
337 5
338 4
339 5
340 3
341 4
342 3
343 3
344 2
345 5
346 2
347 3
348 3
349 5
350 4
351 8
352 5
353 5
354 2
355 3
356 6
357 7
358 7
359 3
360 4
361 5
362 6
363 7
364 4
365 5
366 2
367 4
368 8
369 4
370 3
371 3
372 2
373 6
374 4
375 4
376 5
377 2
378 4
379 2
380 6
381 7
382 8
383 3
384 3
385 4
386 5
387 2
388 4
389 2
390 5
391 7
392 7
393 6
394 7
395 4
396 2
397 3
398 5
399 5
400 3
401 5
402 3
403 4
404 2
405 6
406 7
407 3
408 3
409 4
410 4
411 3
412 5
413 3
414 4
415 7
416 8
417 4
418 6
419 9
420 5
421 5
422 5
423 5
424 5
425 3
426 4
427 3
428 3
429 5
430 4
431 8
432 5
433 4
434 2
435 3
436 5
437 3
438 5
439 3
440 6
441 6
442 3
443 7
444 5
445 4
446 3
447 1
448 4
449 6
450 5
451 7
452 6
453 3
454 5
455 5
456 3
457 4
458 3
459 7
460 5
461 3
462 3
463 4
464 3
465 3
466 2
467 5
468 4
469 3
470 4
471 2
472 5
473 2
474 3
475 4
476 3
477 1
478 6
479 3
480 3
481 2
482 6
483 6
484 8
485 3
486 2
487 5
488 4
489 5
490 3
491 2
492 6
493 2
494 1
495 3
496 1
497 1
498 4
499 5
500 3
501 2
502 3
503 1
504 4
505 3
506 3
507 6
508 2
509 4
510 8
511 3
512 5
513 6
514 3
515 6
516 4
517 5
518 1
519 3
520 1
521 3
522 4
523 4
524 5
525 3
526 4
527 2
528 4
529 4
530 1
531 4
532 3
533 8
534 6
535 4
536 5
537 4
538 4
539 3
540 1
541 1
542 4
543 5
544 4
545 4
546 3
547 4
548 5
549 4
550 3
551 3
552 3
553 4
554 3
555 1
556 3
557 4
558 1
559 4
560 2
561 4
562 6
563 3
564 5
565 5
566 1
567 3
568 5
569 6
570 4
571 2
572 7
573 2
574 3
575 3
576 2
577 2
578 3
579 0
580 4
581 5
582 4
583 4
584 3
585 4
586 4
587 2
588 2
589 1
590 3
591 3
592 3
593 2
594 4
595 6
596 5
597 3
598 5
599 3
600 6
601 4
602 2
603 3
604 1
605 3
606 6
607 4
608 3
609 5
610 2
611 1
612 3
613 2
614 5
615 4
616 3
617 1
618 5
619 3
620 4
621 5
622 4
623 3
624 2
625 1
626 5
627 5
628 5
629 1
630 4
631 3
632 2
633 4
634 6
635 3
636 4
637 2
638 5
639 3
640 5
641 3
642 3
643 1
644 4
645 1
646 3
647 1
648 2
649 5
650 4
651 4
652 2
653 3
654 4
655 7
656 3
657 3
658 3
659 3
660 6
661 5
662 7
663 6
664 2
665 5
666 0
667 7
668 4
669 6
670 3
671 6
672 8
673 4
674 6
675 6
676 4
677 7
678 5
679 4
680 2
681 7
682 5
683 7
684 8
685 2
686 4
687 5
688 2
689 6
690 5
691 2
692 1
693 3
694 2
695 1
696 2
697 3
698 1
699 0
700 2
701 1
702 0
703 1
704 5
705 2
706 2
707 4
708 2
709 3
710 1
711 2
712 4
713 3
714 4
715 6
716 2
717 4
718 3
719 3
720 6
721 1
722 4
723 3
724 1
725 0
726 3
727 7
728 4
729 1
730 1
731 3
732 2
733 3
734 3
735 3
736 2
737 2
738 5
739 5
740 2
741 2
742 1
743 4
744 4
745 2
746 3
747 1
748 3
749 2
750 3
751 5
752 0
753 1
754 5
755 4
756 3
757 2
758 2
759 1
760 5
761 3
762 2
763 3
764 3
765 3
766 3
767 4
768 4
769 1
770 2
771 4
772 2
773 2
774 4
775 4
776 4
777 3
778 2
779 4
780 3
781 1
782 4
783 1
784 1
785 4
786 5
787 5
788 3
789 5
790 2
791 2
792 5
793 2
794 1
795 2
796 1
797 2
798 1
799 4
800 3
801 4
802 2
803 3
804 2
805 2
806 3
807 3
808 1
809 3
810 3
811 3
812 3
813 2
814 2
815 4
816 3
817 3
818 1
819 6
820 4
821 4
822 3
823 5
824 3
825 4
826 2
827 5
828 3
829 3
830 4
831 2
832 2
833 4
834 2
835 1
836 4
837 1
838 2
839 4
840 2
841 3
842 2
843 1
844 2
845 1
846 1
847 0
848 3
849 1
850 2
851 3
852 0
853 2
854 4
855 0
856 4
857 1
858 1
859 2
860 4
861 2
862 4
863 1
864 2
865 5
866 3
867 3
868 3
869 4
870 1
871 1
872 2
873 3
874 1
875 0
876 0
877 0
878 2
879 1
880 3
881 4
882 1
883 1
884 4
885 4
886 1
887 2
888 2
889 4
890 3
891 3
892 2
893 0
894 0
895 2
896 1
897 2
898 3
899 3
900 0
901 2
902 5
903 2
904 3
905 0
906 5
907 2
908 3
909 7
910 2
911 1
912 2
913 3
914 2
915 1
916 2
917 3
918 4
919 5
920 0
921 4
922 2
923 1
924 2
925 1
926 2
927 3
928 2
929 2
930 6
931 1
932 3
933 4
934 4
935 0
936 6
937 2
938 3
939 4
940 1
941 3
942 4
943 5
944 4
945 3
946 2
947 3
948 4
949 3
950 3
951 1
952 1
953 3
954 1
955 3
956 3
957 3
958 6
959 2
960 3
961 0
962 3
963 2
964 3
965 2
966 3
967 4
968 4
969 3
970 2
971 3
972 4
973 3
974 2
975 3
976 4
977 1
978 3
979 4
980 2
981 6
982 4
983 3
984 6
985 3
986 3
987 5
988 3
989 4
990 4
991 6
992 3
993 4
994 3
995 5
996 3
997 3
998 0
999 2
1000 3
1001 4
1002 4
1003 2
1004 3
1005 1
1006 4
1007 0
1008 1
1009 5
1010 2
1011 2
1012 6
1013 2
1014 2
1015 5
1016 3
1017 7
1018 2
1019 5
1020 3
1021 4
1022 1
1023 3
1024 3
1025 2
1026 5
1027 3
1028 3
1029 3
1030 1
1031 4
1032 2
1033 4
1034 3
1035 3
1036 2
1037 0
1038 0
1039 2
1040 2
1041 3
1042 5
1043 3
1044 3
1045 4
1046 4
1047 2
1048 2
1049 1
1050 2
1051 1
1052 2
1053 3
1054 3
1055 1
1056 4
1057 2
1058 4
1059 3
1060 2
1061 0
1062 2
1063 3
1064 3
1065 4
1066 2
1067 4
1068 3
1069 1
1070 4
1071 4
1072 4
1073 1
1074 2
1075 3
1076 3
1077 3
1078 3
1079 1
1080 2
1081 2
1082 1
1083 3
1084 5
1085 2
1086 2
1087 2
1088 0
1089 4
1090 2
1091 2
1092 1
1093 2
1094 3
1095 2
1096 4
1097 4
1098 1
1099 4
1100 7
1101 2
1102 0
1103 1
1104 3
1105 1
1106 4
1107 4
1108 0
1109 2
1110 1
1111 3
1112 4
1113 3
1114 7
1115 4
1116 3
1117 2
1118 2
1119 4
1120 5
1121 3
1122 4
1123 3
1124 3
1125 2
1126 1
1127 3
1128 0
1129 4
1130 6
1131 2
1132 2
1133 2
1134 2
1135 3
1136 4
1137 2
1138 3
1139 1
1140 0
1141 3
1142 5
1143 3
1144 3
1145 4
1146 3
1147 2
1148 2
1149 0
1150 4
1151 3
1152 2
1153 5
1154 4
1155 1
1156 4
1157 2
1158 1
1159 3
1160 2
1161 1
1162 3
1163 2
1164 2
1165 1
1166 2
1167 2
1168 1
1169 1
1170 3
1171 2
1172 3
1173 5
1174 1
1175 1
1176 1
1177 2
1178 2
1179 2
1180 3
1181 1
1182 3
1183 4
1184 2
1185 3
1186 1
1187 3
1188 3
1189 2
1190 2
1191 2
1192 0
1193 3
1194 2
1195 5
1196 0
1197 1
1198 2
1199 4
1200 2
1201 3
1202 5
1203 1
1204 2
1205 3
1206 2
1207 2
1208 2
1209 3
1210 0
1211 1
1212 4
1213 2
1214 2
1215 1
1216 2
1217 4
1218 2
1219 2
1220 1
1221 2
1222 2
1223 2
1224 3
1225 1
1226 3
1227 1
1228 0
1229 3
1230 4
1231 2
1232 3
1233 2
1234 0
1235 3
1236 2
1237 6
1238 3
1239 4
1240 3
1241 2
1242 3
1243 1
1244 1
1245 2
1246 1
1247 3
1248 2
1249 1
1250 1
1251 4
1252 4
1253 3
1254 5
1255 5
1256 2
1257 3
1258 0
1259 1
1260 4
1261 2
1262 1
1263 2
1264 1
1265 1
1266 3
1267 3
1268 2
1269 3
1270 3
1271 3
1272 3
1273 4
1274 3
1275 0
1276 2
1277 1
1278 0
1279 2
1280 1
1281 0
1282 1
1283 3
1284 2
1285 3
1286 0
1287 1
1288 0
1289 0
1290 2
1291 1
1292 2
1293 1
1294 4
1295 3
1296 2
1297 2
1298 4
1299 3
1300 1
1301 0
1302 4
1303 2
1304 2
1305 3
1306 2
1307 0
1308 1
1309 4
1310 1
1311 3
1312 3
1313 3
1314 2
1315 3
1316 1
1317 2
1318 0
1319 3
1320 1
1321 2
1322 5
1323 2
1324 3
1325 0
1326 3
1327 6
1328 0
1329 1
1330 1
1331 2
1332 0
1333 3
1334 3
1335 2
1336 0
1337 1
1338 0
1339 0
1340 2
1341 2
1342 2
1343 2
1344 4
1345 4
1346 3
1347 2
1348 4
1349 4
1350 1
1351 4
1352 0
1353 5
1354 1
1355 1
1356 2
1357 2
1358 2
1359 2
1360 3
1361 5
1362 3
1363 2
1364 2
1365 1
1366 2
1367 2
1368 1
1369 1
1370 4
1371 5
1372 4
1373 3
1374 4
1375 0
1376 1
1377 3
1378 5
1379 2
1380 3
1381 2
1382 2
1383 2
1384 2
1385 4
1386 1
1387 0
1388 2
1389 2
1390 6
1391 5
1392 3
1393 3
1394 5
1395 2
1396 2
1397 3
1398 4
1399 4
1400 2
1401 2
1402 1
1403 4
1404 5
1405 3
1406 7
1407 4
1408 1
1409 5
1410 0
1411 0
1412 1
1413 1
1414 3
1415 3
1416 4
1417 4
1418 0
1419 3
1420 3
1421 3
1422 2
1423 3
1424 3
1425 1
1426 0
1427 2
1428 2
1429 2
1430 3
1431 1
1432 3
1433 4
1434 4
1435 3
1436 5
1437 4
1438 3
1439 3
1440 1
1441 2
1442 3
1443 6
1444 1
1445 5
1446 5
1447 2
1448 4
1449 2
1450 2
1451 4
1452 2
1453 2
1454 3
1455 2
1456 2
1457 1
1458 4
1459 4
1460 3
1461 1
1462 4
1463 3
1464 5
1465 2
1466 4
1467 3
1468 2
1469 5
1470 5
1471 2
1472 2
1473 1
1474 3
1475 3
1476 3
1477 3
1478 3
1479 1
1480 1
1481 5
1482 3
1483 4
1484 3
1485 3
1486 2
1487 1
1488 1
1489 3
1490 3
1491 5
1492 1
1493 3
1494 4
1495 3
1496 5
1497 1
1498 5
1499 4
1500 3
1501 2
1502 2
1503 4
1504 3
1505 1
1506 1
1507 5
1508 1
1509 3
1510 3
1511 4
1512 4
1513 4
1514 3
1515 4
1516 1
1517 5
1518 4
1519 4
1520 2
1521 4
1522 4
1523 4
1524 3
1525 0
1526 4
1527 3
1528 3
1529 4
1530 6
1531 2
1532 4
1533 3
1534 1
1535 5
1536 4
1537 4
1538 5
1539 0
1540 2
1541 3
1542 2
1543 2
1544 6
1545 4
1546 3
1547 2
1548 5
1549 5
1550 2
1551 3
1552 2
1553 5
1554 4
1555 5
1556 4
1557 4
1558 4
1559 4
1560 4
1561 2
1562 6
1563 3
1564 5
1565 5
1566 3
1567 6
1568 5
1569 3
1570 4
1571 3
1572 3
1573 6
1574 4
1575 2
1576 5
1577 5
1578 4
1579 5
1580 7
1581 2
1582 3
1583 4
1584 2
1585 4
1586 1
1587 5
1588 3
1589 5
1590 3
1591 5
1592 3
1593 5
1594 3
1595 1
1596 1
1597 3
1598 6
1599 5
1600 2
1601 3
1602 5
1603 3
1604 3
1605 3
1606 3
1607 5
1608 4
1609 2
1610 4
1611 1
1612 7
1613 2
1614 3
1615 6
1616 2
1617 3
1618 2
1619 3
1620 5
1621 4
1622 4
1623 3
1624 5
1625 5
1626 3
1627 3
1628 6
1629 4
1630 3
1631 6
1632 1
1633 3
1634 3
1635 3
1636 5
1637 2
1638 3
1639 3
1640 1
1641 3
1642 3
1643 4
1644 2
1645 6
1646 3
1647 3
1648 4
1649 2
1650 3
1651 4
1652 4
1653 3
1654 5
1655 4
1656 6
1657 1
1658 2
1659 5
1660 3
1661 6
1662 5
1663 4
1664 4
1665 4
1666 2
1667 7
1668 4
1669 4
1670 4
1671 3
1672 4
1673 4
1674 2
1675 1
1676 3
1677 2
1678 6
1679 4
1680 4
1681 3
1682 4
1683 5
1684 4
1685 2
1686 3
1687 2
1688 5
1689 1
1690 2
1691 3
1692 3
1693 3
1694 1
1695 5
1696 3
1697 4
1698 2
1699 1
1700 1
1701 5
1702 2
1703 4
1704 3
1705 4
1706 4
1707 3
1708 3
1709 4
1710 2
1711 2
1712 1
1713 1
1714 0
1715 2
1716 4
1717 2
1718 3
1719 5
1720 2
1721 3
1722 3
1723 2
1724 2
1725 0
1726 2
1727 1
1728 2
1729 2
1730 3
1731 5
1732 4
1733 6
1734 2
1735 3
1736 4
1737 4
1738 4
1739 5
1740 4
1741 4
1742 4
1743 3
1744 4
1745 4
1746 4
1747 9
1748 7
1749 4
1750 3
1751 6
1752 3
1753 7
1754 5
1755 3
1756 5
1757 7
1758 5
1759 4
1760 3
1761 2
1762 1
1763 4
1764 6
1765 6
1766 3
1767 2
1768 3
1769 4
1770 3
1771 3
1772 3
1773 4
1774 6
1775 4
1776 3
1777 6
1778 1
1779 3
1780 4
1781 5
1782 3
1783 6
1784 6
1785 4
1786 2
1787 4
1788 4
1789 3
1790 5
1791 2
1792 2
1793 3
1794 3
1795 2
1796 1
1797 2
1798 6
1799 3
1800 4
1801 6
1802 5
1803 2
1804 4
1805 4
1806 2
1807 4
1808 5
1809 3
1810 2
1811 6
1812 2
1813 1
1814 4
1815 1
1816 4
1817 2
1818 2
1819 2
1820 3
1821 3
1822 4
1823 6
1824 4
1825 4
1826 3
1827 4
1828 4
1829 5
1830 5
1831 4
1832 4
1833 6
1834 3
1835 3
1836 4
1837 2
1838 4
1839 6
1840 3
1841 1
1842 4
1843 3
1844 2
1845 4
1846 2
1847 4
1848 6
1849 1
1850 2
1851 2
1852 2
1853 3
1854 1
1855 4
1856 4
1857 3
1858 6
1859 3
1860 2
1861 4
1862 4
1863 1
1864 2
1865 1
1866 5
1867 3
1868 3
1869 3
1870 1
1871 5
1872 3
1873 2
1874 3
1875 4
1876 3
1877 4
1878 3
1879 3
1880 5
1881 4
1882 5
1883 3
1884 6
1885 7
1886 3
1887 5
1888 4
1889 4
1890 4
1891 3
1892 7
1893 3
1894 5
1895 1
1896 4
1897 2
1898 4
1899 4
1900 6
1901 6
1902 4
1903 4
1904 4
1905 3
1906 6
1907 2
1908 5
1909 5
1910 2
1911 3
1912 4
1913 7
1914 6
1915 6
1916 3
1917 4
1918 6
1919 7
1920 4
1921 5
1922 3
1923 3
1924 7
1925 8
1926 5
1927 3
1928 3
1929 3
1930 4
1931 5
1932 6
1933 7
1934 4
1935 3
1936 3
1937 6
1938 2
1939 3
1940 3
1941 1
1942 4
1943 1
1944 5
1945 4
1946 4
1947 3
1948 1
1949 6
1950 3
1951 2
1952 3
1953 2
1954 3
1955 4
1956 4
1957 2
1958 2
1959 4
1960 4
1961 4
1962 1
1963 3
1964 4
1965 5
1966 3
1967 2
1968 4
1969 1
1970 3
1971 3
1972 3
1973 2
1974 6
1975 3
1976 5
1977 4
1978 5
1979 2
1980 3
1981 4
1982 5
1983 5
1984 5
1985 3
1986 4
1987 6
1988 3
1989 4
1990 2
1991 7
1992 5
1993 6
1994 4
1995 5
1996 3
1997 5
1998 2
1999 5
2000 3
2001 3
2002 2
2003 1
2004 3
2005 6
2006 4
2007 5
2008 4
2009 5
2010 0
2011 5
2012 3
2013 3
2014 3
2015 1
2016 3
2017 2
2018 4
2019 2
2020 7
2021 4
2022 4
2023 2
2024 3
2025 2
2026 6
2027 7
2028 2
2029 6
2030 4
2031 7
2032 6
2033 3
2034 3
2035 2
2036 2
2037 9
2038 3
2039 3
2040 5
2041 4
2042 3
2043 3
2044 6
2045 2
2046 3
2047 4
2048 1
2049 3
2050 4
2051 2
2052 4
2053 4
2054 6
2055 5
2056 8
2057 5
2058 4
2059 4
2060 2
2061 1
2062 0
2063 4
2064 6
2065 4
2066 3
2067 7
2068 4
2069 4
2070 2
2071 3
2072 4
2073 4
2074 6
2075 5
2076 3
2077 3
2078 6
2079 4
2080 5
2081 6
2082 7
2083 5
2084 3
2085 3
2086 1
2087 2
2088 5
2089 2
2090 4
2091 4
2092 5
2093 3
2094 6
2095 2
2096 2
2097 3
2098 5
2099 5
2100 2
2101 5
2102 5
2103 5
2104 5
2105 4
2106 3
2107 2
2108 4
2109 2
2110 6
2111 3
2112 3
2113 4
2114 5
2115 4
2116 5
2117 4
2118 4
2119 0
2120 4
2121 1
2122 8
2123 3
2124 3
2125 5
2126 2
2127 4
2128 5
2129 5
2130 2
2131 3
2132 3
2133 2
2134 2
2135 3
2136 6
2137 5
2138 4
2139 3
2140 5
2141 2
2142 5
2143 4
2144 4
2145 2
2146 4
2147 2
2148 3
2149 4
2150 6
2151 2
2152 5
2153 2
2154 5
2155 2
2156 1
2157 5
2158 2
2159 5
2160 2
2161 5
2162 4
2163 6
2164 7
2165 2
2166 3
2167 3
2168 5
2169 3
2170 1
2171 2
2172 5
2173 3
2174 2
2175 3
2176 1
2177 2
2178 4
2179 2
2180 1
2181 2
2182 6
2183 1
2184 3
2185 4
2186 2
2187 3
2188 3
2189 2
2190 4
2191 2
2192 2
2193 3
2194 4
2195 2
2196 0
2197 1
2198 2
2199 2
2200 6
2201 5
2202 4
2203 2
2204 1
2205 5
2206 3
2207 1
2208 3
2209 3
2210 3
2211 3
2212 3
2213 0
2214 1
2215 3
2216 3
2217 1
2218 5
2219 4
2220 3
2221 2
2222 2
2223 1
2224 1
2225 4
2226 6
2227 3
2228 4
2229 4
2230 4
2231 2
2232 3
2233 1
2234 0
2235 3
2236 3
2237 4
2238 2
2239 2
2240 2
2241 4
2242 1
2243 1
2244 2
2245 5
2246 4
2247 3
2248 2
2249 4
2250 5
2251 2
2252 3
2253 5
2254 4
2255 3
2256 4
2257 1
2258 2
2259 0
2260 3
2261 7
2262 5
2263 4
2264 6
2265 2
2266 4
2267 4
2268 3
2269 5
2270 4
2271 3
2272 2
2273 3
2274 4
2275 2
2276 4
2277 3
2278 2
2279 3
2280 4
2281 4
2282 3
2283 6
2284 4
2285 4
2286 2
2287 4
2288 3
2289 7
2290 1
2291 0
2292 1
2293 5
2294 6
2295 6
2296 4
2297 7
2298 4
2299 1
2300 3
2301 2
2302 2
2303 0
2304 6
2305 2
2306 3
2307 3
2308 0
2309 6
2310 4
2311 5
2312 3
2313 2
2314 3
2315 3
2316 3
2317 3
2318 4
2319 3
2320 5
2321 2
2322 0
2323 1
2324 4
2325 5
2326 2
2327 1
2328 6
2329 1
2330 4
2331 5
2332 2
2333 4
2334 3
2335 7
2336 4
2337 4
2338 3
2339 3
2340 4
2341 3
2342 5
2343 1
2344 5
2345 4
2346 4
2347 2
2348 4
2349 2
2350 2
2351 3
2352 2
2353 4
2354 3
2355 3
2356 3
2357 3
2358 4
2359 2
2360 7
2361 4
2362 5
2363 5
2364 3
2365 3
2366 1
2367 4
2368 2
2369 4
2370 7
2371 3
2372 5
2373 6
2374 5
2375 4
2376 4
2377 5
2378 4
2379 4
2380 3
2381 4
2382 3
2383 5
2384 3
2385 2
2386 6
2387 4
2388 4
2389 5
2390 2
2391 3
2392 2
2393 6
2394 2
2395 4
2396 4
2397 3
2398 2
2399 4
2400 3
2401 1
2402 2
2403 6
2404 2
2405 2
2406 3
2407 2
2408 1
2409 5
2410 2
2411 5
2412 4
2413 3
2414 3
2415 5
2416 4
2417 3
2418 2
2419 2
2420 4
2421 5
2422 4
2423 3
2424 2
2425 1
2426 2
2427 2
2428 4
2429 2
2430 2
2431 2
2432 2
2433 3
2434 0
2435 4
2436 4
2437 3
2438 6
2439 3
2440 1
2441 2
2442 3
2443 3
2444 4
2445 2
2446 3
2447 2
2448 4
2449 3
2450 1
2451 7
2452 4
2453 7
2454 3
2455 3
2456 2
2457 4
2458 4
2459 2
2460 2
2461 2
2462 2
2463 4
2464 1
2465 3
2466 3
2467 3
2468 2
2469 2
2470 1
2471 4
2472 2
2473 5
2474 2
2475 6
2476 2
2477 4
2478 3
2479 3
2480 2
2481 1
2482 4
2483 2
2484 4
2485 2
2486 4
2487 2
2488 2
2489 4
2490 1
2491 4
2492 3
2493 3
2494 4
2495 3
2496 4
2497 2
2498 3
2499 2
2500 4
2501 6
2502 1
2503 2
2504 3
2505 3
2506 4
2507 2
2508 2
2509 4
2510 0
2511 5
2512 3
2513 6
2514 2
2515 4
2516 2
2517 3
2518 3
2519 2
2520 3
2521 1
2522 3
2523 4
2524 3
2525 3
2526 5
2527 2
2528 2
2529 4
2530 4
2531 5
2532 3
2533 1
2534 2
2535 5
2536 6
2537 2
2538 3
2539 3
2540 2
2541 1
2542 2
2543 1
2544 3
2545 2
2546 5
2547 1
2548 3
2549 4
2550 1
2551 1
2552 2
2553 4
2554 5
2555 2
2556 1
2557 3
2558 1
2559 3
2560 5
2561 5
2562 1
2563 2
2564 5
2565 2
2566 3
2567 3
2568 3
2569 1
2570 3
2571 2
2572 3
2573 5
2574 0
2575 3
2576 1
2577 2
2578 3
2579 2
2580 6
2581 0
2582 4
2583 2
2584 6
2585 3
2586 3
2587 1
2588 5
2589 4
2590 6
2591 2
2592 2
2593 1
2594 3
2595 1
2596 3
2597 2
2598 3
2599 4
2600 4
2601 3
2602 1
2603 2
2604 3
2605 2
2606 3
2607 4
2608 4
2609 2
2610 3
2611 7
2612 5
2613 4
2614 2
2615 3
2616 5
2617 3
2618 2
2619 5
2620 4
2621 5
2622 3
2623 2
2624 1
2625 2
2626 4
2627 0
2628 2
2629 6
2630 2
2631 4
2632 2
2633 0
2634 2
2635 1
2636 2
2637 3
2638 2
2639 6
2640 3
2641 4
2642 3
2643 3
2644 5
2645 0
2646 2
2647 3
2648 5
2649 5
2650 1
2651 5
2652 3
2653 3
2654 2
2655 5
2656 5
2657 1
2658 7
2659 3
2660 6
2661 4
2662 4
2663 7
2664 3
2665 2
2666 5
2667 5
2668 4
2669 1
2670 6
2671 7
2672 4
2673 6
2674 6
2675 2
2676 3
2677 4
2678 2
2679 4
2680 3
2681 1
2682 3
2683 5
2684 4
2685 8
2686 4
2687 3
2688 1
2689 1
2690 2
2691 2
2692 5
2693 4
2694 4
2695 3
2696 2
2697 2
2698 1
2699 1
2700 3
2701 2
2702 4
2703 1
2704 5
2705 5
2706 4
2707 4
2708 1
2709 3
2710 3
2711 5
2712 5
2713 4
2714 1
2715 2
2716 5
2717 1
2718 4
2719 1
2720 3
2721 5
2722 0
2723 4
2724 5
2725 4
2726 2
2727 4
2728 1
2729 3
2730 4
2731 2
2732 5
2733 7
2734 3
2735 2
2736 4
2737 5
2738 2
2739 2
2740 3
2741 1
2742 3
2743 2
2744 5
2745 6
2746 3
2747 4
2748 2
2749 2
2750 4
2751 2
2752 2
2753 4
2754 2
2755 2
2756 2
2757 6
2758 1
2759 0
2760 4
2761 4
2762 2
2763 3
2764 7
2765 5
2766 4
2767 4
2768 4
2769 3
2770 4
2771 7
2772 5
2773 6
2774 4
2775 4
2776 2
2777 5
2778 3
2779 2
2780 4
2781 0
2782 5
2783 2
2784 3
2785 4
2786 2
2787 2
2788 5
2789 2
2790 3
2791 2
2792 2
2793 6
2794 6
2795 6
2796 8
2797 5
2798 5
2799 5
2800 3
2801 4
2802 3
2803 5
2804 5
2805 3
2806 6
2807 2
2808 3
2809 4
2810 3
2811 2
2812 4
2813 6
2814 4
2815 6
2816 3
2817 6
2818 5
2819 5
2820 1
2821 3
2822 4
2823 4
2824 4
2825 3
2826 3
2827 3
2828 4
2829 3
2830 4
2831 5
2832 4
2833 4
2834 3
2835 4
2836 3
2837 2
2838 3
2839 3
2840 2
2841 3
2842 5
2843 5
2844 3
2845 3
2846 5
2847 7
2848 6
2849 6
2850 7
2851 6
2852 3
2853 2
2854 2
2855 6
2856 6
2857 6
2858 5
2859 2
2860 2
2861 3
2862 4
2863 1
2864 3
2865 3
2866 4
2867 6
2868 2
2869 4
2870 5
2871 0
2872 2
2873 3
2874 5
2875 0
2876 5
2877 6
2878 5
2879 1
2880 3
2881 2
2882 3
2883 2
2884 4
2885 2
2886 6
2887 6
2888 3
2889 4
2890 5
2891 5
2892 3
2893 2
2894 4
2895 2
2896 1
2897 1
2898 0
2899 5
2900 4
2901 4
2902 7
2903 3
2904 1
2905 2
2906 6
2907 1
2908 2
2909 4
2910 3
2911 2
2912 5
2913 5
2914 3
2915 3
2916 3
2917 3
2918 3
2919 4
2920 5
2921 2
2922 4
2923 0
2924 4
2925 2
2926 4
2927 4
2928 4
2929 4
2930 3
2931 3
2932 3
2933 8
2934 4
2935 5
2936 2
2937 3
2938 4
2939 3
2940 1
2941 6
2942 3
2943 5
2944 3
2945 4
2946 4
2947 5
2948 5
2949 4
2950 4
2951 3
2952 2
2953 2
2954 2
2955 2
2956 3
2957 4
2958 3
2959 4
2960 2
2961 1
2962 2
2963 4
2964 6
2965 3
2966 1
2967 1
2968 5
2969 4
2970 1
2971 3
2972 2
2973 5
2974 3
2975 3
2976 4
2977 3
2978 5
2979 3
2980 2
2981 4
2982 4
2983 2
2984 3
2985 2
2986 2
2987 6
2988 7
2989 5
2990 3
2991 2
2992 3
2993 2
2994 4
2995 4
2996 2
2997 4
2998 4
2999 1
3000 4
3001 3
3002 6
3003 3
3004 2
3005 5
3006 2
3007 3
3008 3
3009 1
3010 5
3011 4
3012 1
3013 3
3014 1
3015 3
3016 4
3017 2
3018 1
3019 2
3020 4
3021 4
3022 5
3023 1
3024 3
3025 4
3026 3
3027 4
3028 6
3029 2
3030 6
3031 4
3032 3
3033 3
3034 4
3035 2
3036 1
3037 5
3038 5
3039 3
3040 5
3041 3
3042 2
3043 2
3044 3
3045 2
3046 2
3047 2
3048 6
3049 3
3050 2
3051 2
3052 2
3053 2
3054 3
3055 2
3056 4
3057 1
3058 5
3059 2
3060 3
3061 3
3062 3
3063 2
3064 4
3065 0
3066 2
3067 3
3068 3
3069 4
3070 0
3071 2
3072 4
3073 4
3074 2
3075 2
3076 5
3077 4
3078 4
3079 1
3080 2
3081 2
3082 0
3083 3
3084 0
3085 2
3086 2
3087 2
3088 4
3089 3
3090 5
3091 2
3092 4
3093 5
3094 2
3095 1
3096 4
3097 2
3098 2
3099 6
3100 2
3101 3
3102 3
3103 3
3104 0
3105 5
3106 2
3107 5
3108 3
3109 6
3110 2
3111 3
3112 2
3113 3
3114 1
3115 4
3116 3
3117 0
3118 3
3119 2
3120 1
3121 3
3122 3
3123 3
3124 4
3125 1
3126 2
3127 3
3128 5
3129 6
3130 6
3131 3
3132 1
3133 1
3134 3
3135 3
3136 3
3137 4
3138 2
3139 5
3140 2
3141 2
3142 4
3143 3
3144 5
3145 1
3146 4
3147 5
3148 3
3149 4
3150 3
3151 2
3152 0
3153 1
3154 3
3155 1
3156 3
3157 3
3158 5
3159 2
3160 2
3161 2
3162 5
3163 6
3164 6
3165 4
3166 7
3167 5
3168 1
3169 5
3170 0
3171 2
3172 1
3173 2
3174 3
3175 3
3176 3
3177 1
3178 3
3179 3
3180 3
3181 2
3182 1
3183 1
3184 1
3185 2
3186 2
3187 1
3188 2
3189 2
3190 3
3191 6
3192 4
3193 5
3194 3
3195 3
3196 2
3197 4
3198 4
3199 3
3200 3
3201 2
3202 4
3203 4
3204 4
3205 4
3206 3
3207 6
3208 2
3209 3
3210 4
3211 4
3212 4
3213 3
3214 6
3215 4
3216 4
3217 3
3218 4
3219 5
3220 2
3221 4
3222 2
3223 4
3224 4
3225 1
3226 2
3227 2
3228 5
3229 5
3230 4
3231 3
3232 3
3233 2
3234 4
3235 1
3236 6
3237 3
3238 0
3239 2
3240 6
3241 6
3242 6
3243 1
3244 4
3245 4
3246 3
3247 2
3248 4
3249 3
3250 4
3251 2
3252 5
3253 2
3254 7
3255 1
3256 4
3257 4
3258 1
3259 2
3260 4
3261 4
3262 1
3263 5
3264 4
3265 6
3266 3
3267 5
3268 3
3269 4
3270 4
3271 7
3272 2
3273 3
3274 2
3275 5
3276 4
3277 3
3278 2
3279 3
3280 7
3281 4
3282 1
3283 2
3284 5
3285 4
3286 3
3287 1
3288 6
3289 3
3290 4
3291 4
3292 2
3293 5
3294 5
3295 5
3296 2
3297 4
3298 3
3299 0
3300 1
3301 2
3302 4
3303 2
3304 5
3305 4
3306 5
3307 5
3308 6
3309 4
3310 3
3311 6
3312 7
3313 9
3314 4
3315 0
3316 2
3317 3
3318 5
3319 1
3320 2
3321 4
3322 3
3323 3
3324 5
3325 4
3326 3
3327 5
3328 4
3329 5
3330 3
3331 3
3332 3
3333 1
3334 1
3335 5
3336 4
3337 3
3338 6
3339 3
3340 5
3341 6
3342 1
3343 2
3344 2
3345 2
3346 3
3347 5
3348 6
3349 3
3350 1
3351 1
3352 3
3353 3
3354 2
3355 3
3356 5
3357 4
3358 3
3359 6
3360 2
3361 1
3362 6
3363 2
3364 4
3365 3
3366 1
3367 6
3368 6
3369 5
3370 2
3371 1
3372 2
3373 4
3374 4
3375 2
3376 7
3377 3
3378 1
3379 2
3380 4
3381 4
3382 4
3383 2
3384 6
3385 4
3386 1
3387 7
3388 5
3389 2
3390 2
3391 2
3392 4
3393 2
3394 1
3395 3
3396 5
3397 3
3398 6
3399 4
3400 4
3401 6
3402 4
3403 5
3404 5
3405 4
3406 5
3407 7
3408 4
3409 6
3410 5
3411 2
3412 5
3413 4
3414 1
3415 5
3416 4
3417 6
3418 4
3419 3
3420 6
3421 3
3422 0
3423 3
3424 4
3425 2
3426 3
3427 3
3428 6
3429 2
3430 6
3431 4
3432 1
3433 5
3434 3
3435 3
3436 4
3437 4
3438 2
3439 4
3440 5
3441 7
3442 4
3443 4
3444 7
3445 5
3446 3
3447 4
3448 4
3449 4
3450 3
3451 4
3452 2
3453 4
3454 5
3455 3
3456 3
3457 5
3458 4
3459 5
3460 2
3461 1
3462 3
3463 3
3464 4
3465 3
3466 4
3467 4
3468 3
3469 8
3470 3
3471 6
3472 3
3473 5
3474 4
3475 6
3476 0
3477 6
3478 3
3479 3
3480 4
3481 6
3482 3
3483 5
3484 5
3485 4
3486 3
3487 5
3488 1
3489 3
3490 3
3491 4
3492 5
3493 5
3494 5
3495 5
3496 2
3497 5
3498 4
3499 3
3500 4
3501 3
3502 1
3503 9
3504 3
3505 5
3506 4
3507 6
3508 4
3509 1
3510 5
3511 4
3512 3
3513 1
3514 2
3515 3
3516 3
3517 4
3518 2
3519 5
3520 5
3521 2
3522 3
3523 3
3524 2
3525 3
3526 3
3527 3
3528 3
3529 3
3530 4
3531 2
3532 6
3533 5
3534 7
3535 4
3536 4
3537 2
3538 1
3539 2
3540 4
3541 3
3542 5
3543 5
3544 3
3545 3
3546 3
3547 5
3548 5
3549 3
3550 2
3551 3
3552 3
3553 4
3554 2
3555 3
3556 1
3557 2
3558 5
3559 4
3560 1
3561 7
3562 3
3563 6
3564 4
3565 1
3566 5
3567 2
3568 4
3569 7
3570 3
3571 3
3572 4
3573 3
3574 1
3575 1
3576 4
3577 5
3578 0
3579 2
3580 3
3581 4
3582 2
3583 6
3584 2
3585 2
3586 3
3587 4
3588 6
3589 2
3590 3
3591 1
3592 2
3593 4
3594 2
3595 0
3596 7
3597 4
3598 3
3599 5
3600 4
3601 3
3602 4
3603 3
3604 5
3605 7
3606 4
3607 1
3608 2
3609 5
3610 5
3611 4
3612 6
3613 4
3614 5
3615 3
3616 3
3617 5
3618 3
3619 8
3620 5
3621 3
3622 2
3623 2
3624 4
3625 2
3626 2
3627 5
3628 5
3629 3
3630 3
3631 5
3632 5
3633 1
3634 6
3635 4
3636 1
3637 5
3638 4
3639 7
3640 2
3641 5
3642 5
3643 4
3644 5
3645 4
3646 3
3647 6
3648 0
3649 6
3650 7
3651 2
3652 3
3653 4
3654 6
3655 4
3656 1
3657 2
3658 3
3659 2
3660 3
3661 1
3662 6
3663 4
3664 2
3665 4
3666 5
3667 3
3668 4
3669 3
3670 2
3671 0
3672 2
3673 2
3674 1
3675 2
3676 6
3677 4
3678 3
3679 3
3680 3
3681 3
3682 4
3683 5
3684 3
3685 2
3686 1
3687 1
3688 3
3689 5
3690 2
3691 3
3692 4
3693 3
3694 4
3695 5
3696 5
3697 4
3698 4
3699 4
3700 4
3701 3
3702 3
3703 2
3704 4
3705 6
3706 1
3707 3
3708 4
3709 2
3710 3
3711 5
3712 6
3713 1
3714 1
3715 5
3716 5
3717 5
3718 6
3719 3
3720 5
3721 3
3722 6
3723 6
3724 4
3725 6
3726 2
3727 3
3728 3
3729 7
3730 0
3731 4
3732 3
3733 2
3734 4
3735 3
3736 3
3737 4
3738 2
3739 4
3740 5
3741 2
3742 3
3743 2
3744 1
3745 6
3746 5
3747 4
3748 3
3749 5
3750 3
3751 1
3752 1
3753 0
3754 1
3755 4
3756 4
3757 4
3758 5
3759 1
3760 4
3761 2
3762 4
3763 4
3764 2
3765 5
3766 3
3767 2
3768 5
3769 4
3770 4
3771 2
3772 3
3773 1
3774 5
3775 2
3776 3
3777 2
3778 9
3779 1
3780 0
3781 5
3782 4
3783 4
3784 3
3785 1
3786 4
3787 2
3788 3
3789 1
3790 5
3791 3
3792 1
3793 3
3794 5
3795 2
3796 3
3797 4
3798 4
3799 4
3800 4
3801 4
3802 7
3803 4
3804 6
3805 5
3806 6
3807 3
3808 3
3809 5
3810 3
3811 5
3812 4
3813 3
3814 6
3815 4
3816 4
3817 2
3818 5
3819 4
3820 5
3821 5
3822 3
3823 2
3824 6
3825 4
3826 3
3827 5
3828 5
3829 4
3830 2
3831 3
3832 4
3833 3
3834 8
3835 8
3836 4
3837 5
3838 2
3839 4
3840 6
3841 1
3842 1
3843 5
3844 7
3845 5
3846 4
3847 8
3848 2
3849 3
3850 3
3851 5
3852 3
3853 2
3854 5
3855 4
3856 4
3857 3
3858 4
3859 7
3860 3
3861 5
3862 4
3863 5
3864 0
3865 0
3866 3
3867 5
3868 4
3869 5
3870 4
3871 4
3872 2
3873 4
3874 1
3875 3
3876 4
3877 4
3878 4
3879 3
3880 2
3881 3
3882 3
3883 3
3884 3
3885 5
3886 4
3887 2
3888 3
3889 2
3890 3
3891 5
3892 3
3893 2
3894 4
3895 0
3896 3
3897 3
3898 2
3899 5
3900 2
3901 5
3902 1
3903 5
3904 1
3905 4
3906 4
3907 8
3908 3
3909 4
3910 6
3911 5
3912 7
3913 3
3914 2
3915 4
3916 3
3917 3
3918 2
3919 2
3920 4
3921 2
3922 3
3923 4
3924 3
3925 6
3926 4
3927 3
3928 3
3929 6
3930 3
3931 2
3932 4
3933 2
3934 3
3935 1
3936 5
3937 4
3938 3
3939 3
3940 6
3941 3
3942 3
3943 6
3944 5
3945 3
3946 4
3947 7
3948 5
3949 2
3950 8
3951 4
3952 4
3953 5
3954 3
3955 7
3956 4
3957 7
3958 6
3959 4
3960 4
3961 5
3962 3
3963 2
3964 3
3965 3
3966 2
3967 6
3968 5
3969 5
3970 3
3971 3
3972 0
3973 7
3974 5
3975 7
3976 5
3977 2
3978 3
3979 3
3980 2
3981 5
3982 5
3983 2
3984 5
3985 3
3986 5
3987 1
3988 0
3989 3
3990 3
3991 3
3992 4
3993 4
3994 6
3995 6
3996 3
3997 3
3998 2
3999 6
4000 5
4001 8
4002 5
4003 7
4004 5
4005 3
4006 5
4007 2
4008 2
4009 3
4010 3
4011 5
4012 2
4013 4
4014 5
4015 4
4016 5
4017 5
4018 3
4019 4
4020 2
4021 7
4022 3
4023 4
4024 3
4025 4
4026 6
4027 4
4028 4
4029 6
4030 5
4031 6
4032 6
4033 3
4034 8
4035 8
4036 2
4037 6
4038 5
4039 4
4040 3
4041 4
4042 4
4043 6
4044 2
4045 9
4046 6
4047 4
4048 4
4049 6
4050 3
4051 3
4052 3
4053 4
4054 1
4055 4
4056 2
4057 5
4058 3
4059 3
4060 3
4061 3
4062 0
4063 1
4064 4
4065 3
4066 4
4067 4
4068 4
4069 3
4070 6
4071 3
4072 8
4073 2
4074 4
4075 4
4076 6
4077 4
4078 2
4079 4
4080 4
4081 3
4082 1
4083 2
4084 7
4085 3
4086 6
4087 7
4088 4
4089 6
4090 4
4091 3
4092 5
4093 2
4094 4
4095 3
4096 3
4097 4
4098 3
4099 1
4100 5
4101 4
4102 6
4103 4
4104 1
4105 3
4106 3
4107 2
4108 6
4109 6
4110 4
4111 4
4112 3
4113 6
4114 4
4115 10
4116 3
4117 5
4118 2
4119 3
4120 3
4121 3
4122 2
4123 4
4124 5
4125 4
4126 2
4127 3
4128 4
4129 4
4130 4
4131 2
4132 3
4133 5
4134 1
4135 6
4136 5
4137 6
4138 8
4139 3
4140 7
4141 5
4142 8
4143 4
4144 3
4145 5
4146 5
4147 3
4148 2
4149 7
4150 4
4151 4
4152 2
4153 4
4154 4
4155 3
4156 4
4157 6
4158 4
4159 1
4160 5
4161 6
4162 5
4163 7
4164 3
4165 2
4166 5
4167 6
4168 3
4169 7
4170 3
4171 4
4172 5
4173 4
4174 5
4175 4
4176 2
4177 3
4178 4
4179 3
4180 3
4181 6
4182 3
4183 5
4184 4
4185 6
4186 5
4187 3
4188 5
4189 7
4190 7
4191 6
4192 6
4193 2
4194 1
4195 4
4196 3
4197 3
4198 7
4199 1
4200 5
4201 4
4202 5
4203 3
4204 4
4205 4
4206 3
4207 1
4208 2
4209 6
4210 6
4211 5
4212 4
4213 1
4214 3
4215 4
4216 4
4217 6
4218 4
4219 3
4220 2
4221 2
4222 1
4223 1
4224 3
4225 1
4226 2
4227 2
4228 0
4229 3
4230 2
4231 6
4232 4
4233 3
4234 3
4235 1
4236 5
4237 2
4238 6
4239 3
4240 2
4241 1
4242 2
4243 5
4244 2
4245 3
4246 3
4247 3
4248 5
4249 0
4250 0
4251 4
4252 3
4253 7
4254 3
4255 2
4256 3
4257 4
4258 5
4259 2
4260 5
4261 4
4262 3
4263 1
4264 4
4265 4
4266 3
4267 6
4268 2
4269 5
4270 3
4271 1
4272 5
4273 3
4274 2
4275 4
4276 1
4277 7
4278 3
4279 5
4280 4
4281 0
4282 6
4283 3
4284 1
4285 6
4286 5
4287 1
4288 3
4289 5
4290 7
4291 5
4292 6
4293 6
4294 3
4295 3
4296 4
4297 5
4298 2
4299 3
4300 6
4301 2
4302 6
4303 4
4304 1
4305 4
4306 2
4307 4
4308 7
4309 0
4310 2
4311 4
4312 3
4313 1
4314 5
4315 5
4316 2
4317 4
4318 1
4319 2
4320 6
4321 4
4322 5
4323 2
4324 5
4325 7
4326 2
4327 3
4328 7
4329 4
4330 3
4331 2
4332 5
4333 5
4334 7
4335 1
4336 2
4337 3
4338 4
4339 5
4340 5
4341 5
4342 5
4343 5
4344 6
4345 9
4346 3
4347 2
4348 4
4349 6
4350 4
4351 3
4352 1
4353 1
4354 4
4355 2
4356 4
4357 6
4358 1
4359 4
4360 6
4361 6
4362 7
4363 6
4364 3
4365 5
4366 5
4367 2
4368 0
4369 6
4370 3
4371 0
4372 5
4373 4
4374 6
4375 4
4376 7
4377 3
4378 5
4379 4
4380 4
4381 0
4382 6
4383 7
4384 3
4385 2
4386 5
4387 5
4388 2
4389 2
4390 3
4391 4
4392 2
4393 2
4394 5
4395 5
4396 1
4397 5
4398 0
4399 3
4400 2
4401 4
4402 5
4403 4
4404 4
4405 2
4406 5
4407 5
4408 6
4409 4
4410 2
4411 2
4412 6
4413 2
4414 6
4415 2
4416 4
4417 2
4418 5
4419 2
4420 2
4421 4
4422 4
4423 4
4424 6
4425 7
4426 4
4427 6
4428 2
4429 6
4430 2
4431 5
4432 2
4433 1
4434 3
4435 1
4436 0
4437 4
4438 2
4439 3
4440 3
4441 1
4442 5
4443 5
4444 5
4445 2
4446 1
4447 4
4448 7
4449 3
4450 1
4451 1
4452 2
4453 3
4454 7
4455 3
4456 3
4457 3
4458 2
4459 2
4460 2
4461 5
4462 2
4463 3
4464 2
4465 5
4466 5
4467 4
4468 3
4469 7
4470 6
4471 3
4472 5
4473 2
4474 2
4475 2
4476 2
4477 2
4478 5
4479 4
4480 1
4481 4
4482 3
4483 3
4484 4
4485 2
4486 5
4487 0
4488 4
4489 3
4490 4
4491 4
4492 5
4493 3
4494 2
4495 4
4496 1
4497 5
4498 4
4499 2
4500 4
4501 7
4502 6
4503 4
4504 6
4505 3
4506 3
4507 3
4508 5
4509 3
4510 4
4511 2
4512 6
4513 4
4514 5
4515 5
4516 6
4517 4
4518 3
4519 6
4520 4
4521 4
4522 6
4523 4
4524 2
4525 7
4526 3
4527 4
4528 5
4529 4
4530 3
4531 4
4532 4
4533 7
4534 3
4535 3
4536 1
4537 3
4538 7
4539 4
4540 8
4541 3
4542 8
4543 4
4544 2
4545 2
4546 1
4547 3
4548 4
4549 3
4550 6
4551 4
4552 2
4553 2
4554 0
4555 5
4556 0
4557 2
4558 5
4559 4
4560 3
4561 5
4562 2
4563 2
4564 1
4565 3
4566 2
4567 2
4568 5
4569 2
4570 3
4571 3
4572 7
4573 6
4574 2
4575 3
4576 2
4577 4
4578 3
4579 4
4580 2
4581 4
4582 4
4583 2
4584 3
4585 3
4586 3
4587 2
4588 4
4589 4
4590 2
4591 3
4592 4
4593 5
4594 3
4595 4
4596 4
4597 4
4598 2
4599 2
4600 4
4601 2
4602 4
4603 4
4604 2
4605 4
4606 3
4607 4
4608 3
4609 4
4610 3
4611 4
4612 5
4613 2
4614 5
4615 4
4616 3
4617 4
4618 2
4619 1
4620 2
4621 3
4622 3
4623 4
4624 5
4625 3
4626 3
4627 3
4628 2
4629 6
4630 2
4631 4
4632 1
4633 4
4634 6
4635 5
4636 4
4637 3
4638 4
4639 1
4640 4
4641 3
4642 4
4643 2
4644 1
4645 4
4646 5
4647 3
4648 3
4649 5
4650 4
4651 5
4652 5
4653 4
4654 6
4655 4
4656 3
4657 5
4658 3
4659 2
4660 4
4661 4
4662 3
4663 2
4664 3
4665 5
4666 4
4667 1
4668 4
4669 4
4670 5
4671 6
4672 2
4673 3
4674 5
4675 1
4676 3
4677 5
4678 4
4679 7
4680 5
4681 4
4682 1
4683 2
4684 1
4685 2
4686 3
4687 2
4688 5
4689 3
4690 4
4691 3
4692 4
4693 3
4694 4
4695 2
4696 5
4697 6
4698 4
4699 3
4700 2
4701 2
4702 4
4703 5
4704 5
4705 2
4706 1
4707 1
4708 5
4709 6
4710 4
4711 3
4712 6
4713 1
4714 5
4715 5
4716 4
4717 2
4718 3
4719 6
4720 2
4721 4
4722 4
4723 2
4724 3
4725 1
4726 4
4727 5
4728 3
4729 3
4730 1
4731 4
4732 1
4733 1
4734 2
4735 2
4736 2
4737 1
4738 3
4739 2
4740 4
4741 1
4742 3
4743 3
4744 3
4745 5
4746 5
4747 5
4748 3
4749 3
4750 4
4751 2
4752 5
4753 2
4754 3
4755 2
4756 2
4757 2
4758 2
4759 1
4760 4
4761 2
4762 3
4763 8
4764 3
4765 4
4766 3
4767 4
4768 7
4769 4
4770 3
4771 7
4772 6
4773 2
4774 5
4775 3
4776 2
4777 3
4778 6
4779 0
4780 4
4781 5
4782 2
4783 1
4784 2
4785 3
4786 1
4787 0
4788 3
4789 1
4790 2
4791 4
4792 3
4793 4
4794 2
4795 3
4796 2
4797 4
4798 2
4799 0
4800 2
4801 0
4802 4
4803 3
4804 2
4805 4
4806 4
4807 1
4808 2
4809 1
4810 5
4811 4
4812 1
4813 2
4814 1
4815 2
4816 2
4817 0
4818 1
4819 5
4820 2
4821 5
4822 4
4823 3
4824 7
4825 5
4826 1
4827 4
4828 3
4829 3
4830 3
4831 5
4832 6
4833 2
4834 1
4835 4
4836 5
4837 1
4838 1
4839 2
4840 0
4841 4
4842 2
4843 4
4844 2
4845 4
4846 2
4847 3
4848 4
4849 7
4850 7
4851 2
4852 5
4853 3
4854 5
4855 1
4856 1
4857 4
4858 5
4859 2
4860 4
4861 3
4862 2
4863 4
4864 3
4865 2
4866 3
4867 2
4868 5
4869 4
4870 4
4871 2
4872 2
4873 2
4874 2
4875 2
4876 2
4877 2
4878 1
4879 2
4880 1
4881 7
4882 4
4883 0
4884 5
4885 4
4886 2
4887 5
4888 3
4889 0
4890 1
4891 3
4892 2
4893 1
4894 2
4895 2
4896 1
4897 1
4898 2
4899 1
4900 3
4901 2
4902 1
4903 4
4904 1
4905 2
4906 1
4907 3
4908 3
4909 4
4910 2
4911 2
4912 4
4913 3
4914 5
4915 5
4916 5
4917 1
4918 2
4919 2
4920 2
4921 2
4922 4
4923 6
4924 3
4925 2
4926 2
4927 1
4928 4
4929 4
4930 4
4931 0
4932 3
4933 2
4934 3
4935 4
4936 2
4937 2
4938 1
4939 1
4940 2
4941 1
4942 3
4943 4
4944 7
4945 0
4946 2
4947 4
4948 2
4949 5
4950 4
4951 6
4952 6
4953 4
4954 3
4955 2
4956 6
4957 4
4958 6
4959 4
4960 2
4961 2
4962 1
4963 0
4964 4
4965 1
4966 4
4967 4
4968 5
4969 4
4970 1
4971 4
4972 2
4973 6
4974 2
4975 1
4976 5
4977 3
4978 2
4979 6
4980 3
4981 7
4982 2
4983 3
4984 1
4985 5
4986 2
4987 3
4988 3
4989 2
4990 5
4991 4
4992 1
4993 2
4994 1
4995 3
4996 4
4997 1
4998 2
4999 2
5000 0
5001 3
5002 5
5003 5
5004 3
5005 2
5006 4
5007 1
5008 4
5009 4
5010 4
5011 4
5012 6
5013 2
5014 2
5015 5
5016 2
5017 6
5018 5
5019 2
5020 4
5021 2
5022 4
5023 4
5024 7
5025 3
5026 5
5027 5
5028 1
5029 4
5030 3
5031 2
5032 7
5033 1
5034 6
5035 4
5036 4
5037 5
5038 4
5039 4
5040 2
5041 2
5042 4
5043 0
5044 3
5045 4
5046 6
5047 6
5048 5
5049 4
5050 5
5051 2
5052 1
5053 3
5054 4
5055 4
5056 6
5057 5
5058 3
5059 5
5060 3
5061 3
5062 5
5063 2
5064 2
5065 3
5066 3
5067 3
5068 3
5069 4
5070 3
5071 3
5072 3
5073 3
5074 8
5075 1
5076 3
5077 3
5078 5
5079 2
5080 3
5081 5
5082 4
5083 1
5084 3
5085 3
5086 3
5087 7
5088 4
5089 2
5090 6
5091 8
5092 6
5093 3
5094 3
5095 4
5096 2
5097 3
5098 4
5099 2
5100 4
5101 5
5102 5
5103 5
5104 4
5105 5
5106 4
5107 4
5108 3
5109 2
5110 2
5111 3
5112 4
5113 3
5114 3
5115 0
5116 4
5117 4
5118 2
5119 3
5120 3
5121 2
5122 2
5123 1
5124 5
5125 3
5126 3
5127 4
5128 4
5129 4
5130 1
5131 3
5132 1
5133 4
5134 6
5135 4
5136 4
5137 4
5138 5
5139 3
5140 5
5141 2
5142 3
5143 3
5144 4
5145 1
5146 1
5147 2
5148 0
5149 1
5150 6
5151 4
5152 3
5153 3
5154 2
5155 2
5156 2
5157 2
5158 3
5159 1
5160 1
5161 3
5162 1
5163 3
5164 0
5165 2
5166 3
5167 6
5168 2
5169 1
5170 1
5171 1
5172 3
5173 5
5174 2
5175 2
5176 2
5177 3
5178 2
5179 4
5180 2
5181 3
5182 5
5183 1
5184 3
5185 2
5186 3
5187 2
5188 3
5189 2
5190 4
5191 0
5192 5
5193 5
5194 2
5195 3
5196 2
5197 0
5198 4
5199 4
5200 3
5201 3
5202 4
5203 1
5204 3
5205 3
5206 4
5207 2
5208 2
5209 3
5210 3
5211 1
5212 2
5213 0
5214 0
5215 2
5216 0
5217 2
5218 2
5219 1
5220 0
5221 1
5222 1
5223 2
5224 2
5225 2
5226 1
5227 3
5228 4
5229 5
5230 1
5231 2
5232 1
5233 2
5234 1
5235 1
5236 1
5237 3
5238 1
5239 2
5240 4
5241 3
5242 1
5243 2
5244 3
5245 1
5246 3
5247 2
5248 2
5249 1
5250 2
5251 2
5252 3
5253 1
5254 2
5255 3
5256 3
5257 0
5258 2
5259 3
5260 2
5261 0
5262 1
5263 4
5264 3
5265 0
5266 0
5267 4
5268 3
5269 1
5270 2
5271 0
5272 2
5273 3
5274 1
5275 6
5276 2
5277 1
5278 4
5279 1
5280 2
5281 5
5282 2
5283 2
5284 3
5285 3
5286 1
5287 1
5288 3
5289 3
5290 3
5291 2
5292 4
5293 1
5294 4
5295 2
5296 1
5297 2
5298 3
5299 1
5300 2
5301 2
5302 2
5303 0
5304 0
5305 1
5306 3
5307 2
5308 0
5309 2
5310 1
5311 0
5312 1
5313 2
5314 3
5315 3
5316 1
5317 4
5318 3
5319 2
5320 2
5321 2
5322 2
5323 4
5324 2
5325 2
5326 0
5327 1
5328 0
5329 4
5330 5
5331 3
5332 1
5333 2
5334 2
5335 4
5336 2
5337 1
5338 1
5339 0
5340 0
5341 3
5342 5
5343 2
5344 2
5345 4
5346 2
5347 1
5348 3
5349 7
5350 5
5351 4
5352 3
5353 3
5354 4
5355 1
5356 1
5357 2
5358 3
5359 3
5360 1
5361 2
5362 3
5363 0
5364 1
5365 1
5366 2
5367 1
5368 3
5369 1
5370 0
5371 2
5372 3
5373 2
5374 3
5375 1
5376 1
5377 3
5378 2
5379 1
5380 4
5381 1
5382 1
5383 4
5384 1
5385 2
5386 0
5387 1
5388 3
5389 0
5390 1
5391 0
5392 0
5393 2
5394 2
5395 3
5396 3
5397 3
5398 3
5399 2
5400 3
5401 2
5402 1
5403 0
5404 4
5405 3
5406 3
5407 3
5408 1
5409 2
5410 3
5411 1
5412 1
5413 0
5414 0
5415 1
5416 2
5417 1
5418 0
5419 2
5420 1
5421 2
5422 3
5423 1
5424 3
5425 3
5426 2
5427 3
5428 0
5429 1
5430 2
5431 3
5432 2
5433 0
5434 1
5435 1
5436 2
5437 1
5438 0
5439 1
5440 0
5441 0
5442 4
5443 1
5444 0
5445 0
5446 0
5447 2
5448 3
5449 2
5450 2
5451 1
5452 2
5453 2
5454 0
5455 1
5456 0
5457 1
5458 1
5459 0
5460 2
5461 1
5462 1
5463 2
5464 1
5465 1
5466 2
5467 0
5468 4
5469 2
5470 2
5471 3
5472 0
5473 0
5474 0
5475 2
5476 1
5477 3
5478 0
5479 2
5480 0
5481 1
5482 1
5483 2
5484 4
5485 1
5486 2
5487 0
5488 0
5489 2
5490 4
5491 3
5492 0
5493 1
5494 2
5495 2
5496 1
5497 1
5498 2
5499 0
5500 1
5501 1
5502 2
5503 3
5504 1
5505 4
5506 1
5507 2
5508 1
5509 1
5510 2
5511 1
5512 1
5513 0
5514 2
5515 3
5516 1
5517 4
5518 3
5519 3
5520 3
5521 4
5522 4
5523 3
5524 6
5525 1
5526 5
5527 1
5528 3
5529 3
5530 4
5531 3
5532 2
5533 3
5534 3
5535 4
5536 2
5537 0
5538 3
5539 2
5540 6
5541 4
5542 5
5543 3
5544 1
5545 2
5546 5
5547 5
5548 3
5549 4
5550 9
5551 5
5552 2
5553 1
5554 7
5555 1
5556 5
5557 1
5558 1
5559 4
5560 4
5561 1
5562 5
5563 2
5564 2
5565 0
5566 3
5567 4
5568 1
5569 5
5570 5
5571 0
5572 3
5573 2
5574 2
5575 2
5576 0
5577 3
5578 4
5579 2
5580 1
5581 4
5582 3
5583 1
5584 1
5585 2
5586 1
5587 1
5588 2
5589 1
5590 4
5591 3
5592 2
5593 3
5594 4
5595 2
5596 3
5597 5
5598 4
5599 2
5600 1
5601 2
5602 3
5603 1
5604 2
5605 3
5606 4
5607 2
5608 7
5609 1
5610 0
5611 3
5612 4
5613 3
5614 2
5615 1
5616 1
5617 0
5618 6
5619 5
5620 5
5621 2
5622 1
5623 4
5624 6
5625 4
5626 1
5627 3
5628 2
5629 2
5630 4
5631 2
5632 2
5633 1
5634 2
5635 5
5636 2
5637 3
5638 4
5639 5
5640 3
5641 2
5642 2
5643 4
5644 3
5645 1
5646 1
5647 3
5648 2
5649 1
5650 3
5651 2
5652 2
5653 5
5654 3
5655 6
5656 3
5657 3
5658 3
5659 4
5660 5
5661 2
5662 4
5663 4
5664 1
5665 2
5666 5
5667 5
5668 3
5669 4
5670 7
5671 7
5672 3
5673 6
5674 2
5675 2
5676 1
5677 4
5678 3
5679 1
5680 4
5681 1
5682 3
5683 5
5684 1
5685 2
5686 6
5687 3
5688 2
5689 1
5690 2
5691 5
5692 5
5693 4
5694 5
5695 5
5696 2
5697 1
5698 8
5699 2
5700 4
5701 3
5702 3
5703 8
5704 5
5705 7
5706 5
5707 5
5708 4
5709 5
5710 3
5711 5
5712 2
5713 3
5714 4
5715 4
5716 4
5717 1
5718 1
5719 5
5720 4
5721 1
5722 2
5723 4
5724 5
5725 2
5726 3
5727 2
5728 2
5729 3
5730 3
5731 1
5732 4
5733 3
5734 5
5735 1
5736 3
5737 3
5738 4
5739 7
5740 3
5741 3
5742 3
5743 6
5744 3
5745 1
5746 5
5747 2
5748 2
5749 4
5750 6
5751 7
5752 3
5753 3
5754 6
5755 3
5756 4
5757 5
5758 3
5759 2
5760 5
5761 2
5762 4
5763 6
5764 1
5765 1
5766 6
5767 6
5768 1
5769 3
5770 5
5771 5
5772 4
5773 2
5774 1
5775 3
5776 2
5777 1
5778 5
5779 4
5780 2
5781 4
5782 2
5783 2
5784 2
5785 2
5786 3
5787 0
5788 2
5789 1
5790 1
5791 4
5792 3
5793 3
5794 5
5795 5
5796 4
5797 4
5798 1
5799 3
5800 3
5801 6
5802 3
5803 2
5804 3
5805 7
5806 0
5807 2
5808 6
5809 3
5810 6
5811 6
5812 6
5813 2
5814 1
5815 1
5816 4
5817 3
5818 1
5819 3
5820 4
5821 4
5822 3
5823 6
5824 4
5825 4
5826 3
5827 5
5828 2
5829 5
5830 3
5831 4
5832 4
5833 2
5834 3
5835 2
5836 2
5837 4
5838 5
5839 7
5840 1
5841 3
5842 4
5843 4
5844 4
5845 1
5846 4
5847 3
5848 1
5849 1
5850 5
5851 4
5852 2
5853 3
5854 3
5855 2
5856 4
5857 1
5858 1
5859 5
5860 4
5861 2
5862 3
5863 3
5864 3
5865 6
5866 4
5867 3
5868 3
5869 3
5870 2
5871 3
5872 1
5873 2
5874 5
5875 3
5876 2
5877 6
5878 1
5879 2
5880 5
5881 3
5882 3
5883 3
5884 2
5885 0
5886 3
5887 2
5888 3
5889 1
5890 3
5891 3
5892 3
5893 2
5894 3
5895 4
5896 3
5897 4
5898 2
5899 4
5900 1
5901 4
5902 3
5903 1
5904 1
5905 4
5906 2
5907 5
5908 4
5909 4
5910 4
5911 2
5912 2
5913 2
5914 3
5915 4
5916 1
5917 2
5918 5
5919 1
5920 4
5921 3
5922 4
5923 4
5924 4
5925 3
5926 5
5927 2
5928 3
5929 7
5930 0
5931 2
5932 1
5933 4
5934 4
5935 5
5936 2
5937 5
5938 6
5939 3
5940 3
5941 4
5942 3
5943 3
5944 3
5945 6
5946 2
5947 3
5948 3
5949 5
5950 5
5951 1
5952 3
5953 0
5954 3
5955 1
5956 3
5957 2
5958 2
5959 3
5960 3
5961 1
5962 3
5963 4
5964 3
5965 3
5966 2
5967 5
5968 1
5969 3
5970 6
5971 2
5972 1
5973 2
5974 1
5975 7
5976 3
5977 4
5978 4
5979 3
5980 2
5981 2
5982 2
5983 2
5984 2
5985 3
5986 3
5987 5
5988 5
5989 5
5990 7
5991 4
5992 5
5993 0
5994 1
5995 4
5996 2
5997 3
5998 4
5999 3
6000 4
6001 7
6002 6
6003 3
6004 6
6005 5
6006 7
6007 2
6008 4
6009 1
6010 2
6011 2
6012 0
6013 4
6014 5
6015 3
6016 6
6017 8
6018 5
6019 5
6020 3
6021 3
6022 1
6023 3
6024 1
6025 5
6026 2
6027 0
6028 5
6029 4
6030 4
6031 6
6032 1
6033 7
6034 4
6035 5
6036 4
6037 4
6038 3
6039 1
6040 2
6041 1
6042 3
6043 1
6044 1
6045 3
6046 2
6047 3
6048 2
6049 2
6050 3
6051 1
6052 2
6053 2
6054 2
6055 2
6056 1
6057 1
6058 2
6059 6
6060 5
6061 7
6062 3
6063 2
6064 2
6065 5
6066 2
6067 1
6068 1
6069 3
6070 2
6071 2
6072 4
6073 2
6074 3
6075 4
6076 5
6077 3
6078 3
6079 5
6080 2
6081 2
6082 1
6083 2
6084 4
6085 4
6086 2
6087 3
6088 3
6089 5
6090 1
6091 1
6092 3
6093 3
6094 3
6095 3
6096 1
6097 4
6098 4
6099 1
6100 3
6101 2
6102 4
6103 1
6104 3
6105 2
6106 2
6107 1
6108 2
6109 1
6110 2
6111 2
6112 3
6113 3
6114 1
6115 1
6116 2
6117 1
6118 2
6119 1
6120 1
6121 3
6122 2
6123 2
6124 4
6125 5
6126 1
6127 1
6128 1
6129 3
6130 1
6131 1
6132 0
6133 4
6134 1
6135 6
6136 5
6137 0
6138 5
6139 5
6140 1
6141 3
6142 2
6143 1
6144 5
6145 2
6146 2
6147 7
6148 4
6149 1
6150 1
6151 2
6152 2
6153 2
6154 2
6155 1
6156 3
6157 2
6158 1
6159 2
6160 1
6161 3
6162 3
6163 3
6164 2
6165 5
6166 3
6167 2
6168 2
6169 1
6170 6
6171 1
6172 1
6173 2
6174 3
6175 2
6176 5
6177 2
6178 1
6179 0
6180 3
6181 2
6182 3
6183 1
6184 3
6185 4
6186 3
6187 2
6188 5
6189 1
6190 1
6191 2
6192 2
6193 3
6194 3
6195 1
6196 1
6197 2
6198 1
6199 2
6200 2
6201 3
6202 3
6203 3
6204 3
6205 5
6206 4
6207 2
6208 2
6209 3
6210 3
6211 2
6212 0
6213 3
6214 1
6215 2
6216 2
6217 2
6218 3
6219 1
6220 5
6221 2
6222 3
6223 2
6224 3
6225 1
6226 1
6227 2
6228 1
6229 2
6230 2
6231 1
6232 3
6233 1
6234 1
6235 1
6236 0
6237 2
6238 3
6239 2
6240 3
6241 0
6242 4
6243 1
6244 1
6245 0
6246 4
6247 1
6248 3
6249 2
6250 2
6251 1
6252 1
6253 4
6254 3
6255 2
6256 4
6257 5
6258 2
6259 4
6260 3
6261 3
6262 5
6263 2
6264 0
6265 4
6266 3
6267 2
6268 4
6269 1
6270 2
6271 2
6272 1
6273 2
6274 7
6275 2
6276 2
6277 3
6278 1
6279 2
6280 2
6281 1
6282 3
6283 5
6284 1
6285 3
6286 2
6287 3
6288 1
6289 4
6290 1
6291 1
6292 3
6293 3
6294 3
6295 2
6296 3
6297 5
6298 7
6299 7
6300 2
6301 5
6302 3
6303 3
6304 3
6305 2
6306 5
6307 2
6308 1
6309 2
6310 3
6311 3
6312 3
6313 1
6314 5
6315 7
6316 2
6317 6
6318 3
6319 4
6320 4
6321 2
6322 0
6323 2
6324 0
6325 3
6326 2
6327 3
6328 2
6329 3
6330 5
6331 2
6332 5
6333 6
6334 6
6335 4
6336 5
6337 3
6338 4
6339 1
6340 2
6341 3
6342 1
6343 4
6344 2
6345 2
6346 4
6347 7
6348 4
6349 5
6350 1
6351 6
6352 4
6353 3
6354 1
6355 4
6356 3
6357 2
6358 3
6359 4
6360 2
6361 3
6362 4
6363 3
6364 4
6365 3
6366 2
6367 1
6368 0
6369 5
6370 5
6371 4
6372 3
6373 3
6374 1
6375 2
6376 3
6377 4
6378 4
6379 1
6380 3
6381 2
6382 2
6383 6
6384 6
6385 2
6386 4
6387 5
6388 5
6389 0
6390 4
6391 4
6392 4
6393 7
6394 5
6395 5
6396 3
6397 2
6398 2
6399 5
6400 3
6401 3
6402 1
6403 5
6404 3
6405 3
6406 0
6407 4
6408 1
6409 4
6410 1
6411 3
6412 3
6413 4
6414 3
6415 3
6416 0
6417 2
6418 1
6419 4
6420 1
6421 1
6422 3
6423 1
6424 3
6425 3
6426 4
6427 5
6428 3
6429 3
6430 4
6431 0
6432 3
6433 6
6434 2
6435 1
6436 2
6437 2
6438 0
6439 3
6440 6
6441 1
6442 1
6443 4
6444 4
6445 4
6446 1
6447 2
6448 6
6449 2
6450 2
6451 0
6452 3
6453 4
6454 1
6455 2
6456 2
6457 4
6458 2
6459 3
6460 1
6461 4
6462 1
6463 4
6464 5
6465 6
6466 6
6467 6
6468 6
6469 0
6470 2
6471 2
6472 2
6473 3
6474 1
6475 0
6476 4
6477 2
6478 1
6479 1
6480 2
6481 2
6482 1
6483 0
6484 3
6485 2
6486 4
6487 2
6488 4
6489 5
6490 1
6491 6
6492 4
6493 2
6494 2
6495 3
6496 2
6497 2
6498 6
6499 5
6500 3
6501 2
6502 3
6503 4
6504 4
6505 4
6506 3
6507 1
6508 5
6509 3
6510 1
6511 4
6512 1
6513 1
6514 1
6515 3
6516 3
6517 7
6518 1
6519 3
6520 2
6521 5
6522 4
6523 4
6524 3
6525 2
6526 1
6527 3
6528 4
6529 3
6530 4
6531 2
6532 2
6533 2
6534 8
6535 2
6536 3
6537 4
6538 5
6539 1
6540 2
6541 2
6542 4
6543 5
6544 5
6545 3
6546 3
6547 2
6548 0
6549 2
6550 4
6551 2
6552 1
6553 3
6554 3
6555 2
6556 1
6557 1
6558 1
6559 2
6560 2
6561 1
6562 4
6563 4
6564 5
6565 6
6566 4
6567 3
6568 2
6569 5
6570 3
6571 1
6572 6
6573 1
6574 2
6575 1
6576 5
6577 4
6578 1
6579 1
6580 2
6581 2
6582 1
6583 0
6584 0
6585 1
6586 1
6587 2
6588 2
6589 1
6590 0
6591 1
6592 1
6593 3
6594 4
6595 1
6596 2
6597 3
6598 4
6599 3
6600 5
6601 2
6602 4
6603 1
6604 5
6605 3
6606 5
6607 4
6608 3
6609 1
6610 5
6611 1
6612 3
6613 2
6614 3
6615 3
6616 2
6617 2
6618 1
6619 3
6620 3
6621 3
6622 5
6623 1
6624 3
6625 2
6626 4
6627 5
6628 3
6629 4
6630 2
6631 1
6632 1
6633 2
6634 3
6635 4
6636 0
6637 3
6638 3
6639 1
6640 0
6641 1
6642 2
6643 4
6644 1
6645 3
6646 4
6647 1
6648 2
6649 4
6650 5
6651 5
6652 2
6653 1
6654 2
6655 2
6656 2
6657 1
6658 1
6659 1
6660 2
6661 4
6662 2
6663 5
6664 3
6665 1
6666 3
6667 3
6668 2
6669 5
6670 4
6671 1
6672 2
6673 4
6674 1
6675 1
6676 2
6677 3
6678 4
6679 4
6680 6
6681 3
6682 1
6683 3
6684 2
6685 1
6686 3
6687 3
6688 0
6689 1
6690 3
6691 4
6692 2
6693 3
6694 3
6695 2
6696 0
6697 3
6698 5
6699 3
6700 2
6701 3
6702 4
6703 1
6704 2
6705 4
6706 4
6707 6
6708 3
6709 5
6710 5
6711 4
6712 3
6713 2
6714 4
6715 1
6716 3
6717 2
6718 4
6719 4
6720 1
6721 2
6722 2
6723 2
6724 2
6725 2
6726 3
6727 2
6728 2
6729 4
6730 2
6731 1
6732 4
6733 1
6734 6
6735 1
6736 2
6737 3
6738 3
6739 3
6740 5
6741 6
6742 5
6743 2
6744 2
6745 1
6746 4
6747 3
6748 1
6749 0
6750 3
6751 1
6752 3
6753 3
6754 5
6755 4
6756 5
6757 1
6758 4
6759 4
6760 2
6761 0
6762 3
6763 1
6764 2
6765 5
6766 3
6767 2
6768 3
6769 1
6770 4
6771 4
6772 1
6773 5
6774 3
6775 2
6776 4
6777 6
6778 5
6779 1
6780 2
6781 2
6782 5
6783 3
6784 3
6785 0
6786 0
6787 5
6788 0
6789 2
6790 2
6791 1
6792 1
6793 1
6794 0
6795 2
6796 0
6797 2
6798 4
6799 4
6800 2
6801 3
6802 3
6803 2
6804 2
6805 1
6806 2
6807 2
6808 1
6809 3
6810 2
6811 2
6812 2
6813 7
6814 3
6815 2
6816 4
6817 2
6818 0
6819 3
6820 1
6821 1
6822 2
6823 4
6824 2
6825 4
6826 1
6827 3
6828 1
6829 3
6830 3
6831 2
6832 1
6833 3
6834 2
6835 3
6836 1
6837 5
6838 1
6839 2
6840 1
6841 3
6842 5
6843 6
6844 1
6845 2
6846 2
6847 1
6848 4
6849 3
6850 2
6851 2
6852 6
6853 1
6854 3
6855 3
6856 3
6857 2
6858 4
6859 1
6860 0
6861 4
6862 5
6863 3
6864 3
6865 2
6866 0
6867 2
6868 2
6869 1
6870 2
6871 2
6872 4
6873 1
6874 2
6875 2
6876 0
6877 1
6878 2
6879 5
6880 1
6881 3
6882 0
6883 3
6884 3
6885 4
6886 3
6887 5
6888 5
6889 2
6890 3
6891 4
6892 0
6893 0
6894 2
6895 2
6896 2
6897 1
6898 2
6899 3
6900 1
6901 2
6902 5
6903 3
6904 3
6905 1
6906 3
6907 2
6908 2
6909 2
6910 4
6911 3
6912 5
6913 3
6914 3
6915 0
6916 0
6917 1
6918 4
6919 4
6920 1
6921 2
6922 1
6923 4
6924 2
6925 3
6926 4
6927 0
6928 1
6929 3
6930 3
6931 0
6932 1
6933 3
6934 0
6935 1
6936 3
6937 5
6938 0
6939 3
6940 4
6941 2
6942 1
6943 2
6944 3
6945 4
6946 0
6947 3
6948 3
6949 0
6950 2
6951 2
6952 4
6953 1
6954 3
6955 2
6956 3
6957 0
6958 4
6959 1
6960 2
6961 4
6962 3
6963 4
6964 5
6965 2
6966 3
6967 6
6968 1
6969 2
6970 2
6971 3
6972 1
6973 1
6974 1
6975 1
6976 3
6977 3
6978 3
6979 2
6980 1
6981 0
6982 3
6983 2
6984 3
6985 1
6986 1
6987 2
6988 2
6989 3
6990 0
6991 3
6992 1
6993 1
6994 2
6995 3
6996 0
6997 2
6998 2
6999 0
7000 1
7001 2
7002 2
7003 3
7004 5
7005 4
7006 3
7007 3
7008 5
7009 1
7010 2
7011 1
7012 3
7013 2
7014 5
7015 3
7016 4
7017 2
7018 1
7019 4
7020 1
7021 4
7022 4
7023 1
7024 3
7025 3
7026 5
7027 4
7028 1
7029 1
7030 2
7031 2
7032 2
7033 3
7034 3
7035 3
7036 1
7037 1
7038 2
7039 3
7040 3
7041 5
7042 6
7043 6
7044 4
7045 0
7046 1
7047 2
7048 2
7049 4
7050 0
7051 2
7052 1
7053 0
7054 0
7055 1
7056 1
7057 4
7058 2
7059 2
7060 4
7061 1
7062 2
7063 6
7064 5
7065 2
7066 1
7067 4
7068 4
7069 2
7070 4
7071 3
7072 1
7073 2
7074 7
7075 0
7076 3
7077 2
7078 3
7079 2
7080 3
7081 2
7082 2
7083 1
7084 0
7085 1
7086 3
7087 2
7088 4
7089 3
7090 3
7091 1
7092 2
7093 0
7094 3
7095 3
7096 4
7097 1
7098 0
7099 0
7100 2
7101 0
7102 4
7103 1
7104 5
7105 3
7106 0
7107 1
7108 1
7109 3
7110 3
7111 5
7112 2
7113 1
7114 4
7115 4
7116 5
7117 3
7118 0
7119 0
7120 2
7121 2
7122 2
7123 3
7124 2
7125 2
7126 2
7127 4
7128 3
7129 4
7130 4
7131 1
7132 1
7133 3
7134 0
7135 2
7136 4
7137 2
7138 2
7139 1
7140 3
7141 2
7142 2
7143 6
7144 1
7145 5
7146 6
7147 5
7148 4
7149 3
7150 1
7151 4
7152 1
7153 4
7154 3
7155 4
7156 4
7157 1
7158 5
7159 0
7160 4
7161 4
7162 4
7163 1
7164 2
7165 3
7166 5
7167 3
7168 0
7169 0
7170 3
7171 5
7172 3
7173 3
7174 1
7175 1
7176 3
7177 3
7178 2
7179 5
7180 1
7181 0
7182 3
7183 4
7184 3
7185 5
7186 0
7187 2
7188 1
7189 4
7190 3
7191 1
7192 1
7193 0
7194 3
7195 2
7196 1
7197 1
7198 2
7199 3
7200 5
7201 2
7202 4
7203 4
7204 6
7205 5
7206 3
7207 1
7208 2
7209 3
7210 2
7211 2
7212 4
7213 3
7214 5
7215 5
7216 3
7217 2
7218 1
7219 3
7220 1
7221 2
7222 1
7223 2
7224 3
7225 0
7226 3
7227 2
7228 1
7229 3
7230 1
7231 1
7232 0
7233 3
7234 1
7235 6
7236 4
7237 1
7238 1
7239 4
7240 3
7241 4
7242 3
7243 2
7244 2
7245 1
7246 1
7247 2
7248 4
7249 0
7250 2
7251 1
7252 4
7253 5
7254 2
7255 5
7256 1
7257 3
7258 4
7259 3
7260 1
7261 2
7262 4
7263 3
7264 1
7265 2
7266 2
7267 2
7268 1
7269 3
7270 2
7271 1
7272 2
7273 2
7274 2
7275 4
7276 0
7277 2
7278 3
7279 2
7280 2
7281 4
7282 3
7283 2
7284 2
7285 1
7286 0
7287 2
7288 3
7289 3
7290 4
7291 4
7292 3
7293 3
7294 3
7295 4
7296 1
7297 1
7298 2
7299 2
7300 1
7301 3
7302 3
7303 2
7304 0
7305 1
7306 2
7307 2
7308 4
7309 3
7310 2
7311 3
7312 1
7313 2
7314 4
7315 2
7316 3
7317 2
7318 2
7319 3
7320 4
7321 3
7322 3
7323 0
7324 1
7325 2
7326 3
7327 2
7328 2
7329 3
7330 3
7331 3
7332 1
7333 3
7334 4
7335 4
7336 1
7337 3
7338 7
7339 3
7340 2
7341 2
7342 4
7343 3
7344 1
7345 0
7346 4
7347 3
7348 5
7349 8
7350 4
7351 3
7352 2
7353 1
7354 3
7355 3
7356 2
7357 4
7358 1
7359 5
7360 2
7361 2
7362 4
7363 6
7364 3
7365 4
7366 5
7367 5
7368 2
7369 2
7370 2
7371 4
7372 2
7373 3
7374 2
7375 3
7376 8
7377 2
7378 3
7379 5
7380 7
7381 4
7382 6
7383 6
7384 3
7385 3
7386 2
7387 3
7388 4
7389 6
7390 4
7391 3
7392 7
7393 7
7394 6
7395 6
7396 5
7397 4
7398 4
7399 4
7400 3
7401 6
7402 3
7403 4
7404 4
7405 3
7406 1
7407 1
7408 4
7409 1
7410 4
7411 3
7412 3
7413 4
7414 2
7415 6
7416 4
7417 3
7418 0
7419 1
7420 4
7421 3
7422 4
7423 3
7424 2
7425 3
7426 5
7427 2
7428 2
7429 5
7430 2
7431 5
7432 3
7433 6
7434 5
7435 4
7436 4
7437 2
7438 5
7439 4
7440 1
7441 4
7442 3
7443 3
7444 6
7445 7
7446 1
7447 2
7448 4
7449 4
7450 6
7451 4
7452 3
7453 2
7454 3
7455 3
7456 2
7457 3
7458 3
7459 4
7460 6
7461 3
7462 0
7463 3
7464 2
7465 5
7466 2
7467 5
7468 6
7469 5
7470 3
7471 2
7472 1
7473 5
7474 4
7475 3
7476 3
7477 3
7478 5
7479 2
7480 4
7481 6
7482 3
7483 3
7484 5
7485 7
7486 7
7487 7
7488 6
7489 5
7490 2
7491 4
7492 5
7493 5
7494 3
7495 7
7496 4
7497 7
7498 3
7499 3
7500 3
7501 5
7502 5
7503 3
7504 3
7505 2
7506 3
7507 1
7508 2
7509 1
7510 3
7511 3
7512 3
7513 4
7514 4
7515 2
7516 4
7517 2
7518 7
7519 6
7520 5
7521 4
7522 3
7523 1
7524 3
7525 4
7526 3
7527 3
7528 4
7529 2
7530 3
7531 1
7532 3
7533 1
7534 3
7535 6
7536 3
7537 3
7538 5
7539 3
7540 3
7541 3
7542 3
7543 4
7544 2
7545 1
7546 1
7547 1
7548 0
7549 2
7550 1
7551 3
7552 4
7553 5
7554 3
7555 1
7556 3
7557 3
7558 3
7559 3
7560 1
7561 2
7562 6
7563 0
7564 8
7565 2
7566 3
7567 1
7568 5
7569 3
7570 4
7571 4
7572 3
7573 4
7574 4
7575 3
7576 2
7577 5
7578 3
7579 5
7580 4
7581 4
7582 2
7583 2
7584 2
7585 3
7586 4
7587 2
7588 3
7589 4
7590 3
7591 1
7592 3
7593 3
7594 4
7595 2
7596 3
7597 5
7598 1
7599 4
7600 1
7601 0
7602 2
7603 1
7604 4
7605 1
7606 3
7607 2
7608 2
7609 1
7610 3
7611 2
7612 3
7613 2
7614 2
7615 3
7616 0
7617 3
7618 2
7619 1
7620 1
7621 1
7622 2
7623 2
7624 0
7625 4
7626 2
7627 1
7628 1
7629 1
7630 5
7631 0
7632 2
7633 5
7634 3
7635 0
7636 4
7637 2
7638 3
7639 0
7640 3
7641 5
7642 5
7643 4
7644 5
7645 2
7646 2
7647 2
7648 3
7649 1
7650 0
7651 3
7652 2
7653 2
7654 3
7655 2
7656 4
7657 4
7658 0
7659 3
7660 4
7661 4
7662 3
7663 5
7664 5
7665 7
7666 1
7667 3
7668 5
7669 3
7670 4
7671 3
7672 0
7673 1
7674 1
7675 3
7676 4
7677 5
7678 3
7679 3
7680 8
7681 5
7682 2
7683 5
7684 3
7685 3
7686 3
7687 4
7688 4
7689 4
7690 3
7691 3
7692 3
7693 2
7694 2
7695 6
7696 6
7697 4
7698 2
7699 4
7700 2
7701 4
7702 4
7703 5
7704 7
7705 4
7706 2
7707 6
7708 2
7709 1
7710 4
7711 2
7712 3
7713 4
7714 1
7715 6
7716 2
7717 5
7718 2
7719 3
7720 7
7721 4
7722 1
7723 3
7724 2
7725 3
7726 4
7727 9
7728 5
7729 5
7730 4
7731 3
7732 2
7733 7
7734 1
7735 4
7736 3
7737 4
7738 7
7739 1
7740 7
7741 1
7742 4
7743 1
7744 1
7745 1
7746 5
7747 3
7748 3
7749 4
7750 7
7751 2
7752 4
7753 4
7754 3
7755 3
7756 3
7757 6
7758 4
7759 4
7760 4
7761 2
7762 3
7763 4
7764 3
7765 4
7766 6
7767 2
7768 2
7769 3
7770 4
7771 0
7772 2
7773 2
7774 2
7775 0
7776 4
7777 4
7778 0
7779 5
7780 4
7781 1
7782 3
7783 3
7784 3
7785 2
7786 3
7787 2
7788 2
7789 0
7790 5
7791 2
7792 2
7793 2
7794 1
7795 1
7796 1
7797 2
7798 7
7799 6
7800 2
7801 2
7802 3
7803 2
7804 4
7805 1
7806 2
7807 0
7808 2
7809 2
7810 1
7811 2
7812 2
7813 3
7814 5
7815 5
7816 4
7817 4
7818 2
7819 0
7820 1
7821 3
7822 1
7823 1
7824 3
7825 4
7826 3
7827 3
7828 4
7829 5
7830 4
7831 3
7832 3
7833 0
7834 4
7835 4
7836 7
7837 4
7838 3
7839 2
7840 5
7841 5
7842 2
7843 3
7844 2
7845 1
7846 2
7847 3
7848 2
7849 2
7850 3
7851 1
7852 2
7853 2
7854 6
7855 3
7856 2
7857 2
7858 1
7859 3
7860 0
7861 3
7862 2
7863 1
7864 3
7865 1
7866 2
7867 2
7868 0
7869 4
7870 3
7871 3
7872 4
7873 4
7874 2
7875 3
7876 2
7877 1
7878 2
7879 4
7880 4
7881 2
7882 3
7883 2
7884 3
7885 4
7886 3
7887 3
7888 1
7889 7
7890 1
7891 4
7892 2
7893 2
7894 2
7895 5
7896 2
7897 4
7898 2
7899 3
7900 4
7901 2
7902 3
7903 3
7904 3
7905 4
7906 0
7907 3
7908 4
7909 0
7910 3
7911 1
7912 4
7913 4
7914 3
7915 3
7916 4
7917 1
7918 2
7919 2
7920 2
7921 2
7922 4
7923 4
7924 4
7925 1
7926 2
7927 4
7928 1
7929 2
7930 4
7931 3
7932 1
7933 3
7934 3
7935 0
7936 2
7937 0
7938 4
7939 5
7940 4
7941 3
7942 3
7943 3
7944 3
7945 2
7946 2
7947 2
7948 3
7949 5
7950 2
7951 3
7952 3
7953 4
7954 3
7955 2
7956 3
7957 1
7958 2
7959 4
7960 6
7961 7
7962 2
7963 4
7964 3
7965 3
7966 1
7967 0
7968 3
7969 2
7970 1
7971 2
7972 1
7973 2
7974 0
7975 1
7976 4
7977 3
7978 3
7979 5
7980 2
7981 1
7982 1
7983 4
7984 5
7985 4
7986 0
7987 4
7988 4
7989 3
7990 2
7991 3
7992 2
7993 7
7994 3
7995 4
7996 4
7997 1
7998 3
7999 4
8000 5
8001 2
8002 2
8003 1
8004 3
8005 2
8006 3
8007 3
8008 3
8009 3
8010 8
8011 4
8012 4
8013 3
8014 4
8015 5
8016 4
8017 5
8018 6
8019 6
8020 3
8021 4
8022 3
8023 2
8024 4
8025 1
8026 4
8027 3
8028 3
8029 5
8030 5
8031 2
8032 3
8033 2
8034 4
8035 4
8036 4
8037 3
8038 3
8039 6
8040 5
8041 2
8042 2
8043 4
8044 1
8045 4
8046 7
8047 7
8048 4
8049 2
8050 2
8051 2
8052 3
8053 4
8054 3
8055 8
8056 6
8057 4
8058 2
8059 4
8060 0
8061 3
8062 3
8063 3
8064 5
8065 3
8066 5
8067 5
8068 2
8069 4
8070 2
8071 4
8072 3
8073 4
8074 3
8075 3
8076 2
8077 3
8078 3
8079 4
8080 2
8081 1
8082 1
8083 3
8084 5
8085 1
8086 2
8087 4
8088 5
8089 0
8090 1
8091 2
8092 1
8093 6
8094 3
8095 3
8096 0
8097 2
8098 3
8099 5
8100 3
8101 7
8102 3
8103 2
8104 3
8105 2
8106 1
8107 2
8108 1
8109 2
8110 3
8111 2
8112 3
8113 5
8114 2
8115 5
8116 5
8117 3
8118 5
8119 5
8120 3
8121 3
8122 2
8123 0
8124 1
8125 0
8126 1
8127 3
8128 3
8129 2
8130 4
8131 2
8132 2
8133 4
8134 1
8135 0
8136 1
8137 2
8138 2
8139 4
8140 5
8141 4
8142 3
8143 4
8144 3
8145 0
8146 4
8147 3
8148 2
8149 4
8150 4
8151 1
8152 3
8153 3
8154 2
8155 2
8156 5
8157 4
8158 4
8159 6
8160 4
8161 5
8162 3
8163 4
8164 2
8165 2
8166 3
8167 6
8168 6
8169 7
8170 2
8171 3
8172 4
8173 2
8174 5
8175 2
8176 1
8177 5
8178 3
8179 2
8180 4
8181 0
8182 4
8183 4
8184 3
8185 4
8186 5
8187 1
8188 2
8189 1
8190 2
8191 2
8192 2
8193 1
8194 2
8195 2
8196 7
8197 3
8198 5
8199 3
8200 3
8201 3
8202 5
8203 1
8204 5
8205 5
8206 1
8207 1
8208 3
8209 2
8210 3
8211 3
8212 1
8213 0
8214 1
8215 3
8216 1
8217 4
8218 4
8219 5
8220 1
8221 2
8222 6
8223 2
8224 3
8225 2
8226 2
8227 4
8228 1
8229 5
8230 4
8231 5
8232 2
8233 2
8234 1
8235 4
8236 2
8237 3
8238 4
8239 4
8240 5
8241 3
8242 3
8243 2
8244 0
8245 3
8246 3
8247 2
8248 3
8249 3
8250 3
8251 3
8252 6
8253 1
8254 3
8255 2
8256 1
8257 2
8258 4
8259 2
8260 3
8261 2
8262 2
8263 4
8264 1
8265 3
8266 6
8267 4
8268 3
8269 7
8270 7
8271 3
8272 2
8273 3
8274 5
8275 4
8276 1
8277 0
8278 2
8279 2
8280 3
8281 2
8282 3
8283 3
8284 2
8285 1
8286 1
8287 2
8288 2
8289 2
8290 3
8291 3
8292 1
8293 2
8294 4
8295 3
8296 4
8297 1
8298 4
8299 2
8300 1
8301 5
8302 4
8303 2
8304 5
8305 2
8306 2
8307 3
8308 4
8309 3
8310 2
8311 4
8312 2
8313 2
8314 5
8315 3
8316 4
8317 1
8318 5
8319 3
8320 3
8321 2
8322 3
8323 6
8324 1
8325 3
8326 1
8327 4
8328 3
8329 4
8330 1
8331 2
8332 3
8333 2
8334 3
8335 2
8336 0
8337 2
8338 3
8339 3
8340 2
8341 2
8342 2
8343 2
8344 3
8345 3
8346 3
8347 0
8348 4
8349 2
8350 1
8351 3
8352 2
8353 3
8354 3
8355 3
8356 2
8357 1
8358 3
8359 0
8360 1
8361 4
8362 1
8363 2
8364 1
8365 2
8366 4
8367 4
8368 4
8369 3
8370 5
8371 4
8372 5
8373 3
8374 1
8375 0
8376 1
8377 1
8378 2
8379 3
8380 3
8381 2
8382 5
8383 4
8384 2
8385 1
8386 1
8387 4
8388 2
8389 3
8390 4
8391 2
8392 3
8393 2
8394 2
8395 6
8396 2
8397 3
8398 4
8399 3
8400 4
8401 4
8402 1
8403 7
8404 6
8405 4
8406 5
8407 2
8408 3
8409 2
8410 3
8411 2
8412 4
8413 3
8414 3
8415 3
8416 4
8417 1
8418 1
8419 2
8420 1
8421 3
8422 1
8423 0
8424 2
8425 3
8426 4
8427 3
8428 1
8429 4
8430 3
8431 4
8432 3
8433 2
8434 3
8435 5
8436 4
8437 3
8438 2
8439 2
8440 1
8441 1
8442 4
8443 5
8444 1
8445 6
8446 1
8447 3
8448 4
8449 3
8450 3
8451 1
8452 2
8453 3
8454 6
8455 2
8456 4
8457 3
8458 4
8459 3
8460 1
8461 5
8462 5
8463 4
8464 7
8465 3
8466 1
8467 4
8468 5
8469 1
8470 2
8471 6
8472 5
8473 5
8474 1
8475 1
8476 3
8477 6
8478 2
8479 3
8480 4
8481 1
8482 3
8483 4
8484 6
8485 5
8486 5
8487 1
8488 3
8489 3
8490 3
8491 2
8492 0
8493 1
8494 2
8495 1
8496 3
8497 3
8498 3
8499 0
8500 1
8501 3
8502 2
8503 2
8504 2
8505 2
8506 2
8507 4
8508 3
8509 5
8510 2
8511 1
8512 3
8513 4
8514 2
8515 2
8516 4
8517 3
8518 2
8519 1
8520 2
8521 1
8522 3
8523 1
8524 1
8525 2
8526 5
8527 0
8528 3
8529 2
8530 4
8531 4
8532 4
8533 2
8534 2
8535 3
8536 5
8537 2
8538 2
8539 2
8540 3
8541 0
8542 4
8543 3
8544 1
8545 3
8546 3
8547 1
8548 6
8549 0
8550 2
8551 0
8552 1
8553 4
8554 3
8555 3
8556 1
8557 4
8558 7
8559 6
8560 2
8561 4
8562 3
8563 1
8564 1
8565 2
8566 1
8567 5
8568 1
8569 5
8570 3
8571 6
8572 2
8573 3
8574 1
8575 4
8576 3
8577 0
8578 2
8579 3
8580 4
8581 3
8582 2
8583 7
8584 1
8585 2
8586 3
8587 3
8588 1
8589 2
8590 2
8591 3
8592 3
8593 3
8594 5
8595 1
8596 1
8597 3
8598 3
8599 4
8600 7
8601 6
8602 4
8603 1
8604 1
8605 2
8606 4
8607 4
8608 8
8609 3
8610 1
8611 4
8612 4
8613 4
8614 4
8615 4
8616 2
8617 4
8618 2
8619 1
8620 0
8621 2
8622 3
8623 4
8624 4
8625 1
8626 3
8627 4
8628 4
8629 6
8630 0
8631 1
8632 5
8633 5
8634 5
8635 5
8636 7
8637 5
8638 3
8639 5
8640 6
8641 2
8642 2
8643 5
8644 6
8645 3
8646 1
8647 2
8648 2
8649 3
8650 1
8651 6
8652 4
8653 1
8654 3
8655 5
8656 3
8657 3
8658 4
8659 3
8660 3
8661 3
8662 2
8663 3
8664 5
8665 0
8666 3
8667 2
8668 4
8669 6
8670 2
8671 3
8672 2
8673 3
8674 1
8675 3
8676 3
8677 2
8678 6
8679 2
8680 5
8681 1
8682 4
8683 4
8684 4
8685 2
8686 4
8687 2
8688 5
8689 5
8690 3
8691 4
8692 2
8693 2
8694 0
8695 4
8696 1
8697 3
8698 1
8699 2
8700 4
8701 3
8702 2
8703 3
8704 5
8705 4
8706 3
8707 3
8708 2
8709 2
8710 4
8711 1
8712 2
8713 2
8714 2
8715 1
8716 5
8717 0
8718 2
8719 2
8720 6
8721 1
8722 2
8723 3
8724 1
8725 4
8726 3
8727 2
8728 4
8729 2
8730 2
8731 1
8732 1
8733 2
8734 1
8735 2
8736 2
8737 5
8738 2
8739 3
8740 2
8741 7
8742 4
8743 3
8744 2
8745 2
8746 3
8747 2
8748 0
8749 4
8750 2
8751 4
8752 2
8753 6
8754 1
8755 0
8756 3
8757 2
8758 2
8759 1
8760 1
8761 5
8762 3
8763 1
8764 3
8765 1
8766 4
8767 2
8768 0
8769 5
8770 4
8771 3
8772 8
8773 2
8774 5
8775 3
8776 1
8777 1
8778 5
8779 2
8780 2
8781 3
8782 2
8783 4
8784 3
8785 2
8786 1
8787 4
8788 8
8789 8
8790 6
8791 5
8792 4
8793 2
8794 3
8795 4
8796 4
8797 2
8798 2
8799 5
8800 1
8801 2
8802 5
8803 3
8804 3
8805 3
8806 0
8807 6
8808 5
8809 5
8810 2
8811 2
8812 3
8813 3
8814 5
8815 4
8816 1
8817 2
8818 6
8819 4
8820 2
8821 4
8822 6
8823 5
8824 5
8825 5
8826 4
8827 3
8828 4
8829 5
8830 9
8831 3
8832 2
8833 5
8834 3
8835 5
8836 6
8837 3
8838 3
8839 2
8840 2
8841 7
8842 7
8843 1
8844 3
8845 3
8846 0
8847 4
8848 2
8849 4
8850 3
8851 4
8852 3
8853 3
8854 5
8855 0
8856 4
8857 2
8858 6
8859 3
8860 3
8861 6
8862 4
8863 4
8864 5
8865 4
8866 5
8867 4
8868 3
8869 2
8870 7
8871 2
8872 3
8873 4
8874 7
8875 2
8876 8
8877 3
8878 2
8879 4
8880 3
8881 4
8882 2
8883 3
8884 4
8885 2
8886 2
8887 6
8888 2
8889 4
8890 6
8891 3
8892 5
8893 5
8894 3
8895 4
8896 6
8897 6
8898 4
8899 3
8900 1
8901 4
8902 3
8903 4
8904 3
8905 7
8906 4
8907 6
8908 2
8909 2
8910 3
8911 1
8912 3
8913 2
8914 1
8915 3
8916 2
8917 3
8918 1
8919 3
8920 3
8921 4
8922 4
8923 5
8924 1
8925 3
8926 5
8927 3
8928 4
8929 6
8930 1
8931 4
8932 4
8933 4
8934 0
8935 4
8936 4
8937 4
8938 4
8939 3
8940 5
8941 2
8942 4
8943 2
8944 4
8945 3
8946 3
8947 1
8948 4
8949 1
8950 4
8951 4
8952 5
8953 3
8954 3
8955 7
8956 4
8957 1
8958 3
8959 3
8960 6
8961 1
8962 3
8963 6
8964 1
8965 2
8966 1
8967 1
8968 1
8969 2
8970 3
8971 1
8972 7
8973 2
8974 4
8975 4
8976 3
8977 3
8978 4
8979 4
8980 2
8981 3
8982 1
8983 1
8984 5
8985 2
8986 2
8987 2
8988 1
8989 0
8990 3
8991 3
8992 2
8993 4
8994 3
8995 3
8996 2
8997 2
8998 5
8999 2
9000 4
9001 1
9002 3
9003 1
9004 3
9005 4
9006 3
9007 3
9008 4
9009 3
9010 5
9011 1
9012 3
9013 1
9014 1
9015 2
9016 5
9017 4
9018 4
9019 2
9020 4
9021 5
9022 0
9023 3
9024 2
9025 2
9026 3
9027 5
9028 4
9029 4
9030 3
9031 4
9032 3
9033 4
9034 3
9035 2
9036 4
9037 4
9038 5
9039 4
9040 5
9041 2
9042 5
9043 3
9044 2
9045 3
9046 1
9047 4
9048 3
9049 3
9050 2
9051 1
9052 0
9053 1
9054 3
9055 2
9056 3
9057 3
9058 7
9059 2
9060 1
9061 2
9062 3
9063 5
9064 6
9065 2
9066 2
9067 2
9068 6
9069 1
9070 3
9071 4
9072 4
9073 4
9074 2
9075 1
9076 3
9077 3
9078 4
9079 4
9080 3
9081 6
9082 5
9083 4
9084 2
9085 4
9086 2
9087 1
9088 2
9089 5
9090 4
9091 4
9092 4
9093 5
9094 2
9095 3
9096 1
9097 2
9098 6
9099 6
9100 5
9101 6
9102 2
9103 3
9104 3
9105 4
9106 3
9107 7
9108 3
9109 0
9110 4
9111 4
9112 3
9113 3
9114 6
9115 5
9116 3
9117 3
9118 3
9119 4
9120 3
9121 3
9122 3
9123 1
9124 2
9125 2
9126 1
9127 5
9128 3
9129 2
9130 3
9131 3
9132 3
9133 4
9134 1
9135 4
9136 4
9137 3
9138 3
9139 4
9140 3
9141 4
9142 3
9143 2
9144 6
9145 4
9146 2
9147 5
9148 1
9149 3
9150 4
9151 6
9152 5
9153 5
9154 2
9155 2
9156 0
9157 2
9158 7
9159 3
9160 1
9161 2
9162 3
9163 3
9164 2
9165 6
9166 3
9167 2
9168 2
9169 1
9170 2
9171 3
9172 4
9173 5
9174 3
9175 3
9176 6
9177 1
9178 3
9179 5
9180 5
9181 5
9182 3
9183 2
9184 2
9185 4
9186 1
9187 3
9188 3
9189 3
9190 5
9191 5
9192 5
9193 8
9194 4
9195 1
9196 4
9197 2
9198 1
9199 5
9200 4
9201 3
9202 8
9203 3
9204 1
9205 2
9206 3
9207 4
9208 4
9209 5
9210 2
9211 4
9212 3
9213 4
9214 1
9215 1
9216 4
9217 2
9218 4
9219 2
9220 4
9221 5
9222 3
9223 5
9224 3
9225 3
9226 2
9227 2
9228 3
9229 2
9230 4
9231 5
9232 4
9233 4
9234 4
9235 4
9236 3
9237 5
9238 4
9239 3
9240 1
9241 5
9242 2
9243 6
9244 4
9245 3
9246 2
9247 2
9248 3
9249 3
9250 0
9251 2
9252 3
9253 0
9254 1
9255 3
9256 4
9257 5
9258 5
9259 2
9260 3
9261 3
9262 6
9263 2
9264 4
9265 2
9266 3
9267 7
9268 2
9269 5
9270 3
9271 1
9272 2
9273 5
9274 2
9275 2
9276 1
9277 4
9278 1
9279 2
9280 4
9281 5
9282 2
9283 2
9284 3
9285 4
9286 2
9287 4
9288 3
9289 1
9290 5
9291 3
9292 4
9293 0
9294 4
9295 1
9296 3
9297 1
9298 1
9299 0
9300 3
9301 2
9302 2
9303 3
9304 0
9305 2
9306 3
9307 2
9308 5
9309 3
9310 1
9311 2
9312 4
9313 4
9314 1
9315 2
9316 4
9317 3
9318 3
9319 2
9320 8
9321 1
9322 2
9323 4
9324 4
9325 1
9326 3
9327 1
9328 2
9329 1
9330 3
9331 1
9332 4
9333 4
9334 3
9335 3
9336 2
9337 2
9338 5
9339 2
9340 3
9341 2
9342 2
9343 3
9344 3
9345 2
9346 4
9347 0
9348 3
9349 2
9350 4
9351 2
9352 2
9353 4
9354 2
9355 3
9356 2
9357 3
9358 3
9359 6
9360 4
9361 3
9362 2
9363 2
9364 6
9365 1
9366 4
9367 2
9368 2
9369 3
9370 4
9371 2
9372 5
9373 5
9374 4
9375 2
9376 5
9377 3
9378 4
9379 4
9380 5
9381 3
9382 4
9383 4
9384 2
9385 3
9386 5
9387 3
9388 2
9389 5
9390 6
9391 4
9392 2
9393 5
9394 5
9395 6
9396 4
9397 7
9398 6
9399 2
9400 3
9401 3
9402 3
9403 3
9404 3
9405 5
9406 2
9407 4
9408 2
9409 4
9410 8
9411 7
9412 2
9413 4
9414 5
9415 6
9416 3
9417 5
9418 4
9419 1
9420 5
9421 2
9422 6
9423 4
9424 4
9425 5
9426 2
9427 3
9428 2
9429 4
9430 6
9431 3
9432 3
9433 1
9434 5
9435 2
9436 5
9437 4
9438 6
9439 4
9440 3
9441 4
9442 4
9443 1
9444 2
9445 5
9446 5
9447 1
9448 3
9449 2
9450 6
9451 3
9452 4
9453 2
9454 4
9455 7
9456 4
9457 4
9458 3
9459 4
9460 3
9461 2
9462 3
9463 2
9464 2
9465 6
9466 5
9467 3
9468 6
9469 2
9470 4
9471 2
9472 2
9473 5
9474 6
9475 3
9476 3
9477 6
9478 4
9479 5
9480 4
9481 7
9482 2
9483 2
9484 2
9485 1
9486 5
9487 5
9488 4
9489 7
9490 3
9491 2
9492 4
9493 3
9494 2
9495 6
9496 6
9497 6
9498 7
9499 3
9500 6
9501 4
9502 4
9503 3
9504 7
9505 5
9506 4
9507 3
9508 3
9509 5
9510 6
9511 5
9512 6
9513 4
9514 6
9515 5
9516 2
9517 1
9518 2
9519 2
9520 3
9521 1
9522 0
9523 1
9524 1
9525 0
9526 1
9527 0
9528 2
9529 3
9530 2
9531 4
9532 1
9533 2
9534 3
9535 4
9536 6
9537 0
9538 4
9539 4
9540 4
9541 6
9542 6
9543 5
9544 6
9545 2
9546 6
9547 7
9548 4
9549 5
9550 5
9551 3
9552 1
9553 1
9554 2
9555 4
9556 3
9557 1
9558 3
9559 2
9560 8
9561 3
9562 3
9563 3
9564 2
9565 5
9566 4
9567 4
9568 4
9569 2
9570 4
9571 2
9572 3
9573 4
9574 2
9575 3
9576 5
9577 3
9578 7
9579 2
9580 5
9581 2
9582 2
9583 4
9584 3
9585 4
9586 3
9587 8
9588 5
9589 4
9590 2
9591 3
9592 6
9593 4
9594 2
9595 6
9596 2
9597 3
9598 1
9599 4
9600 2
9601 3
9602 4
9603 4
9604 3
9605 4
9606 4
9607 4
9608 1
9609 1
9610 0
9611 0
9612 3
9613 4
9614 3
9615 4
9616 6
9617 4
9618 4
9619 7
9620 5
9621 1
9622 2
9623 6
9624 4
9625 7
9626 4
9627 1
9628 4
9629 2
9630 3
9631 2
9632 1
9633 2
9634 5
9635 4
9636 4
9637 6
9638 4
9639 1
9640 4
9641 1
9642 3
9643 1
9644 0
9645 1
9646 3
9647 6
9648 2
9649 6
9650 6
9651 3
9652 3
9653 4
9654 1
9655 5
9656 5
9657 2
9658 4
9659 2
9660 2
9661 4
9662 4
9663 4
9664 2
9665 6
9666 3
9667 1
9668 5
9669 1
9670 1
9671 3
9672 3
9673 2
9674 2
9675 0
9676 2
9677 1
9678 3
9679 1
9680 3
9681 1
9682 3
9683 4
9684 2
9685 4
9686 0
9687 2
9688 0
9689 3
9690 6
9691 2
9692 4
9693 2
9694 2
9695 4
9696 4
9697 4
9698 2
9699 6
9700 4
9701 3
9702 5
9703 1
9704 4
9705 1
9706 2
9707 6
9708 2
9709 4
9710 1
9711 3
9712 2
9713 6
9714 1
9715 5
9716 4
9717 3
9718 3
9719 2
9720 3
9721 1
9722 1
9723 2
9724 2
9725 3
9726 5
9727 3
9728 2
9729 3
9730 2
9731 8
9732 2
9733 4
9734 2
9735 2
9736 3
9737 1
9738 3
9739 2
9740 1
9741 3
9742 4
9743 1
9744 1
9745 3
9746 3
9747 3
9748 1
9749 1
9750 3
9751 3
9752 3
9753 1
9754 5
9755 4
9756 5
9757 5
9758 1
9759 2
9760 4
9761 4
9762 2
9763 5
9764 2
9765 3
9766 3
9767 3
9768 2
9769 1
9770 3
9771 3
9772 2
9773 3
9774 2
9775 5
9776 1
9777 3
9778 4
9779 1
9780 3
9781 5
9782 3
9783 4
9784 3
9785 3
9786 2
9787 0
9788 1
9789 5
9790 2
9791 4
9792 3
9793 2
9794 2
9795 1
9796 3
9797 0
9798 2
9799 3
9800 2
9801 3
9802 0
9803 3
9804 3
9805 2
9806 8
9807 5
9808 3
9809 4
9810 4
9811 3
9812 4
9813 3
9814 2
9815 0
9816 2
9817 2
9818 2
9819 1
9820 3
9821 2
9822 2
9823 4
9824 0
9825 2
9826 3
9827 3
9828 3
9829 2
9830 1
9831 3
9832 1
9833 3
9834 1
9835 1
9836 4
9837 6
9838 4
9839 5
9840 6
9841 1
9842 3
9843 2
9844 3
9845 7
9846 4
9847 5
9848 4
9849 5
9850 3
9851 3
9852 5
9853 3
9854 1
9855 0
9856 1
9857 4
9858 4
9859 3
9860 1
9861 2
9862 5
9863 3
9864 2
9865 3
9866 3
9867 4
9868 1
9869 1
9870 5
9871 2
9872 2
9873 2
9874 0
9875 4
9876 2
9877 3
9878 3
9879 5
9880 2
9881 4
9882 3
9883 1
9884 5
9885 2
9886 4
9887 3
9888 3
9889 3
9890 2
9891 9
9892 5
9893 6
9894 4
9895 4
9896 5
9897 2
9898 3
9899 4
9900 4
9901 1
9902 5
9903 6
9904 3
9905 1
9906 5
9907 2
9908 1
9909 4
9910 4
9911 2
9912 4
9913 4
9914 5
9915 2
9916 3
9917 4
9918 2
9919 3
9920 5
9921 3
9922 5
9923 7
9924 3
9925 4
9926 5
9927 4
9928 5
9929 2
9930 4
9931 4
9932 3
9933 2
9934 5
9935 3
9936 5
9937 3
9938 5
9939 3
9940 4
9941 7
9942 4
9943 5
9944 3
9945 3
9946 0
9947 5
9948 2
9949 3
9950 4
9951 3
9952 5
9953 1
9954 3
9955 5
9956 5
9957 3
9958 5
9959 3
9960 3
9961 3
9962 2
9963 5
9964 4
9965 7
9966 6
9967 4
9968 4
9969 6
9970 3
9971 5
9972 4
9973 2
9974 3
9975 4
9976 4
9977 5
9978 6
9979 0
9980 1
9981 1
9982 4
9983 6
9984 3
9985 4
9986 3
9987 5
9988 3
9989 4
9990 2
9991 4
9992 2
9993 2
9994 3
9995 0
9996 7
9997 5
9998 1
9999 3
10000 6
10001 2
