0 4
1 6
2 3
3 2
4 1
5 1
6 2
7 3
8 3
9 4
10 5
11 0
12 6
13 2
14 4
15 0
16 4
17 2
18 2
19 3
20 4
21 0
22 1
23 1
24 2
25 3
26 3
27 1
28 1
29 2
30 5
31 0
32 3
33 3
34 3
35 2
36 2
37 2
38 3
39 0
40 2
41 3
42 1
43 1
44 1
45 1
46 2
47 0
48 1
49 0
50 1
51 3
52 1
53 0
54 0
55 0
56 1
57 1
58 1
59 2
60 1
61 0
62 1
63 0
64 2
65 0
66 0
67 1
68 1
69 2
70 1
71 2
72 0
73 2
74 4
75 0
76 1
77 0
78 1
79 0
80 1
81 4
82 1
83 1
84 4
85 2
86 2
87 1
88 0
89 1
90 1
91 0
92 3
93 1
94 1
95 1
96 2
97 0
98 3
99 1
100 2
101 2
102 2
103 0
104 2
105 2
106 1
107 2
108 3
109 1
110 1
111 2
112 0
113 1
114 0
115 0
116 1
117 2
118 1
119 0
120 1
121 0
122 1
123 2
124 0
125 1
126 1
127 0
128 1
129 1
130 1
131 4
132 1
133 0
134 3
135 0
136 1
137 3
138 1
139 4
140 6
141 3
142 1
143 0
144 2
145 2
146 2
147 2
148 1
149 3
150 1
151 1
152 0
153 2
154 2
155 1
156 3
157 4
158 1
159 2
160 1
161 2
162 6
163 1
164 6
165 1
166 4
167 1
168 0
169 1
170 0
171 3
172 4
173 5
174 5
175 1
176 5
177 3
178 5
179 5
180 3
181 0
182 0
183 3
184 0
185 1
186 2
187 4
188 2
189 2
190 0
191 2
192 3
193 4
194 3
195 2
196 4
197 3
198 3
199 2
200 4
201 3
202 1
203 0
204 2
205 0
206 5
207 2
208 2
209 2
210 0
211 1
212 2
213 2
214 3
215 1
216 2
217 3
218 2
219 4
220 1
221 4
222 4
223 2
224 4
225 2
226 1
227 3
228 0
229 1
230 1
231 2
232 5
233 2
234 4
235 4
236 0
237 3
238 2
239 4
240 0
241 4
242 3
243 4
244 5
245 3
246 4
247 3
248 4
249 4
250 0
251 3
252 3
253 1
254 6
255 1
256 1
257 2
258 6
259 2
260 1
261 4
262 2
263 1
264 0
265 4
266 5
267 1
268 2
269 1
270 1
271 1
272 2
273 3
274 2
275 0
276 1
277 2
278 6
279 1
280 2
281 5
282 1
283 2
284 3
285 2
286 3
287 3
288 3
289 2
290 0
291 2
292 1
293 2
294 1
295 3
296 0
297 1
298 1
299 4
300 3
301 4
302 3
303 3
304 2
305 4
306 3
307 1
308 5
309 2
310 2
311 1
312 2
313 1
314 0
315 3
316 3
317 2
318 2
319 1
320 2
321 0
322 4
323 2
324 1
325 2
326 5
327 2
328 2
329 1
330 5
331 1
332 2
333 1
334 1
335 2
336 3
337 2
338 0
339 3
340 4
341 2
342 1
343 3
344 2
345 5
346 2
347 2
348 2
349 4
350 3
351 4
352 1
353 3
354 2
355 3
356 0
357 1
358 1
359 2
360 1
361 1
362 2
363 1
364 2
365 1
366 1
367 1
368 1
369 0
370 1
371 2
372 2
373 1
374 2
375 3
376 0
377 3
378 2
379 0
380 1
381 1
382 3
383 3
384 0
385 1
386 2
387 2
388 2
389 3
390 2
391 0
392 0
393 0
394 2
395 1
396 0
397 3
398 2
399 1
400 3
401 5
402 0
403 2
404 3
405 1
406 2
407 1
408 2
409 1
410 0
411 1
412 2
413 2
414 3
415 2
416 1
417 1
418 0
419 7
420 1
421 1
422 1
423 1
424 2
425 3
426 2
427 1
428 2
429 3
430 2
431 2
432 4
433 1
434 1
435 1
436 2
437 4
438 1
439 1
440 1
441 3
442 1
443 4
444 1
445 2
446 2
447 4
448 0
449 0
450 0
451 0
452 1
453 2
454 1
455 1
456 1
457 3
458 2
459 1
460 2
461 5
462 3
463 4
464 3
465 2
466 1
467 3
468 1
469 4
470 0
471 2
472 1
473 2
474 1
475 1
476 1
477 1
478 3
479 3
480 0
481 0
482 2
483 1
484 1
485 1
486 1
487 0
488 1
489 1
490 1
491 1
492 2
493 2
494 2
495 0
496 0
497 2
498 2
499 1
500 1
501 2
502 1
503 0
504 2
505 3
506 0
507 2
508 1
509 3
510 0
511 3
512 2
513 1
514 1
515 4
516 1
517 1
518 1
519 1
520 4
521 0
522 0
523 2
524 1
525 0
526 2
527 0
528 2
529 1
530 1
531 3
532 1
533 3
534 2
535 3
536 2
537 3
538 2
539 2
540 1
541 4
542 3
543 3
544 0
545 6
546 1
547 2
548 4
549 3
550 4
551 2
552 3
553 2
554 2
555 1
556 3
557 3
558 3
559 4
560 4
561 1
562 2
563 2
564 0
565 2
566 2
567 3
568 0
569 1
570 2
571 1
572 2
573 2
574 1
575 0
576 0
577 2
578 1
579 0
580 1
581 0
582 0
583 1
584 0
585 1
586 1
587 0
588 0
589 1
590 1
591 1
592 0
593 0
594 1
595 0
596 0
597 1
598 2
599 1
600 1
601 2
602 2
603 1
604 2
605 1
606 1
607 1
608 1
609 1
610 1
611 2
612 0
613 0
614 0
615 0
616 1
617 0
618 0
619 2
620 1
621 2
622 3
623 2
624 1
625 2
626 3
627 0
628 0
629 1
630 1
631 2
632 1
633 0
634 2
635 2
636 2
637 1
638 0
639 1
640 1
641 3
642 3
643 1
644 2
645 4
646 2
647 3
648 4
649 0
650 1
651 1
652 1
653 2
654 0
655 0
656 0
657 1
658 1
659 0
660 3
661 1
662 1
663 3
664 0
665 2
666 1
667 1
668 2
669 1
670 2
671 3
672 3
673 2
674 0
675 1
676 1
677 1
678 0
679 0
680 0
681 3
682 0
683 0
684 1
685 1
686 1
687 0
688 1
689 0
690 2
691 2
692 0
693 2
694 3
695 1
696 2
697 1
698 0
699 1
700 1
701 0
702 1
703 0
704 1
705 0
706 0
707 0
708 2
709 1
710 0
711 2
712 1
713 0
714 0
715 1
716 2
717 2
718 0
719 1
720 0
721 2
722 2
723 0
724 1
725 0
726 2
727 1
728 0
729 0
730 0
731 1
732 1
733 1
734 0
735 0
736 1
737 0
738 1
739 0
740 0
741 0
742 1
743 1
744 1
745 2
746 1
747 1
748 1
749 1
750 1
751 1
752 3
753 4
754 1
755 1
756 2
757 2
758 2
759 1
760 1
761 1
762 0
763 1
764 0
765 1
766 1
767 0
768 3
769 0
770 0
771 1
772 2
773 1
774 0
775 1
776 0
777 1
778 2
779 1
780 1
781 2
782 2
783 3
784 0
785 2
786 1
787 1
788 0
789 1
790 0
791 0
792 0
793 1
794 0
795 0
796 1
797 1
798 0
799 1
800 0
801 1
802 2
803 0
804 0
805 1
806 1
807 1
808 1
809 1
810 0
811 1
812 1
813 0
814 0
815 1
816 2
817 1
818 2
819 0
820 1
821 1
822 0
823 1
824 1
825 1
826 1
827 0
828 1
829 0
830 1
831 1
832 2
833 0
834 0
835 1
836 3
837 1
838 2
839 0
840 0
841 0
842 3
843 4
844 1
845 0
846 1
847 1
848 0
849 3
850 0
851 2
852 2
853 1
854 1
855 0
856 1
857 0
858 0
859 0
860 1
861 1
862 0
863 1
864 0
865 1
866 0
867 1
868 1
869 1
870 0
871 2
872 3
873 2
874 1
875 3
876 2
877 2
878 1
879 0
880 1
881 1
882 0
883 0
884 0
885 1
886 2
887 0
888 0
889 1
890 0
891 3
892 1
893 1
894 1
895 0
896 3
897 3
898 0
899 1
900 2
901 0
902 0
903 1
904 0
905 1
906 0
907 0
908 0
909 1
910 0
911 0
912 1
913 1
914 1
915 1
916 1
917 1
918 0
919 4
920 0
921 2
922 0
923 1
924 2
925 1
926 0
927 1
928 0
929 0
930 0
931 3
932 2
933 0
934 1
935 1
936 0
937 0
938 0
939 0
940 0
941 2
942 0
943 2
944 2
945 1
946 2
947 0
948 0
949 1
950 0
951 0
952 1
953 1
954 0
955 1
956 0
957 1
958 0
959 1
960 1
961 1
962 1
963 0
964 0
965 1
966 0
967 0
968 0
969 0
970 0
971 0
972 2
973 0
974 0
975 0
976 0
977 0
978 0
979 0
980 0
981 0
982 1
983 0
984 0
985 1
986 0
987 0
988 1
989 0
990 0
991 0
992 0
993 0
994 0
995 0
996 0
997 1
998 0
999 0
1000 1
1001 0
1002 0
1003 0
1004 2
1005 1
1006 0
1007 0
1008 1
1009 0
1010 0
1011 0
1012 0
1013 0
1014 0
1015 0
1016 1
1017 0
1018 2
1019 0
1020 0
1021 1
1022 0
1023 0
1024 0
1025 0
1026 0
1027 0
1028 1
1029 2
1030 0
1031 0
1032 0
1033 1
1034 0
1035 0
1036 0
1037 0
1038 0
1039 0
1040 0
1041 0
1042 0
1043 0
1044 0
1045 0
1046 1
1047 1
1048 0
1049 1
1050 0
1051 0
1052 0
1053 0
1054 1
1055 0
1056 0
1057 0
1058 0
1059 0
1060 1
1061 0
1062 0
1063 0
1064 0
1065 0
1066 0
1067 0
1068 0
1069 0
1070 1
1071 0
1072 1
1073 0
1074 0
1075 0
1076 0
1077 0
1078 0
1079 0
1080 0
1081 0
1082 0
1083 0
1084 0
1085 0
1086 0
1087 0
1088 1
1089 0
1090 0
1091 0
1092 0
1093 0
1094 0
1095 0
1096 0
1097 0
1098 0
1099 0
1100 0
1101 0
1102 0
1103 0
1104 0
1105 0
1106 0
1107 0
1108 0
1109 0
1110 0
1111 0
1112 0
1113 0
1114 0
1115 0
1116 0
1117 0
1118 0
1119 0
1120 0
1121 0
1122 0
1123 0
1124 0
1125 0
1126 0
1127 0
1128 0
1129 0
1130 0
1131 0
1132 0
1133 0
1134 0
1135 0
1136 1
1137 0
1138 0
1139 0
1140 0
1141 1
1142 1
1143 0
1144 0
1145 1
1146 2
1147 1
1148 1
1149 1
1150 1
1151 1
1152 2
1153 1
1154 0
1155 0
1156 0
1157 0
1158 1
1159 0
1160 0
1161 0
1162 1
1163 2
1164 0
1165 0
1166 1
1167 1
1168 0
1169 1
1170 1
1171 1
1172 0
1173 1
1174 0
1175 0
1176 1
1177 0
1178 0
1179 0
1180 0
1181 0
1182 1
1183 0
1184 1
1185 0
1186 0
1187 0
1188 1
1189 0
1190 1
1191 0
1192 0
1193 0
1194 0
1195 0
1196 1
1197 0
1198 1
1199 0
1200 0
1201 1
1202 1
1203 0
1204 1
1205 0
1206 2
1207 0
1208 1
1209 0
1210 0
1211 0
1212 1
1213 0
1214 0
1215 1
1216 0
1217 0
1218 1
1219 0
1220 0
1221 1
1222 0
1223 0
1224 0
1225 0
1226 0
1227 0
1228 2
1229 0
1230 2
1231 0
1232 0
1233 1
1234 1
1235 3
1236 1
1237 2
1238 2
1239 1
1240 0
1241 0
1242 1
1243 0
1244 0
1245 2
1246 2
1247 1
1248 0
1249 2
1250 1
1251 0
1252 0
1253 1
1254 1
1255 0
1256 1
1257 2
1258 0
1259 2
1260 2
1261 1
1262 0
1263 1
1264 2
1265 2
1266 0
1267 2
1268 1
1269 2
1270 2
1271 1
1272 3
1273 1
1274 0
1275 1
1276 0
1277 2
1278 0
1279 0
1280 0
1281 0
1282 1
1283 1
1284 1
1285 0
1286 1
1287 1
1288 1
1289 1
1290 2
1291 0
1292 2
1293 1
1294 2
1295 2
1296 1
1297 1
1298 4
1299 1
1300 0
1301 1
1302 1
1303 1
1304 2
1305 0
1306 1
1307 0
1308 3
1309 2
1310 0
1311 2
1312 0
1313 1
1314 3
1315 2
1316 1
1317 0
1318 1
1319 2
1320 3
1321 1
1322 2
1323 4
1324 2
1325 2
1326 1
1327 2
1328 0
1329 3
1330 2
1331 2
1332 0
1333 1
1334 1
1335 0
1336 1
1337 1
1338 0
1339 2
1340 1
1341 1
1342 2
1343 0
1344 1
1345 1
1346 1
1347 0
1348 0
1349 1
1350 0
1351 0
1352 1
1353 1
1354 2
1355 1
1356 1
1357 3
1358 2
1359 1
1360 1
1361 1
1362 0
1363 0
1364 1
1365 1
1366 1
1367 2
1368 1
1369 2
1370 3
1371 2
1372 1
1373 2
1374 0
1375 0
1376 1
1377 1
1378 3
1379 0
1380 3
1381 3
1382 1
1383 2
1384 1
1385 4
1386 2
1387 2
1388 0
1389 1
1390 2
1391 2
1392 2
1393 2
1394 3
1395 2
1396 1
1397 2
1398 1
1399 1
1400 2
1401 1
1402 0
1403 5
1404 3
1405 3
1406 1
1407 0
1408 1
1409 1
1410 0
1411 0
1412 0
1413 2
1414 2
1415 0
1416 0
1417 1
1418 2
1419 2
1420 2
1421 3
1422 3
1423 0
1424 1
1425 3
1426 2
1427 1
1428 2
1429 2
1430 2
1431 2
1432 1
1433 0
1434 1
1435 1
1436 0
1437 3
1438 4
1439 0
1440 1
1441 2
1442 2
1443 1
1444 0
1445 0
1446 1
1447 0
1448 2
1449 1
1450 0
1451 3
1452 3
1453 4
1454 2
1455 1
1456 1
1457 2
1458 2
1459 0
1460 1
1461 1
1462 0
1463 2
1464 0
1465 2
1466 2
1467 0
1468 3
1469 2
1470 0
1471 0
1472 3
1473 1
1474 0
1475 0
1476 0
1477 1
1478 0
1479 0
1480 1
1481 1
1482 0
1483 0
1484 1
1485 1
1486 1
1487 0
1488 1
1489 0
1490 1
1491 1
1492 1
1493 3
1494 0
1495 1
1496 1
1497 1
1498 1
1499 1
1500 0
1501 0
1502 2
1503 2
1504 1
1505 2
1506 1
1507 0
1508 0
1509 2
1510 0
1511 1
1512 3
1513 3
1514 1
1515 2
1516 1
1517 0
1518 0
1519 1
1520 0
1521 1
1522 2
1523 0
1524 0
1525 0
1526 1
1527 0
1528 0
1529 1
1530 1
1531 1
1532 2
1533 2
1534 1
1535 1
1536 0
1537 1
1538 0
1539 2
1540 1
1541 0
1542 0
1543 0
1544 0
1545 1
1546 1
1547 0
1548 2
1549 0
1550 0
1551 0
1552 0
1553 1
1554 3
1555 0
1556 2
1557 2
1558 0
1559 2
1560 1
1561 0
1562 1
1563 2
1564 1
1565 2
1566 2
1567 1
1568 0
1569 1
1570 1
1571 0
1572 1
1573 0
1574 1
1575 0
1576 0
1577 0
1578 0
1579 0
1580 0
1581 0
1582 0
1583 0
1584 0
1585 0
1586 0
1587 0
1588 1
1589 0
1590 0
1591 0
1592 0
1593 1
1594 0
1595 1
1596 1
1597 1
1598 0
1599 0
1600 0
1601 0
1602 0
1603 0
1604 2
1605 2
1606 0
1607 1
1608 0
1609 2
1610 0
1611 0
1612 1
1613 1
1614 1
1615 1
1616 1
1617 0
1618 0
1619 0
1620 0
1621 1
1622 1
1623 2
1624 0
1625 0
1626 1
1627 0
1628 0
1629 1
1630 2
1631 1
1632 2
1633 1
1634 0
1635 1
1636 1
1637 1
1638 2
1639 1
1640 0
1641 1
1642 0
1643 0
1644 0
1645 1
1646 0
1647 1
1648 0
1649 0
1650 0
1651 1
1652 1
1653 1
1654 0
1655 1
1656 1
1657 0
1658 0
1659 0
1660 2
1661 0
1662 0
1663 1
1664 1
1665 1
1666 0
1667 1
1668 2
1669 1
1670 0
1671 1
1672 1
1673 0
1674 1
1675 1
1676 0
1677 0
1678 1
1679 0
1680 0
1681 0
1682 0
1683 2
1684 1
1685 1
1686 3
1687 1
1688 1
1689 1
1690 0
1691 1
1692 1
1693 1
1694 1
1695 1
1696 0
1697 1
1698 0
1699 1
1700 1
1701 1
1702 1
1703 0
1704 3
1705 0
1706 1
1707 0
1708 0
1709 0
1710 1
1711 1
1712 2
1713 2
1714 0
1715 0
1716 0
1717 1
1718 0
1719 0
1720 0
1721 0
1722 0
1723 0
1724 0
1725 0
1726 0
1727 1
1728 0
1729 0
1730 0
1731 0
1732 0
1733 0
1734 1
1735 1
1736 0
1737 2
1738 1
1739 0
1740 0
1741 0
1742 0
1743 0
1744 0
1745 0
1746 0
1747 0
1748 0
1749 0
1750 0
1751 1
1752 1
1753 2
1754 1
1755 0
1756 0
1757 1
1758 1
1759 1
1760 1
1761 0
1762 0
1763 0
1764 0
1765 0
1766 0
1767 0
1768 2
1769 0
1770 1
1771 1
1772 0
1773 0
1774 1
1775 2
1776 0
1777 0
1778 1
1779 0
1780 2
1781 2
1782 1
1783 1
1784 0
1785 0
1786 2
1787 2
1788 4
1789 2
1790 0
1791 0
1792 0
1793 2
1794 2
1795 1
1796 0
1797 0
1798 0
1799 1
1800 0
1801 1
1802 2
1803 1
1804 1
1805 1
1806 2
1807 1
1808 0
1809 2
1810 1
1811 2
1812 1
1813 2
1814 0
1815 1
1816 0
1817 0
1818 0
1819 3
1820 2
1821 0
1822 1
1823 0
1824 1
1825 1
1826 0
1827 0
1828 2
1829 1
1830 0
1831 2
1832 3
1833 1
1834 0
1835 2
1836 0
1837 0
1838 3
1839 4
1840 1
1841 1
1842 2
1843 0
1844 1
1845 1
1846 1
1847 0
1848 0
1849 0
1850 1
1851 4
1852 0
1853 0
1854 0
1855 1
1856 3
1857 2
1858 2
1859 1
1860 3
1861 1
1862 0
1863 1
1864 3
1865 1
1866 0
1867 1
1868 0
1869 2
1870 1
1871 1
1872 0
1873 0
1874 1
1875 1
1876 1
1877 0
1878 1
1879 0
1880 2
1881 1
1882 2
1883 0
1884 0
1885 0
1886 1
1887 1
1888 1
1889 0
1890 2
1891 2
1892 2
1893 3
1894 2
1895 1
1896 2
1897 3
1898 0
1899 1
1900 2
1901 1
1902 0
1903 4
1904 0
1905 0
1906 2
1907 1
1908 2
1909 0
1910 3
1911 1
1912 2
1913 2
1914 1
1915 1
1916 3
1917 1
1918 0
1919 1
1920 0
1921 0
1922 0
1923 3
1924 0
1925 2
1926 1
1927 1
1928 0
1929 0
1930 0
1931 1
1932 2
1933 1
1934 0
1935 1
1936 2
1937 0
1938 0
1939 1
1940 1
1941 0
1942 3
1943 1
1944 0
1945 2
1946 0
1947 0
1948 0
1949 1
1950 0
1951 0
1952 0
1953 2
1954 2
1955 1
1956 1
1957 0
1958 1
1959 1
1960 0
1961 1
1962 0
1963 0
1964 0
1965 0
1966 2
1967 0
1968 2
1969 0
1970 0
1971 1
1972 0
1973 1
1974 2
1975 1
1976 3
1977 0
1978 2
1979 0
1980 0
1981 1
1982 1
1983 0
1984 2
1985 1
1986 1
1987 2
1988 0
1989 0
1990 0
1991 2
1992 0
1993 1
1994 0
1995 0
1996 0
1997 0
1998 1
1999 0
2000 1
2001 0
2002 1
2003 2
2004 1
2005 3
2006 1
2007 1
2008 2
2009 2
2010 1
2011 1
2012 1
2013 2
2014 2
2015 0
2016 1
2017 0
2018 3
2019 2
2020 1
2021 2
2022 0
2023 1
2024 0
2025 3
2026 2
2027 2
2028 1
2029 1
2030 1
2031 1
2032 1
2033 1
2034 0
2035 2
2036 3
2037 1
2038 2
2039 2
2040 1
2041 0
2042 0
2043 1
2044 1
2045 1
2046 4
2047 1
2048 0
2049 1
2050 1
2051 1
2052 1
2053 3
2054 0
2055 0
2056 3
2057 2
2058 0
2059 1
2060 0
2061 0
2062 1
2063 0
2064 0
2065 1
2066 2
2067 2
2068 1
2069 1
2070 3
2071 1
2072 1
2073 1
2074 0
2075 0
2076 1
2077 2
2078 1
2079 0
2080 1
2081 3
2082 1
2083 0
2084 0
2085 1
2086 2
2087 0
2088 0
2089 1
2090 1
2091 1
2092 0
2093 2
2094 1
2095 2
2096 0
2097 0
2098 0
2099 1
2100 1
2101 0
2102 1
2103 0
2104 2
2105 1
2106 0
2107 0
2108 3
2109 0
2110 0
2111 0
2112 1
2113 0
2114 1
2115 1
2116 1
2117 1
2118 1
2119 0
2120 1
2121 0
2122 2
2123 1
2124 3
2125 0
2126 0
2127 0
2128 1
2129 1
2130 1
2131 4
2132 2
2133 0
2134 1
2135 1
2136 1
2137 2
2138 1
2139 2
2140 0
2141 0
2142 0
2143 1
2144 1
2145 0
2146 1
2147 0
2148 0
2149 1
2150 2
2151 1
2152 1
2153 2
2154 1
2155 1
2156 1
2157 2
2158 0
2159 0
2160 0
2161 0
2162 1
2163 1
2164 0
2165 2
2166 0
2167 0
2168 0
2169 1
2170 0
2171 1
2172 0
2173 1
2174 3
2175 0
2176 0
2177 1
2178 0
2179 1
2180 0
2181 1
2182 2
2183 0
2184 2
2185 2
2186 2
2187 1
2188 2
2189 1
2190 3
2191 0
2192 0
2193 2
2194 1
2195 1
2196 2
2197 1
2198 1
2199 1
2200 3
2201 1
2202 2
2203 0
2204 0
2205 0
2206 1
2207 0
2208 1
2209 3
2210 1
2211 0
2212 1
2213 2
2214 0
2215 0
2216 1
2217 0
2218 1
2219 1
2220 1
2221 2
2222 3
2223 1
2224 0
2225 1
2226 1
2227 1
2228 1
2229 1
2230 0
2231 0
2232 0
2233 1
2234 0
2235 0
2236 0
2237 0
2238 1
2239 1
2240 0
2241 0
2242 1
2243 1
2244 1
2245 0
2246 1
2247 0
2248 2
2249 2
2250 0
2251 1
2252 3
2253 0
2254 0
2255 1
2256 3
2257 0
2258 2
2259 0
2260 1
2261 2
2262 0
2263 1
2264 2
2265 0
2266 2
2267 0
2268 0
2269 1
2270 1
2271 1
2272 1
2273 0
2274 1
2275 0
2276 2
2277 2
2278 1
2279 1
2280 0
2281 2
2282 4
2283 2
2284 1
2285 3
2286 0
2287 3
2288 2
2289 1
2290 1
2291 1
2292 0
2293 2
2294 1
2295 1
2296 0
2297 0
2298 2
2299 2
2300 1
2301 1
2302 2
2303 1
2304 2
2305 1
2306 0
2307 0
2308 1
2309 2
2310 1
2311 0
2312 3
2313 0
2314 1
2315 2
2316 0
2317 1
2318 1
2319 1
2320 0
2321 1
2322 1
2323 1
2324 1
2325 2
2326 2
2327 0
2328 0
2329 2
2330 1
2331 0
2332 2
2333 0
2334 0
2335 1
2336 0
2337 1
2338 1
2339 0
2340 1
2341 1
2342 1
2343 0
2344 0
2345 0
2346 0
2347 1
2348 2
2349 0
2350 1
2351 4
2352 2
2353 1
2354 1
2355 1
2356 0
2357 1
2358 0
2359 0
2360 1
2361 1
2362 0
2363 2
2364 2
2365 2
2366 1
2367 1
2368 1
2369 0
2370 0
2371 0
2372 0
2373 0
2374 0
2375 0
2376 0
2377 1
2378 2
2379 1
2380 1
2381 0
2382 0
2383 0
2384 0
2385 2
2386 1
2387 1
2388 0
2389 0
2390 0
2391 1
2392 0
2393 3
2394 1
2395 0
2396 0
2397 0
2398 1
2399 1
2400 2
2401 3
2402 0
2403 1
2404 1
2405 0
2406 1
2407 0
2408 1
2409 2
2410 0
2411 1
2412 1
2413 0
2414 0
2415 1
2416 1
2417 0
2418 1
2419 0
2420 0
2421 1
2422 0
2423 0
2424 0
2425 0
2426 2
2427 0
2428 1
2429 1
2430 1
2431 0
2432 2
2433 0
2434 2
2435 1
2436 1
2437 2
2438 1
2439 1
2440 2
2441 0
2442 0
2443 0
2444 0
2445 1
2446 0
2447 0
2448 0
2449 1
2450 1
2451 0
2452 0
2453 1
2454 2
2455 0
2456 1
2457 0
2458 2
2459 0
2460 0
2461 0
2462 0
2463 0
2464 0
2465 1
2466 1
2467 0
2468 1
2469 0
2470 1
2471 1
2472 1
2473 1
2474 0
2475 1
2476 0
2477 0
2478 1
2479 2
2480 1
2481 2
2482 2
2483 0
2484 1
2485 1
2486 0
2487 1
2488 0
2489 0
2490 1
2491 0
2492 0
2493 1
2494 2
2495 1
2496 0
2497 1
2498 1
2499 2
2500 0
2501 0
2502 1
2503 0
2504 1
2505 0
2506 0
2507 1
2508 0
2509 0
2510 0
2511 0
2512 0
2513 1
2514 0
2515 0
2516 0
2517 0
2518 1
2519 0
2520 0
2521 0
2522 1
2523 3
2524 0
2525 2
2526 3
2527 1
2528 2
2529 0
2530 2
2531 1
2532 1
2533 0
2534 0
2535 0
2536 0
2537 0
2538 1
2539 1
2540 1
2541 1
2542 0
2543 2
2544 0
2545 0
2546 1
2547 0
2548 0
2549 0
2550 0
2551 0
2552 0
2553 2
2554 0
2555 0
2556 0
2557 0
2558 0
2559 1
2560 0
2561 0
2562 0
2563 0
2564 0
2565 0
2566 0
2567 0
2568 0
2569 0
2570 0
2571 0
2572 1
2573 1
2574 0
2575 0
2576 0
2577 0
2578 0
2579 1
2580 0
2581 0
2582 0
2583 1
2584 0
2585 0
2586 0
2587 0
2588 0
2589 0
2590 0
2591 0
2592 0
2593 1
2594 1
2595 0
2596 0
2597 2
2598 1
2599 2
2600 0
2601 1
2602 0
2603 2
2604 0
2605 0
2606 0
2607 1
2608 0
2609 1
2610 0
2611 0
2612 0
2613 1
2614 0
2615 2
2616 1
2617 0
2618 0
2619 0
2620 0
2621 2
2622 0
2623 0
2624 0
2625 0
2626 0
2627 0
2628 0
2629 0
2630 0
2631 0
2632 1
2633 1
2634 1
2635 0
2636 0
2637 0
2638 1
2639 2
2640 0
2641 0
2642 0
2643 0
2644 0
2645 1
2646 2
2647 2
2648 3
2649 0
2650 0
2651 1
2652 1
2653 2
2654 1
2655 2
2656 0
2657 2
2658 1
2659 1
2660 1
2661 2
2662 1
2663 1
2664 1
2665 0
2666 1
2667 1
2668 1
2669 0
2670 2
2671 1
2672 0
2673 1
2674 1
2675 0
2676 2
2677 1
2678 1
2679 1
2680 2
2681 2
2682 2
2683 0
2684 0
2685 0
2686 2
2687 1
2688 0
2689 0
2690 2
2691 1
2692 1
2693 1
2694 0
2695 0
2696 1
2697 2
2698 3
2699 0
2700 0
2701 1
2702 0
2703 0
2704 1
2705 1
2706 0
2707 1
2708 1
2709 1
2710 2
2711 0
2712 0
2713 1
2714 3
2715 1
2716 1
2717 1
2718 2
2719 2
2720 1
2721 1
2722 2
2723 2
2724 1
2725 1
2726 2
2727 0
2728 2
2729 1
2730 1
2731 0
2732 2
2733 0
2734 1
2735 0
2736 1
2737 2
2738 1
2739 1
2740 0
2741 1
2742 1
2743 1
2744 2
2745 0
2746 0
2747 1
2748 0
2749 1
2750 0
2751 0
2752 0
2753 1
2754 1
2755 1
2756 0
2757 0
2758 0
2759 3
2760 1
2761 4
2762 2
2763 1
2764 2
2765 2
2766 2
2767 1
2768 0
2769 1
2770 1
2771 0
2772 0
2773 0
2774 0
2775 0
2776 2
2777 2
2778 2
2779 0
2780 1
2781 0
2782 2
2783 1
2784 2
2785 1
2786 0
2787 2
2788 4
2789 1
2790 0
2791 1
2792 2
2793 1
2794 1
2795 2
2796 3
2797 2
2798 1
2799 2
2800 2
2801 1
2802 2
2803 0
2804 1
2805 2
2806 0
2807 5
2808 0
2809 1
2810 1
2811 2
2812 0
2813 0
2814 3
2815 2
2816 1
2817 3
2818 1
2819 2
2820 0
2821 1
2822 1
2823 1
2824 1
2825 3
2826 3
2827 5
2828 3
2829 3
2830 2
2831 1
2832 1
2833 1
2834 0
2835 1
2836 1
2837 2
2838 0
2839 0
2840 3
2841 0
2842 0
2843 1
2844 1
2845 1
2846 4
2847 2
2848 2
2849 1
2850 3
2851 2
2852 2
2853 3
2854 2
2855 0
2856 0
2857 1
2858 1
2859 3
2860 2
2861 1
2862 2
2863 1
2864 0
2865 2
2866 1
2867 1
2868 1
2869 1
2870 4
2871 2
2872 1
2873 2
2874 3
2875 0
2876 1
2877 3
2878 1
2879 2
2880 4
2881 3
2882 1
2883 1
2884 3
2885 0
2886 1
2887 2
2888 1
2889 1
2890 1
2891 1
2892 0
2893 0
2894 3
2895 1
2896 0
2897 2
2898 1
2899 0
2900 1
2901 0
2902 1
2903 0
2904 4
2905 5
2906 1
2907 0
2908 4
2909 0
2910 1
2911 1
2912 2
2913 0
2914 1
2915 2
2916 0
2917 0
2918 1
2919 1
2920 0
2921 1
2922 2
2923 1
2924 1
2925 2
2926 0
2927 0
2928 4
2929 2
2930 2
2931 2
2932 0
2933 0
2934 1
2935 0
2936 0
2937 0
2938 1
2939 0
2940 0
2941 0
2942 0
2943 0
2944 2
2945 2
2946 2
2947 1
2948 2
2949 2
2950 0
2951 1
2952 0
2953 1
2954 0
2955 0
2956 0
2957 2
2958 3
2959 1
2960 3
2961 1
2962 2
2963 1
2964 2
2965 0
2966 0
2967 1
2968 0
2969 2
2970 3
2971 2
2972 3
2973 1
2974 0
2975 1
2976 1
2977 1
2978 0
2979 0
2980 3
2981 0
2982 2
2983 2
2984 2
2985 1
2986 2
2987 5
2988 0
2989 1
2990 2
2991 2
2992 0
2993 0
2994 2
2995 1
2996 1
2997 2
2998 0
2999 1
3000 0
3001 1
3002 0
3003 4
3004 1
3005 2
3006 2
3007 3
3008 4
3009 1
3010 0
3011 1
3012 2
3013 2
3014 0
3015 1
3016 1
3017 1
3018 1
3019 0
3020 1
3021 2
3022 2
3023 1
3024 0
3025 1
3026 1
3027 0
3028 3
3029 2
3030 2
3031 0
3032 2
3033 2
3034 3
3035 2
3036 1
3037 1
3038 3
3039 0
3040 1
3041 3
3042 1
3043 1
3044 0
3045 1
3046 3
3047 1
3048 2
3049 1
3050 2
3051 0
3052 1
3053 1
3054 3
3055 0
3056 1
3057 2
3058 0
3059 0
3060 3
3061 1
3062 1
3063 1
3064 1
3065 1
3066 2
3067 1
3068 0
3069 0
3070 4
3071 0
3072 1
3073 2
3074 1
3075 1
3076 3
3077 2
3078 0
3079 1
3080 1
3081 0
3082 0
3083 0
3084 2
3085 3
3086 0
3087 1
3088 1
3089 1
3090 2
3091 0
3092 2
3093 0
3094 1
3095 1
3096 1
3097 2
3098 1
3099 3
3100 1
3101 1
3102 2
3103 3
3104 0
3105 4
3106 0
3107 0
3108 1
3109 0
3110 1
3111 3
3112 1
3113 1
3114 1
3115 2
3116 1
3117 0
3118 2
3119 0
3120 1
3121 0
3122 1
3123 0
3124 2
3125 1
3126 0
3127 1
3128 1
3129 2
3130 1
3131 0
3132 2
3133 2
3134 1
3135 1
3136 1
3137 1
3138 1
3139 0
3140 0
3141 2
3142 1
3143 0
3144 1
3145 0
3146 3
3147 0
3148 1
3149 1
3150 1
3151 2
3152 0
3153 1
3154 4
3155 2
3156 2
3157 1
3158 1
3159 2
3160 0
3161 4
3162 2
3163 2
3164 1
3165 1
3166 1
3167 1
3168 1
3169 1
3170 1
3171 0
3172 1
3173 1
3174 2
3175 0
3176 2
3177 2
3178 0
3179 0
3180 2
3181 1
3182 0
3183 0
3184 0
3185 1
3186 0
3187 1
3188 0
3189 1
3190 0
3191 0
3192 1
3193 0
3194 0
3195 2
3196 1
3197 0
3198 0
3199 1
3200 0
3201 0
3202 1
3203 1
3204 1
3205 0
3206 1
3207 2
3208 0
3209 0
3210 0
3211 2
3212 1
3213 0
3214 1
3215 0
3216 2
3217 0
3218 0
3219 0
3220 0
3221 2
3222 0
3223 0
3224 2
3225 0
3226 0
3227 3
3228 1
3229 2
3230 0
3231 1
3232 0
3233 0
3234 1
3235 0
3236 2
3237 2
3238 2
3239 1
3240 0
3241 0
3242 3
3243 1
3244 1
3245 1
3246 2
3247 1
3248 1
3249 1
3250 0
3251 1
3252 0
3253 1
3254 2
3255 0
3256 0
3257 1
3258 1
3259 2
3260 2
3261 1
3262 2
3263 2
3264 4
3265 0
3266 1
3267 0
3268 1
3269 2
3270 0
3271 0
3272 0
3273 1
3274 1
3275 0
3276 0
3277 0
3278 0
3279 0
3280 2
3281 0
3282 0
3283 0
3284 0
3285 1
3286 1
3287 0
3288 1
3289 0
3290 0
3291 0
3292 1
3293 1
3294 0
3295 0
3296 0
3297 0
3298 0
3299 1
3300 1
3301 1
3302 1
3303 0
3304 0
3305 0
3306 0
3307 1
3308 0
3309 1
3310 1
3311 3
3312 1
3313 0
3314 1
3315 0
3316 1
3317 1
3318 1
3319 1
3320 0
3321 0
3322 0
3323 1
3324 0
3325 1
3326 1
3327 0
3328 1
3329 0
3330 2
3331 0
3332 3
3333 0
3334 0
3335 2
3336 1
3337 1
3338 3
3339 0
3340 1
3341 2
3342 1
3343 0
3344 1
3345 1
3346 2
3347 0
3348 2
3349 2
3350 2
3351 0
3352 2
3353 1
3354 2
3355 2
3356 2
3357 1
3358 1
3359 1
3360 2
3361 2
3362 2
3363 0
3364 1
3365 2
3366 4
3367 3
3368 0
3369 0
3370 2
3371 1
3372 0
3373 2
3374 2
3375 0
3376 4
3377 1
3378 1
3379 0
3380 2
3381 1
3382 1
3383 1
3384 2
3385 1
3386 0
3387 0
3388 2
3389 1
3390 0
3391 0
3392 0
3393 1
3394 1
3395 3
3396 2
3397 1
3398 0
3399 1
3400 0
3401 0
3402 0
3403 4
3404 1
3405 0
3406 2
3407 0
3408 0
3409 0
3410 0
3411 1
3412 1
3413 1
3414 0
3415 1
3416 2
3417 0
3418 2
3419 1
3420 0
3421 1
3422 0
3423 0
3424 1
3425 0
3426 0
3427 0
3428 1
3429 1
3430 1
3431 1
3432 2
3433 2
3434 0
3435 0
3436 0
3437 0
3438 3
3439 1
3440 1
3441 0
3442 1
3443 1
3444 0
3445 0
3446 1
3447 0
3448 0
3449 0
3450 2
3451 1
3452 2
3453 1
3454 1
3455 1
3456 0
3457 0
3458 3
3459 0
3460 1
3461 0
3462 2
3463 2
3464 0
3465 1
3466 2
3467 2
3468 1
3469 2
3470 1
3471 2
3472 0
3473 0
3474 1
3475 1
3476 2
3477 1
3478 1
3479 1
3480 0
3481 1
3482 1
3483 0
3484 1
3485 0
3486 1
3487 1
3488 0
3489 0
3490 1
3491 0
3492 1
3493 1
3494 1
3495 1
3496 0
3497 1
3498 1
3499 0
3500 1
3501 2
3502 0
3503 0
3504 1
3505 0
3506 2
3507 0
3508 0
3509 1
3510 1
3511 0
3512 0
3513 0
3514 0
3515 1
3516 2
3517 1
3518 0
3519 1
3520 1
3521 1
3522 0
3523 0
3524 1
3525 0
3526 1
3527 1
3528 0
3529 2
3530 1
3531 1
3532 2
3533 0
3534 0
3535 2
3536 1
3537 0
3538 0
3539 1
3540 1
3541 1
3542 1
3543 2
3544 0
3545 1
3546 2
3547 1
3548 0
3549 0
3550 1
3551 2
3552 0
3553 1
3554 0
3555 0
3556 1
3557 0
3558 1
3559 0
3560 1
3561 1
3562 3
3563 0
3564 0
3565 0
3566 0
3567 1
3568 0
3569 1
3570 0
3571 1
3572 2
3573 0
3574 0
3575 0
3576 1
3577 0
3578 0
3579 1
3580 0
3581 0
3582 1
3583 0
3584 0
3585 0
3586 1
3587 0
3588 0
3589 1
3590 0
3591 0
3592 0
3593 0
3594 0
3595 0
3596 0
3597 0
3598 2
3599 0
3600 1
3601 1
3602 1
3603 1
3604 0
3605 0
3606 1
3607 0
3608 1
3609 1
3610 0
3611 2
3612 0
3613 1
3614 0
3615 1
3616 0
3617 0
3618 0
3619 1
3620 1
3621 1
3622 0
3623 0
3624 0
3625 0
3626 1
3627 1
3628 0
3629 2
3630 1
3631 0
3632 0
3633 1
3634 1
3635 0
3636 0
3637 0
3638 0
3639 0
3640 0
3641 1
3642 1
3643 1
3644 1
3645 2
3646 1
3647 0
3648 0
3649 0
3650 0
3651 2
3652 0
3653 0
3654 2
3655 0
3656 0
3657 0
3658 0
3659 0
3660 0
3661 1
3662 0
3663 1
3664 0
3665 0
3666 0
3667 0
3668 1
3669 0
3670 0
3671 1
3672 0
3673 0
3674 1
3675 0
3676 1
3677 0
3678 0
3679 1
3680 2
3681 0
3682 0
3683 2
3684 0
3685 0
3686 2
3687 0
3688 1
3689 0
3690 1
3691 0
3692 1
3693 0
3694 1
3695 1
3696 1
3697 1
3698 3
3699 0
3700 1
3701 1
3702 0
3703 0
3704 0
3705 1
3706 0
3707 0
3708 1
3709 1
3710 2
3711 1
3712 2
3713 2
3714 0
3715 2
3716 2
3717 3
3718 0
3719 2
3720 2
3721 3
3722 0
3723 3
3724 2
3725 3
3726 2
3727 0
3728 0
3729 2
3730 1
3731 0
3732 0
3733 5
3734 1
3735 2
3736 2
3737 1
3738 1
3739 2
3740 0
3741 1
3742 0
3743 3
3744 0
3745 2
3746 2
3747 2
3748 3
3749 1
3750 2
3751 2
3752 0
3753 2
3754 4
3755 1
3756 2
3757 1
3758 2
3759 1
3760 2
3761 1
3762 1
3763 0
3764 1
3765 1
3766 0
3767 0
3768 1
3769 1
3770 0
3771 2
3772 5
3773 2
3774 1
3775 2
3776 0
3777 1
3778 2
3779 0
3780 1
3781 1
3782 2
3783 0
3784 0
3785 1
3786 1
3787 0
3788 0
3789 0
3790 1
3791 0
3792 3
3793 0
3794 1
3795 0
3796 1
3797 2
3798 1
3799 0
3800 1
3801 3
3802 1
3803 4
3804 1
3805 2
3806 1
3807 1
3808 1
3809 2
3810 1
3811 3
3812 1
3813 1
3814 0
3815 1
3816 1
3817 5
3818 1
3819 2
3820 2
3821 0
3822 2
3823 1
3824 1
3825 2
3826 2
3827 1
3828 2
3829 1
3830 0
3831 0
3832 4
3833 1
3834 2
3835 1
3836 2
3837 1
3838 1
3839 0
3840 0
3841 2
3842 0
3843 2
3844 0
3845 1
3846 2
3847 1
3848 3
3849 2
3850 0
3851 3
3852 2
3853 3
3854 2
3855 2
3856 1
3857 2
3858 2
3859 0
3860 2
3861 1
3862 4
3863 4
3864 2
3865 0
3866 0
3867 1
3868 0
3869 4
3870 0
3871 1
3872 1
3873 1
3874 0
3875 1
3876 1
3877 2
3878 0
3879 1
3880 1
3881 2
3882 2
3883 5
3884 1
3885 1
3886 0
3887 0
3888 1
3889 1
3890 1
3891 1
3892 1
3893 1
3894 2
3895 1
3896 2
3897 0
3898 0
3899 0
3900 0
3901 1
3902 0
3903 0
3904 1
3905 2
3906 0
3907 0
3908 1
3909 0
3910 0
3911 2
3912 1
3913 1
3914 0
3915 3
3916 1
3917 1
3918 2
3919 0
3920 0
3921 2
3922 1
3923 1
3924 1
3925 2
3926 1
3927 3
3928 1
3929 2
3930 1
3931 1
3932 1
3933 0
3934 1
3935 1
3936 2
3937 1
3938 1
3939 2
3940 1
3941 1
3942 1
3943 0
3944 2
3945 0
3946 1
3947 0
3948 0
3949 1
3950 0
3951 2
3952 0
3953 1
3954 0
3955 1
3956 3
3957 1
3958 1
3959 0
3960 1
3961 0
3962 1
3963 0
3964 2
3965 1
3966 0
3967 0
3968 1
3969 1
3970 0
3971 1
3972 3
3973 1
3974 1
3975 1
3976 1
3977 0
3978 1
3979 1
3980 3
3981 1
3982 2
3983 2
3984 0
3985 2
3986 2
3987 0
3988 2
3989 0
3990 1
3991 2
3992 1
3993 2
3994 3
3995 2
3996 1
3997 0
3998 0
3999 2
4000 2
4001 1
4002 2
4003 2
4004 0
4005 0
4006 2
4007 1
4008 0
4009 0
4010 0
4011 1
4012 2
4013 0
4014 0
4015 0
4016 1
4017 1
4018 1
4019 1
4020 2
4021 0
4022 1
4023 0
4024 0
4025 3
4026 1
4027 0
4028 2
4029 1
4030 0
4031 1
4032 1
4033 1
4034 2
4035 1
4036 0
4037 0
4038 0
4039 1
4040 0
4041 0
4042 0
4043 0
4044 0
4045 0
4046 0
4047 0
4048 0
4049 0
4050 0
4051 0
4052 0
4053 0
4054 1
4055 0
4056 0
4057 0
4058 0
4059 1
4060 1
4061 1
4062 0
4063 0
4064 0
4065 0
4066 0
4067 0
4068 0
4069 0
4070 0
4071 0
4072 0
4073 0
4074 0
4075 0
4076 0
4077 1
4078 0
4079 1
4080 1
4081 1
4082 1
4083 1
4084 0
4085 0
4086 1
4087 0
4088 0
4089 1
4090 2
4091 1
4092 0
4093 0
4094 2
4095 0
4096 0
4097 2
4098 0
4099 0
4100 0
4101 0
4102 0
4103 0
4104 3
4105 1
4106 1
4107 0
4108 0
4109 1
4110 2
4111 2
4112 0
4113 1
4114 0
4115 1
4116 0
4117 0
4118 0
4119 0
4120 1
4121 1
4122 0
4123 1
4124 1
4125 2
4126 0
4127 0
4128 1
4129 1
4130 1
4131 0
4132 3
4133 1
4134 0
4135 1
4136 0
4137 3
4138 0
4139 0
4140 0
4141 0
4142 1
4143 1
4144 1
4145 0
4146 0
4147 0
4148 0
4149 0
4150 0
4151 0
4152 0
4153 2
4154 1
4155 0
4156 0
4157 0
4158 0
4159 0
4160 0
4161 1
4162 0
4163 1
4164 1
4165 1
4166 0
4167 2
4168 0
4169 1
4170 0
4171 1
4172 1
4173 0
4174 2
4175 2
4176 2
4177 2
4178 0
4179 1
4180 4
4181 2
4182 2
4183 2
4184 1
4185 0
4186 1
4187 1
4188 3
4189 0
4190 1
4191 1
4192 2
4193 2
4194 2
4195 0
4196 0
4197 0
4198 1
4199 0
4200 0
4201 0
4202 1
4203 1
4204 2
4205 1
4206 0
4207 0
4208 2
4209 0
4210 1
4211 0
4212 0
4213 0
4214 0
4215 0
4216 0
4217 2
4218 1
4219 1
4220 1
4221 1
4222 0
4223 2
4224 2
4225 3
4226 1
4227 1
4228 1
4229 2
4230 1
4231 0
4232 2
4233 0
4234 2
4235 2
4236 1
4237 1
4238 0
4239 1
4240 3
4241 2
4242 1
4243 0
4244 2
4245 2
4246 1
4247 0
4248 1
4249 2
4250 0
4251 0
4252 2
4253 2
4254 1
4255 0
4256 0
4257 2
4258 2
4259 1
4260 2
4261 1
4262 0
4263 0
4264 0
4265 1
4266 0
4267 0
4268 1
4269 0
4270 0
4271 1
4272 1
4273 1
4274 0
4275 0
4276 0
4277 0
4278 0
4279 2
4280 1
4281 1
4282 1
4283 0
4284 1
4285 0
4286 0
4287 0
4288 2
4289 1
4290 0
4291 1
4292 1
4293 0
4294 0
4295 0
4296 0
4297 1
4298 1
4299 1
4300 1
4301 0
4302 1
4303 1
4304 0
4305 0
4306 2
4307 2
4308 2
4309 1
4310 1
4311 0
4312 0
4313 1
4314 4
4315 2
4316 1
4317 2
4318 1
4319 0
4320 2
4321 1
4322 0
4323 1
4324 3
4325 1
4326 0
4327 2
4328 1
4329 0
4330 2
4331 1
4332 1
4333 1
4334 1
4335 0
4336 1
4337 1
4338 1
4339 1
4340 0
4341 1
4342 1
4343 1
4344 2
4345 1
4346 0
4347 1
4348 0
4349 0
4350 4
4351 0
4352 1
4353 0
4354 0
4355 0
4356 0
4357 2
4358 0
4359 0
4360 1
4361 2
4362 1
4363 1
4364 0
4365 0
4366 2
4367 1
4368 0
4369 3
4370 2
4371 0
4372 0
4373 0
4374 1
4375 0
4376 0
4377 2
4378 1
4379 2
4380 3
4381 3
4382 0
4383 1
4384 1
4385 1
4386 1
4387 2
4388 0
4389 0
4390 1
4391 0
4392 1
4393 0
4394 1
4395 1
4396 0
4397 0
4398 3
4399 2
4400 0
4401 1
4402 0
4403 2
4404 1
4405 1
4406 3
4407 0
4408 2
4409 2
4410 1
4411 1
4412 1
4413 1
4414 0
4415 3
4416 2
4417 1
4418 0
4419 2
4420 1
4421 0
4422 1
4423 1
4424 0
4425 1
4426 0
4427 1
4428 0
4429 2
4430 1
4431 4
4432 1
4433 1
4434 4
4435 1
4436 2
4437 2
4438 1
4439 1
4440 2
4441 2
4442 1
4443 0
4444 2
4445 1
4446 2
4447 2
4448 0
4449 3
4450 1
4451 1
4452 2
4453 1
4454 3
4455 2
4456 2
4457 1
4458 1
4459 2
4460 1
4461 1
4462 1
4463 0
4464 1
4465 1
4466 1
4467 1
4468 1
4469 1
4470 1
4471 1
4472 1
4473 0
4474 0
4475 0
4476 1
4477 1
4478 1
4479 2
4480 1
4481 0
4482 1
4483 1
4484 0
4485 0
4486 1
4487 2
4488 1
4489 1
4490 2
4491 2
4492 3
4493 1
4494 0
4495 1
4496 1
4497 1
4498 0
4499 0
4500 3
4501 2
4502 1
4503 0
4504 2
4505 1
4506 0
4507 2
4508 1
4509 1
4510 0
4511 0
4512 1
4513 1
4514 1
4515 1
4516 2
4517 2
4518 2
4519 0
4520 1
4521 1
4522 1
4523 0
4524 0
4525 3
4526 1
4527 0
4528 0
4529 0
4530 0
4531 0
4532 0
4533 0
4534 1
4535 0
4536 1
4537 1
4538 0
4539 0
4540 1
4541 2
4542 0
4543 1
4544 2
4545 1
4546 1
4547 1
4548 0
4549 0
4550 2
4551 1
4552 0
4553 1
4554 1
4555 1
4556 0
4557 0
4558 1
4559 2
4560 1
4561 3
4562 0
4563 0
4564 2
4565 1
4566 0
4567 1
4568 1
4569 0
4570 1
4571 2
4572 3
4573 0
4574 3
4575 0
4576 1
4577 3
4578 3
4579 0
4580 1
4581 1
4582 0
4583 2
4584 1
4585 0
4586 0
4587 2
4588 1
4589 0
4590 0
4591 0
4592 3
4593 0
4594 1
4595 3
4596 2
4597 0
4598 2
4599 2
4600 1
4601 1
4602 0
4603 2
4604 0
4605 2
4606 3
4607 2
4608 2
4609 3
4610 2
4611 1
4612 1
4613 1
4614 2
4615 3
4616 1
4617 1
4618 0
4619 2
4620 3
4621 2
4622 0
4623 2
4624 0
4625 2
4626 0
4627 1
4628 1
4629 2
4630 1
4631 0
4632 1
4633 1
4634 0
4635 2
4636 0
4637 0
4638 1
4639 0
4640 0
4641 1
4642 0
4643 1
4644 1
4645 0
4646 3
4647 2
4648 2
4649 1
4650 2
4651 2
4652 1
4653 1
4654 3
4655 1
4656 2
4657 1
4658 1
4659 0
4660 2
4661 5
4662 1
4663 0
4664 2
4665 2
4666 0
4667 3
4668 2
4669 1
4670 1
4671 1
4672 2
4673 0
4674 1
4675 1
4676 0
4677 0
4678 1
4679 1
4680 1
4681 0
4682 1
4683 2
4684 0
4685 0
4686 0
4687 2
4688 0
4689 0
4690 1
4691 1
4692 1
4693 0
4694 0
4695 0
4696 0
4697 2
4698 1
4699 1
4700 1
4701 0
4702 0
4703 3
4704 2
4705 1
4706 2
4707 1
4708 1
4709 0
4710 1
4711 1
4712 0
4713 0
4714 0
4715 3
4716 3
4717 1
4718 0
4719 2
4720 2
4721 1
4722 1
4723 0
4724 0
4725 0
4726 0
4727 0
4728 0
4729 0
4730 1
4731 2
4732 1
4733 0
4734 1
4735 2
4736 3
4737 1
4738 0
4739 1
4740 0
4741 0
4742 0
4743 0
4744 2
4745 1
4746 0
4747 1
4748 1
4749 1
4750 0
4751 0
4752 1
4753 1
4754 0
4755 0
4756 0
4757 1
4758 2
4759 0
4760 1
4761 1
4762 2
4763 0
4764 0
4765 1
4766 0
4767 2
4768 1
4769 0
4770 1
4771 0
4772 1
4773 0
4774 0
4775 1
4776 3
4777 0
4778 0
4779 1
4780 0
4781 0
4782 1
4783 1
4784 1
4785 1
4786 1
4787 1
4788 0
4789 0
4790 0
4791 1
4792 1
4793 0
4794 0
4795 0
4796 1
4797 0
4798 0
4799 2
4800 2
4801 1
4802 0
4803 2
4804 0
4805 0
4806 1
4807 0
4808 0
4809 0
4810 0
4811 0
4812 0
4813 0
4814 0
4815 1
4816 0
4817 2
4818 0
4819 2
4820 0
4821 0
4822 1
4823 0
4824 0
4825 1
4826 0
4827 1
4828 0
4829 1
4830 0
4831 0
4832 1
4833 0
4834 1
4835 1
4836 0
4837 0
4838 0
4839 0
4840 0
4841 0
4842 2
4843 0
4844 1
4845 1
4846 0
4847 1
4848 2
4849 1
4850 1
4851 0
4852 1
4853 0
4854 1
4855 0
4856 0
4857 1
4858 2
4859 0
4860 1
4861 2
4862 0
4863 1
4864 3
4865 1
4866 1
4867 1
4868 1
4869 3
4870 2
4871 0
4872 1
4873 1
4874 0
4875 2
4876 1
4877 1
4878 4
4879 2
4880 0
4881 3
4882 1
4883 1
4884 1
4885 1
4886 2
4887 1
4888 1
4889 3
4890 0
4891 2
4892 0
4893 1
4894 3
4895 1
4896 1
4897 0
4898 0
4899 0
4900 3
4901 1
4902 2
4903 2
4904 1
4905 1
4906 1
4907 3
4908 1
4909 1
4910 0
4911 1
4912 1
4913 2
4914 1
4915 2
4916 1
4917 1
4918 1
4919 1
4920 3
4921 1
4922 2
4923 0
4924 1
4925 1
4926 0
4927 3
4928 1
4929 1
4930 0
4931 0
4932 1
4933 2
4934 1
4935 4
4936 1
4937 1
4938 1
4939 2
4940 2
4941 1
4942 3
4943 0
4944 3
4945 1
4946 0
4947 2
4948 2
4949 1
4950 2
4951 1
4952 0
4953 2
4954 3
4955 0
4956 2
4957 2
4958 1
4959 3
4960 2
4961 3
4962 4
4963 1
4964 2
4965 2
4966 1
4967 3
4968 1
4969 1
4970 1
4971 0
4972 0
4973 0
4974 2
4975 0
4976 0
4977 0
4978 0
4979 0
4980 2
4981 1
4982 1
4983 0
4984 0
4985 0
4986 0
4987 0
4988 2
4989 3
4990 0
4991 3
4992 2
4993 0
4994 1
4995 1
4996 1
4997 2
4998 1
4999 1
5000 1
5001 1
5002 0
5003 0
5004 0
5005 0
5006 1
5007 1
5008 2
5009 1
5010 0
5011 1
5012 0
5013 1
5014 1
5015 3
5016 2
5017 1
5018 1
5019 0
5020 2
5021 3
5022 0
5023 0
5024 0
5025 0
5026 0
5027 1
5028 1
5029 0
5030 0
5031 1
5032 3
5033 2
5034 1
5035 1
5036 1
5037 2
5038 0
5039 3
5040 1
5041 1
5042 3
5043 1
5044 1
5045 2
5046 2
5047 2
5048 0
5049 1
5050 1
5051 3
5052 1
5053 2
5054 1
5055 1
5056 2
5057 3
5058 6
5059 1
5060 0
5061 2
5062 0
5063 1
5064 2
5065 2
5066 0
5067 1
5068 3
5069 1
5070 3
5071 0
5072 4
5073 2
5074 2
5075 1
5076 1
5077 0
5078 2
5079 3
5080 2
5081 2
5082 2
5083 0
5084 5
5085 4
5086 1
5087 2
5088 0
5089 4
5090 1
5091 1
5092 4
5093 2
5094 1
5095 4
5096 2
5097 0
5098 1
5099 1
5100 0
5101 0
5102 0
5103 0
5104 1
5105 1
5106 4
5107 0
5108 1
5109 0
5110 0
5111 1
5112 1
5113 1
5114 2
5115 1
5116 1
5117 1
5118 2
5119 2
5120 0
5121 1
5122 1
5123 2
5124 0
5125 1
5126 0
5127 2
5128 1
5129 1
5130 1
5131 0
5132 2
5133 1
5134 2
5135 2
5136 0
5137 1
5138 0
5139 0
5140 0
5141 0
5142 1
5143 2
5144 0
5145 0
5146 2
5147 1
5148 1
5149 2
5150 0
5151 0
5152 0
5153 0
5154 1
5155 1
5156 1
5157 1
5158 0
5159 0
5160 0
5161 0
5162 0
5163 0
5164 0
5165 0
5166 0
5167 1
5168 0
5169 1
5170 0
5171 0
5172 1
5173 0
5174 1
5175 1
5176 1
5177 1
5178 1
5179 1
5180 2
5181 1
5182 0
5183 0
5184 1
5185 0
5186 0
5187 1
5188 2
5189 2
5190 1
5191 1
5192 1
5193 0
5194 0
5195 1
5196 1
5197 0
5198 0
5199 0
5200 0
5201 0
5202 1
5203 1
5204 2
5205 0
5206 0
5207 0
5208 0
5209 0
5210 1
5211 0
5212 1
5213 0
5214 2
5215 1
5216 1
5217 0
5218 1
5219 1
5220 1
5221 1
5222 1
5223 1
5224 0
5225 1
5226 0
5227 1
5228 1
5229 2
5230 0
5231 0
5232 0
5233 2
5234 0
5235 2
5236 1
5237 0
5238 0
5239 3
5240 0
5241 0
5242 0
5243 1
5244 0
5245 1
5246 1
5247 1
5248 0
5249 2
5250 1
5251 0
5252 0
5253 1
5254 1
5255 0
5256 1
5257 1
5258 0
5259 1
5260 0
5261 0
5262 1
5263 0
5264 0
5265 0
5266 0
5267 0
5268 0
5269 0
5270 0
5271 0
5272 0
5273 0
5274 1
5275 0
5276 0
5277 1
5278 0
5279 0
5280 0
5281 0
5282 0
5283 0
5284 0
5285 0
5286 0
5287 0
5288 2
5289 0
5290 1
5291 1
5292 0
5293 0
5294 0
5295 0
5296 0
5297 2
5298 1
5299 1
5300 0
5301 0
5302 1
5303 0
5304 0
5305 0
5306 0
5307 0
5308 1
5309 0
5310 0
5311 0
5312 0
5313 0
5314 0
5315 0
5316 0
5317 1
5318 0
5319 0
5320 1
5321 0
5322 1
5323 1
5324 0
5325 1
5326 1
5327 1
5328 2
5329 0
5330 0
5331 2
5332 2
5333 0
5334 1
5335 0
5336 1
5337 1
5338 1
5339 0
5340 0
5341 0
5342 1
5343 0
5344 0
5345 0
5346 1
5347 0
5348 0
5349 0
5350 0
5351 0
5352 0
5353 1
5354 1
5355 0
5356 1
5357 0
5358 1
5359 0
5360 0
5361 0
5362 0
5363 0
5364 1
5365 1
5366 1
5367 0
5368 0
5369 0
5370 0
5371 0
5372 1
5373 1
5374 0
5375 0
5376 0
5377 1
5378 1
5379 1
5380 1
5381 0
5382 0
5383 1
5384 0
5385 1
5386 1
5387 1
5388 0
5389 0
5390 1
5391 0
5392 1
5393 2
5394 0
5395 0
5396 0
5397 1
5398 0
5399 1
5400 1
5401 1
5402 1
5403 1
5404 1
5405 2
5406 1
5407 2
5408 2
5409 1
5410 1
5411 1
5412 1
5413 3
5414 0
5415 0
5416 1
5417 1
5418 2
5419 2
5420 2
5421 1
5422 1
5423 1
5424 1
5425 0
5426 1
5427 2
5428 0
5429 0
5430 1
5431 0
5432 0
5433 1
5434 1
5435 0
5436 0
5437 0
5438 1
5439 1
5440 0
5441 1
5442 0
5443 1
5444 0
5445 0
5446 1
5447 1
5448 0
5449 0
5450 1
5451 1
5452 1
5453 1
5454 0
5455 1
5456 0
5457 1
5458 0
5459 1
5460 0
5461 0
5462 2
5463 0
5464 0
5465 0
5466 1
5467 1
5468 1
5469 1
5470 0
5471 0
5472 2
5473 1
5474 2
5475 0
5476 1
5477 2
5478 0
5479 1
5480 1
5481 0
5482 1
5483 0
5484 0
5485 1
5486 0
5487 0
5488 1
5489 0
5490 0
5491 0
5492 0
5493 1
5494 0
5495 1
5496 1
5497 1
5498 1
5499 1
5500 0
5501 1
5502 3
5503 1
5504 1
5505 0
5506 0
5507 1
5508 1
5509 0
5510 1
5511 1
5512 0
5513 1
5514 2
5515 1
5516 1
5517 0
5518 0
5519 1
5520 2
5521 1
5522 1
5523 1
5524 0
5525 2
5526 2
5527 0
5528 2
5529 0
5530 2
5531 1
5532 0
5533 0
5534 1
5535 1
5536 0
5537 0
5538 2
5539 0
5540 1
5541 1
5542 3
5543 1
5544 0
5545 0
5546 1
5547 1
5548 0
5549 0
5550 0
5551 0
5552 0
5553 0
5554 0
5555 0
5556 1
5557 1
5558 1
5559 1
5560 1
5561 1
5562 1
5563 0
5564 1
5565 0
5566 1
5567 0
5568 1
5569 0
5570 0
5571 0
5572 0
5573 0
5574 0
5575 0
5576 0
5577 1
5578 0
5579 0
5580 1
5581 0
5582 1
5583 2
5584 1
5585 0
5586 1
5587 2
5588 0
5589 1
5590 0
5591 0
5592 0
5593 0
5594 0
5595 1
5596 0
5597 0
5598 0
5599 1
5600 2
5601 3
5602 1
5603 0
5604 1
5605 2
5606 1
5607 2
5608 2
5609 0
5610 1
5611 0
5612 1
5613 0
5614 1
5615 0
5616 1
5617 1
5618 1
5619 0
5620 4
5621 1
5622 0
5623 1
5624 1
5625 0
5626 0
5627 0
5628 0
5629 2
5630 0
5631 0
5632 1
5633 0
5634 0
5635 1
5636 1
5637 1
5638 0
5639 2
5640 2
5641 0
5642 0
5643 0
5644 0
5645 0
5646 0
5647 0
5648 0
5649 1
5650 0
5651 1
5652 0
5653 0
5654 1
5655 0
5656 0
5657 0
5658 0
5659 1
5660 1
5661 0
5662 2
5663 1
5664 0
5665 0
5666 2
5667 1
5668 0
5669 0
5670 3
5671 1
5672 1
5673 0
5674 1
5675 0
5676 0
5677 0
5678 0
5679 1
5680 1
5681 0
5682 0
5683 2
5684 1
5685 1
5686 1
5687 1
5688 2
5689 3
5690 2
5691 2
5692 1
5693 1
5694 2
5695 1
5696 2
5697 0
5698 0
5699 2
5700 1
5701 0
5702 1
5703 1
5704 0
5705 0
5706 0
5707 0
5708 2
5709 1
5710 0
5711 0
5712 0
5713 2
5714 1
5715 1
5716 1
5717 2
5718 2
5719 1
5720 3
5721 2
5722 1
5723 1
5724 3
5725 2
5726 1
5727 0
5728 0
5729 0
5730 0
5731 0
5732 0
5733 0
5734 1
5735 0
5736 1
5737 0
5738 1
5739 1
5740 0
5741 1
5742 1
5743 2
5744 0
5745 1
5746 0
5747 1
5748 1
5749 0
5750 0
5751 1
5752 0
5753 1
5754 1
5755 1
5756 0
5757 1
5758 0
5759 0
5760 0
5761 2
5762 1
5763 0
5764 0
5765 1
5766 1
5767 0
5768 0
5769 2
5770 1
5771 1
5772 1
5773 1
5774 0
5775 3
5776 1
5777 2
5778 1
5779 1
5780 2
5781 1
5782 4
5783 0
5784 0
5785 4
5786 0
5787 0
5788 2
5789 0
5790 2
5791 2
5792 0
5793 0
5794 2
5795 0
5796 1
5797 0
5798 0
5799 1
5800 1
5801 0
5802 0
5803 0
5804 1
5805 0
5806 3
5807 1
5808 1
5809 0
5810 0
5811 2
5812 2
5813 1
5814 2
5815 2
5816 2
5817 2
5818 0
5819 1
5820 2
5821 0
5822 1
5823 0
5824 0
5825 0
5826 1
5827 1
5828 1
5829 1
5830 1
5831 2
5832 0
5833 3
5834 1
5835 0
5836 1
5837 1
5838 1
5839 0
5840 0
5841 0
5842 1
5843 1
5844 2
5845 0
5846 0
5847 0
5848 2
5849 2
5850 0
5851 1
5852 5
5853 0
5854 2
5855 2
5856 2
5857 3
5858 0
5859 4
5860 2
5861 0
5862 1
5863 0
5864 1
5865 1
5866 1
5867 1
5868 0
5869 1
5870 1
5871 0
5872 0
5873 1
5874 0
5875 4
5876 1
5877 1
5878 2
5879 2
5880 0
5881 4
5882 1
5883 1
5884 1
5885 4
5886 0
5887 0
5888 0
5889 3
5890 3
5891 0
5892 0
5893 0
5894 2
5895 0
5896 1
5897 1
5898 2
5899 1
5900 2
5901 2
5902 1
5903 1
5904 1
5905 1
5906 3
5907 1
5908 1
5909 2
5910 1
5911 3
5912 0
5913 3
5914 0
5915 0
5916 2
5917 0
5918 0
5919 1
5920 0
5921 0
5922 1
5923 1
5924 1
5925 1
5926 0
5927 2
5928 0
5929 1
5930 1
5931 2
5932 2
5933 2
5934 1
5935 2
5936 1
5937 1
5938 0
5939 1
5940 4
5941 2
5942 1
5943 2
5944 1
5945 0
5946 0
5947 1
5948 1
5949 1
5950 1
5951 2
5952 0
5953 2
5954 4
5955 2
5956 0
5957 0
5958 2
5959 2
5960 1
5961 0
5962 0
5963 1
5964 2
5965 2
5966 1
5967 2
5968 1
5969 5
5970 2
5971 0
5972 1
5973 3
5974 2
5975 0
5976 4
5977 1
5978 2
5979 3
5980 0
5981 2
5982 2
5983 3
5984 2
5985 2
5986 2
5987 0
5988 1
5989 1
5990 1
5991 3
5992 2
5993 1
5994 0
5995 0
5996 2
5997 0
5998 2
5999 2
6000 1
6001 1
6002 0
6003 1
6004 0
6005 0
6006 0
6007 2
6008 1
6009 0
6010 2
6011 1
6012 1
6013 1
6014 2
6015 1
6016 2
6017 2
6018 1
6019 1
6020 1
6021 2
6022 0
6023 4
6024 0
6025 1
6026 1
6027 0
6028 1
6029 1
6030 0
6031 1
6032 0
6033 0
6034 1
6035 1
6036 0
6037 1
6038 2
6039 0
6040 0
6041 1
6042 1
6043 3
6044 0
6045 1
6046 1
6047 0
6048 2
6049 0
6050 1
6051 2
6052 1
6053 0
6054 1
6055 0
6056 0
6057 0
6058 0
6059 1
6060 3
6061 2
6062 1
6063 1
6064 2
6065 2
6066 0
6067 2
6068 2
6069 2
6070 1
6071 1
6072 2
6073 0
6074 0
6075 0
6076 2
6077 0
6078 0
6079 1
6080 0
6081 0
6082 1
6083 0
6084 0
6085 1
6086 0
6087 0
6088 0
6089 1
6090 1
6091 0
6092 0
6093 2
6094 0
6095 1
6096 1
6097 0
6098 1
6099 1
6100 2
6101 1
6102 0
6103 0
6104 1
6105 0
6106 1
6107 1
6108 0
6109 0
6110 1
6111 0
6112 2
6113 4
6114 2
6115 1
6116 1
6117 1
6118 3
6119 1
6120 1
6121 1
6122 0
6123 1
6124 1
6125 1
6126 1
6127 1
6128 3
6129 0
6130 1
6131 0
6132 0
6133 1
6134 0
6135 3
6136 4
6137 1
6138 1
6139 3
6140 3
6141 1
6142 2
6143 1
6144 0
6145 0
6146 2
6147 2
6148 0
6149 2
6150 1
6151 0
6152 1
6153 1
6154 1
6155 1
6156 1
6157 0
6158 3
6159 2
6160 1
6161 1
6162 0
6163 1
6164 0
6165 0
6166 1
6167 3
6168 2
6169 0
6170 1
6171 1
6172 2
6173 0
6174 2
6175 4
6176 1
6177 1
6178 0
6179 3
6180 1
6181 0
6182 0
6183 1
6184 0
6185 0
6186 1
6187 0
6188 0
6189 0
6190 1
6191 2
6192 1
6193 0
6194 0
6195 0
6196 1
6197 1
6198 1
6199 1
6200 0
6201 2
6202 1
6203 0
6204 1
6205 0
6206 0
6207 0
6208 1
6209 1
6210 1
6211 2
6212 1
6213 2
6214 2
6215 3
6216 2
6217 0
6218 2
6219 2
6220 1
6221 0
6222 1
6223 0
6224 2
6225 0
6226 1
6227 1
6228 1
6229 1
6230 2
6231 1
6232 3
6233 0
6234 0
6235 1
6236 0
6237 0
6238 0
6239 1
6240 1
6241 0
6242 1
6243 1
6244 1
6245 1
6246 0
6247 2
6248 1
6249 1
6250 1
6251 1
6252 2
6253 2
6254 1
6255 0
6256 0
6257 0
6258 1
6259 0
6260 0
6261 2
6262 0
6263 0
6264 1
6265 1
6266 1
6267 1
6268 0
6269 1
6270 1
6271 0
6272 1
6273 1
6274 0
6275 0
6276 1
6277 1
6278 1
6279 1
6280 0
6281 0
6282 1
6283 2
6284 1
6285 0
6286 0
6287 1
6288 0
6289 0
6290 0
6291 0
6292 1
6293 0
6294 0
6295 0
6296 1
6297 0
6298 0
6299 1
6300 0
6301 0
6302 0
6303 1
6304 1
6305 1
6306 0
6307 0
6308 0
6309 0
6310 1
6311 1
6312 1
6313 0
6314 1
6315 1
6316 0
6317 0
6318 0
6319 1
6320 1
6321 0
6322 0
6323 0
6324 0
6325 0
6326 3
6327 2
6328 2
6329 2
6330 1
6331 0
6332 0
6333 1
6334 1
6335 0
6336 0
6337 1
6338 0
6339 1
6340 1
6341 1
6342 1
6343 0
6344 1
6345 0
6346 1
6347 0
6348 1
6349 1
6350 1
6351 0
6352 2
6353 2
6354 1
6355 1
6356 3
6357 0
6358 0
6359 1
6360 1
6361 1
6362 1
6363 0
6364 1
6365 1
6366 2
6367 0
6368 0
6369 1
6370 0
6371 1
6372 2
6373 0
6374 0
6375 0
6376 0
6377 0
6378 0
6379 1
6380 0
6381 0
6382 1
6383 0
6384 0
6385 0
6386 0
6387 0
6388 0
6389 1
6390 0
6391 0
6392 0
6393 2
6394 1
6395 1
6396 0
6397 0
6398 0
6399 1
6400 1
6401 0
6402 1
6403 1
6404 1
6405 0
6406 1
6407 0
6408 1
6409 1
6410 1
6411 1
6412 0
6413 0
6414 0
6415 0
6416 0
6417 1
6418 1
6419 0
6420 0
6421 1
6422 0
6423 0
6424 0
6425 1
6426 1
6427 0
6428 0
6429 0
6430 0
6431 0
6432 1
6433 2
6434 1
6435 0
6436 0
6437 1
6438 0
6439 1
6440 0
6441 0
6442 0
6443 0
6444 0
6445 0
6446 2
6447 0
6448 0
6449 0
6450 0
6451 0
6452 0
6453 0
6454 0
6455 0
6456 0
6457 1
6458 1
6459 1
6460 1
6461 0
6462 1
6463 0
6464 0
6465 1
6466 1
6467 0
6468 0
6469 1
6470 1
6471 0
6472 1
6473 0
6474 0
6475 0
6476 0
6477 0
6478 1
6479 1
6480 0
6481 1
6482 0
6483 0
6484 1
6485 0
6486 0
6487 0
6488 0
6489 0
6490 0
6491 1
6492 1
6493 0
6494 0
6495 0
6496 0
6497 0
6498 0
6499 1
6500 0
6501 0
6502 0
6503 0
6504 0
6505 1
6506 0
6507 0
6508 0
6509 0
6510 0
6511 1
6512 1
6513 0
6514 0
6515 0
6516 0
6517 0
6518 0
6519 0
6520 1
6521 1
6522 0
6523 0
6524 1
6525 0
6526 2
6527 0
6528 0
6529 0
6530 0
6531 0
6532 0
6533 0
6534 0
6535 0
6536 1
6537 0
6538 0
6539 0
6540 0
6541 0
6542 0
6543 1
6544 1
6545 2
6546 0
6547 0
6548 0
6549 0
6550 0
6551 0
6552 0
6553 0
6554 0
6555 0
6556 0
6557 0
6558 0
6559 0
6560 0
6561 0
6562 0
6563 0
6564 0
6565 0
6566 0
6567 2
6568 1
6569 0
6570 1
6571 0
6572 1
6573 0
6574 0
6575 1
6576 1
6577 1
6578 1
6579 2
6580 1
6581 0
6582 1
6583 2
6584 2
6585 3
6586 1
6587 1
6588 1
6589 0
6590 1
6591 1
6592 0
6593 1
6594 0
6595 0
6596 0
6597 0
6598 1
6599 0
6600 1
6601 1
6602 0
6603 2
6604 0
6605 2
6606 1
6607 2
6608 1
6609 0
6610 0
6611 1
6612 0
6613 2
6614 0
6615 0
6616 2
6617 0
6618 0
6619 2
6620 2
6621 0
6622 1
6623 2
6624 0
6625 1
6626 1
6627 1
6628 2
6629 1
6630 0
6631 0
6632 0
6633 0
6634 1
6635 0
6636 2
6637 1
6638 1
6639 0
6640 1
6641 2
6642 2
6643 0
6644 2
6645 0
6646 1
6647 3
6648 2
6649 3
6650 3
6651 1
6652 1
6653 2
6654 0
6655 2
6656 1
6657 3
6658 2
6659 2
6660 1
6661 0
6662 0
6663 2
6664 1
6665 1
6666 2
6667 3
6668 1
6669 1
6670 0
6671 0
6672 0
6673 2
6674 3
6675 1
6676 1
6677 1
6678 0
6679 1
6680 3
6681 0
6682 0
6683 2
6684 3
6685 2
6686 1
6687 4
6688 1
6689 0
6690 0
6691 2
6692 1
6693 1
6694 1
6695 0
6696 1
6697 3
6698 0
6699 1
6700 0
6701 2
6702 0
6703 2
6704 2
6705 1
6706 0
6707 2
6708 2
6709 1
6710 0
6711 1
6712 0
6713 0
6714 2
6715 1
6716 1
6717 1
6718 4
6719 2
6720 1
6721 0
6722 1
6723 1
6724 0
6725 0
6726 2
6727 2
6728 1
6729 5
6730 3
6731 3
6732 2
6733 2
6734 1
6735 3
6736 2
6737 4
6738 2
6739 1
6740 1
6741 0
6742 1
6743 4
6744 2
6745 1
6746 1
6747 1
6748 0
6749 3
6750 0
6751 2
6752 2
6753 1
6754 2
6755 3
6756 0
6757 2
6758 0
6759 2
6760 1
6761 1
6762 1
6763 2
6764 1
6765 3
6766 2
6767 3
6768 1
6769 2
6770 4
6771 3
6772 4
6773 1
6774 2
6775 3
6776 0
6777 2
6778 1
6779 0
6780 3
6781 1
6782 1
6783 2
6784 1
6785 1
6786 3
6787 3
6788 0
6789 2
6790 0
6791 1
6792 1
6793 0
6794 1
6795 3
6796 2
6797 4
6798 0
6799 6
6800 1
6801 2
6802 4
6803 2
6804 1
6805 1
6806 3
6807 0
6808 0
6809 1
6810 2
6811 0
6812 2
6813 0
6814 3
6815 2
6816 0
6817 1
6818 1
6819 2
6820 0
6821 1
6822 2
6823 2
6824 2
6825 1
6826 2
6827 2
6828 3
6829 1
6830 4
6831 3
6832 4
6833 0
6834 2
6835 4
6836 3
6837 2
6838 2
6839 4
6840 1
6841 2
6842 1
6843 1
6844 1
6845 2
6846 1
6847 3
6848 2
6849 2
6850 5
6851 1
6852 2
6853 2
6854 2
6855 2
6856 1
6857 2
6858 1
6859 0
6860 2
6861 1
6862 2
6863 1
6864 4
6865 0
6866 2
6867 2
6868 2
6869 1
6870 1
6871 1
6872 2
6873 1
6874 2
6875 1
6876 1
6877 0
6878 1
6879 2
6880 0
6881 1
6882 1
6883 1
6884 2
6885 0
6886 0
6887 3
6888 2
6889 2
6890 2
6891 4
6892 1
6893 0
6894 2
6895 1
6896 1
6897 0
6898 2
6899 2
6900 2
6901 2
6902 2
6903 0
6904 0
6905 0
6906 3
6907 2
6908 3
6909 2
6910 1
6911 1
6912 2
6913 1
6914 1
6915 0
6916 5
6917 1
6918 1
6919 4
6920 2
6921 2
6922 1
6923 0
6924 1
6925 2
6926 2
6927 1
6928 1
6929 1
6930 1
6931 4
6932 2
6933 1
6934 2
6935 0
6936 0
6937 0
6938 4
6939 3
6940 4
6941 1
6942 0
6943 1
6944 1
6945 4
6946 2
6947 4
6948 2
6949 1
6950 1
6951 2
6952 0
6953 2
6954 1
6955 3
6956 1
6957 1
6958 2
6959 2
6960 3
6961 3
6962 1
6963 1
6964 1
6965 2
6966 1
6967 0
6968 2
6969 2
6970 0
6971 3
6972 2
6973 2
6974 1
6975 0
6976 1
6977 1
6978 2
6979 1
6980 0
6981 1
6982 0
6983 3
6984 2
6985 0
6986 0
6987 1
6988 2
6989 0
6990 0
6991 1
6992 1
6993 1
6994 0
6995 2
6996 2
6997 1
6998 1
6999 0
7000 1
7001 0
7002 2
7003 1
7004 0
7005 1
7006 0
7007 0
7008 0
7009 1
7010 0
7011 2
7012 1
7013 0
7014 0
7015 0
7016 0
7017 0
7018 0
7019 1
7020 0
7021 1
7022 0
7023 0
7024 1
7025 0
7026 0
7027 1
7028 0
7029 2
7030 0
7031 1
7032 0
7033 2
7034 1
7035 0
7036 1
7037 0
7038 0
7039 0
7040 2
7041 1
7042 2
7043 0
7044 0
7045 2
7046 2
7047 2
7048 1
7049 0
7050 2
7051 1
7052 1
7053 2
7054 1
7055 1
7056 1
7057 1
7058 0
7059 1
7060 1
7061 1
7062 0
7063 0
7064 0
7065 0
7066 1
7067 1
7068 1
7069 1
7070 1
7071 0
7072 0
7073 1
7074 0
7075 2
7076 0
7077 0
7078 1
7079 1
7080 1
7081 1
7082 2
7083 1
7084 1
7085 2
7086 0
7087 0
7088 1
7089 0
7090 3
7091 0
7092 1
7093 0
7094 0
7095 1
7096 0
7097 0
7098 1
7099 0
7100 0
7101 0
7102 0
7103 0
7104 0
7105 0
7106 0
7107 0
7108 0
7109 0
7110 2
7111 0
7112 2
7113 0
7114 1
7115 0
7116 1
7117 0
7118 1
7119 2
7120 0
7121 1
7122 0
7123 0
7124 0
7125 0
7126 1
7127 3
7128 0
7129 1
7130 1
7131 3
7132 1
7133 2
7134 0
7135 1
7136 1
7137 0
7138 2
7139 2
7140 0
7141 0
7142 0
7143 2
7144 0
7145 3
7146 0
7147 3
7148 1
7149 1
7150 2
7151 1
7152 0
7153 1
7154 0
7155 0
7156 2
7157 1
7158 0
7159 1
7160 1
7161 0
7162 0
7163 2
7164 1
7165 1
7166 0
7167 0
7168 0
7169 0
7170 2
7171 2
7172 2
7173 0
7174 1
7175 2
7176 0
7177 3
7178 1
7179 1
7180 0
7181 2
7182 3
7183 2
7184 2
7185 2
7186 2
7187 1
7188 4
7189 0
7190 2
7191 0
7192 1
7193 1
7194 2
7195 1
7196 0
7197 2
7198 1
7199 2
7200 1
7201 1
7202 2
7203 3
7204 2
7205 0
7206 0
7207 1
7208 0
7209 1
7210 1
7211 0
7212 1
7213 0
7214 0
7215 1
7216 1
7217 1
7218 0
7219 1
7220 1
7221 3
7222 2
7223 3
7224 1
7225 2
7226 2
7227 2
7228 1
7229 1
7230 2
7231 1
7232 1
7233 3
7234 1
7235 4
7236 1
7237 2
7238 2
7239 2
7240 3
7241 2
7242 2
7243 1
7244 1
7245 1
7246 3
7247 4
7248 1
7249 0
7250 2
7251 1
7252 1
7253 2
7254 0
7255 1
7256 0
7257 0
7258 2
7259 1
7260 1
7261 1
7262 0
7263 0
7264 0
7265 0
7266 2
7267 0
7268 1
7269 0
7270 0
7271 0
7272 1
7273 0
7274 1
7275 1
7276 0
7277 0
7278 0
7279 0
7280 1
7281 0
7282 0
7283 1
7284 0
7285 1
7286 0
7287 1
7288 0
7289 0
7290 1
7291 0
7292 0
7293 0
7294 1
7295 0
7296 0
7297 0
7298 0
7299 1
7300 1
7301 1
7302 0
7303 1
7304 0
7305 0
7306 0
7307 0
7308 0
7309 0
7310 0
7311 1
7312 2
7313 0
7314 1
7315 0
7316 0
7317 1
7318 1
7319 1
7320 1
7321 1
7322 1
7323 1
7324 1
7325 2
7326 2
7327 1
7328 0
7329 0
7330 0
7331 2
7332 2
7333 1
7334 1
7335 0
7336 1
7337 1
7338 3
7339 2
7340 0
7341 1
7342 2
7343 0
7344 1
7345 0
7346 3
7347 1
7348 3
7349 2
7350 1
7351 0
7352 1
7353 1
7354 1
7355 1
7356 1
7357 0
7358 0
7359 0
7360 1
7361 2
7362 2
7363 2
7364 2
7365 0
7366 2
7367 1
7368 2
7369 1
7370 1
7371 1
7372 1
7373 1
7374 0
7375 0
7376 1
7377 2
7378 1
7379 1
7380 2
7381 0
7382 0
7383 0
7384 0
7385 1
7386 1
7387 0
7388 0
7389 0
7390 1
7391 1
7392 0
7393 0
7394 1
7395 2
7396 0
7397 0
7398 0
7399 1
7400 1
7401 1
7402 1
7403 1
7404 2
7405 2
7406 2
7407 1
7408 2
7409 0
7410 1
7411 1
7412 3
7413 0
7414 1
7415 0
7416 1
7417 2
7418 0
7419 0
7420 1
7421 0
7422 0
7423 2
7424 2
7425 1
7426 0
7427 1
7428 2
7429 4
7430 0
7431 1
7432 0
7433 1
7434 2
7435 3
7436 1
7437 2
7438 3
7439 1
7440 2
7441 2
7442 1
7443 2
7444 4
7445 1
7446 2
7447 3
7448 1
7449 3
7450 2
7451 0
7452 0
7453 3
7454 0
7455 1
7456 1
7457 2
7458 1
7459 1
7460 1
7461 1
7462 0
7463 1
7464 0
7465 2
7466 1
7467 0
7468 1
7469 0
7470 1
7471 2
7472 0
7473 0
7474 1
7475 1
7476 1
7477 0
7478 1
7479 1
7480 2
7481 0
7482 3
7483 0
7484 1
7485 0
7486 0
7487 2
7488 1
7489 1
7490 2
7491 0
7492 0
7493 0
7494 1
7495 1
7496 1
7497 0
7498 2
7499 2
7500 1
7501 3
7502 1
7503 2
7504 0
7505 1
7506 2
7507 3
7508 2
7509 1
7510 3
7511 1
7512 4
7513 1
7514 1
7515 1
7516 2
7517 3
7518 3
7519 1
7520 2
7521 3
7522 2
7523 2
7524 1
7525 3
7526 3
7527 0
7528 1
7529 1
7530 2
7531 3
7532 3
7533 1
7534 3
7535 1
7536 3
7537 3
7538 1
7539 0
7540 0
7541 1
7542 3
7543 1
7544 0
7545 1
7546 2
7547 0
7548 0
7549 2
7550 1
7551 0
7552 2
7553 1
7554 2
7555 1
7556 2
7557 1
7558 1
7559 2
7560 1
7561 0
7562 2
7563 0
7564 0
7565 2
7566 0
7567 0
7568 1
7569 1
7570 2
7571 0
7572 0
7573 1
7574 1
7575 0
7576 1
7577 1
7578 0
7579 0
7580 0
7581 0
7582 3
7583 1
7584 1
7585 2
7586 1
7587 1
7588 1
7589 2
7590 0
7591 0
7592 1
7593 0
7594 1
7595 1
7596 1
7597 1
7598 1
7599 2
7600 3
7601 3
7602 1
7603 3
7604 2
7605 0
7606 0
7607 1
7608 1
7609 0
7610 2
7611 1
7612 1
7613 2
7614 0
7615 0
7616 0
7617 1
7618 2
7619 1
7620 0
7621 1
7622 1
7623 1
7624 1
7625 2
7626 0
7627 1
7628 1
7629 0
7630 0
7631 0
7632 0
7633 0
7634 2
7635 1
7636 2
7637 1
7638 2
7639 1
7640 0
7641 0
7642 1
7643 0
7644 0
7645 0
7646 0
7647 0
7648 1
7649 1
7650 0
7651 0
7652 1
7653 2
7654 0
7655 0
7656 1
7657 0
7658 0
7659 0
7660 2
7661 1
7662 4
7663 0
7664 1
7665 1
7666 0
7667 0
7668 1
7669 0
7670 0
7671 2
7672 0
7673 1
7674 1
7675 0
7676 3
7677 0
7678 1
7679 1
7680 0
7681 1
7682 1
7683 0
7684 0
7685 2
7686 1
7687 2
7688 1
7689 4
7690 1
7691 1
7692 1
7693 3
7694 0
7695 0
7696 2
7697 1
7698 1
7699 1
7700 0
7701 1
7702 1
7703 0
7704 0
7705 0
7706 0
7707 0
7708 0
7709 2
7710 0
7711 2
7712 1
7713 1
7714 0
7715 1
7716 1
7717 0
7718 0
7719 0
7720 0
7721 1
7722 0
7723 1
7724 1
7725 1
7726 1
7727 0
7728 1
7729 2
7730 1
7731 0
7732 2
7733 0
7734 1
7735 0
7736 0
7737 0
7738 2
7739 1
7740 0
7741 2
7742 1
7743 0
7744 1
7745 1
7746 1
7747 0
7748 0
7749 1
7750 0
7751 0
7752 2
7753 1
7754 0
7755 0
7756 2
7757 0
7758 1
7759 0
7760 0
7761 0
7762 2
7763 0
7764 1
7765 0
7766 0
7767 0
7768 1
7769 0
7770 0
7771 1
7772 0
7773 0
7774 0
7775 0
7776 0
7777 0
7778 1
7779 1
7780 0
7781 0
7782 0
7783 1
7784 1
7785 1
7786 1
7787 1
7788 0
7789 2
7790 0
7791 0
7792 0
7793 2
7794 1
7795 0
7796 0
7797 2
7798 0
7799 1
7800 1
7801 1
7802 0
7803 0
7804 0
7805 0
7806 0
7807 0
7808 1
7809 1
7810 0
7811 0
7812 1
7813 0
7814 0
7815 0
7816 1
7817 2
7818 0
7819 1
7820 0
7821 1
7822 0
7823 1
7824 1
7825 0
7826 1
7827 0
7828 1
7829 1
7830 0
7831 1
7832 0
7833 3
7834 2
7835 0
7836 0
7837 0
7838 0
7839 1
7840 0
7841 2
7842 1
7843 2
7844 1
7845 1
7846 1
7847 3
7848 1
7849 1
7850 1
7851 1
7852 1
7853 0
7854 0
7855 2
7856 0
7857 1
7858 0
7859 3
7860 3
7861 1
7862 1
7863 0
7864 1
7865 1
7866 2
7867 3
7868 2
7869 1
7870 0
7871 0
7872 0
7873 2
7874 1
7875 0
7876 1
7877 2
7878 2
7879 0
7880 1
7881 4
7882 0
7883 1
7884 1
7885 1
7886 0
7887 2
7888 1
7889 3
7890 2
7891 2
7892 3
7893 0
7894 1
7895 0
7896 1
7897 2
7898 1
7899 1
7900 1
7901 1
7902 1
7903 2
7904 0
7905 1
7906 4
7907 2
7908 0
7909 0
7910 0
7911 1
7912 0
7913 1
7914 1
7915 0
7916 0
7917 0
7918 2
7919 2
7920 1
7921 0
7922 1
7923 0
7924 1
7925 2
7926 2
7927 1
7928 2
7929 4
7930 4
7931 1
7932 2
7933 1
7934 3
7935 1
7936 1
7937 1
7938 1
7939 1
7940 2
7941 2
7942 0
7943 3
7944 1
7945 2
7946 1
7947 0
7948 1
7949 1
7950 0
7951 1
7952 1
7953 2
7954 1
7955 1
7956 3
7957 1
7958 2
7959 1
7960 1
7961 1
7962 1
7963 2
7964 1
7965 1
7966 1
7967 0
7968 1
7969 0
7970 1
7971 0
7972 0
7973 1
7974 1
7975 2
7976 1
7977 1
7978 2
7979 0
7980 0
7981 4
7982 1
7983 4
7984 0
7985 3
7986 2
7987 1
7988 1
7989 0
7990 1
7991 2
7992 0
7993 0
7994 0
7995 3
7996 0
7997 1
7998 3
7999 0
8000 0
8001 0
8002 2
8003 2
8004 1
8005 1
8006 0
8007 0
8008 1
8009 0
8010 0
8011 0
8012 0
8013 2
8014 0
8015 0
8016 0
8017 0
8018 1
8019 1
8020 2
8021 1
8022 0
8023 0
8024 1
8025 1
8026 1
8027 0
8028 3
8029 0
8030 0
8031 2
8032 1
8033 1
8034 2
8035 0
8036 1
8037 1
8038 0
8039 0
8040 1
8041 2
8042 0
8043 1
8044 1
8045 1
8046 2
8047 1
8048 1
8049 1
8050 0
8051 1
8052 0
8053 0
8054 2
8055 2
8056 0
8057 1
8058 0
8059 1
8060 2
8061 1
8062 1
8063 2
8064 1
8065 2
8066 1
8067 0
8068 1
8069 2
8070 1
8071 2
8072 2
8073 4
8074 0
8075 0
8076 1
8077 0
8078 2
8079 0
8080 1
8081 1
8082 0
8083 0
8084 2
8085 1
8086 2
8087 1
8088 0
8089 3
8090 2
8091 1
8092 2
8093 0
8094 0
8095 2
8096 2
8097 0
8098 0
8099 0
8100 0
8101 0
8102 0
8103 2
8104 0
8105 1
8106 0
8107 1
8108 3
8109 1
8110 1
8111 1
8112 0
8113 1
8114 0
8115 0
8116 1
8117 0
8118 1
8119 0
8120 1
8121 1
8122 0
8123 0
8124 0
8125 3
8126 1
8127 0
8128 2
8129 0
8130 1
8131 0
8132 2
8133 0
8134 0
8135 1
8136 0
8137 1
8138 1
8139 2
8140 0
8141 0
8142 0
8143 2
8144 1
8145 1
8146 1
8147 3
8148 2
8149 2
8150 1
8151 2
8152 2
8153 2
8154 1
8155 2
8156 2
8157 1
8158 1
8159 1
8160 3
8161 3
8162 0
8163 1
8164 2
8165 2
8166 1
8167 1
8168 4
8169 0
8170 2
8171 3
8172 1
8173 0
8174 1
8175 0
8176 0
8177 2
8178 1
8179 2
8180 1
8181 1
8182 3
8183 1
8184 2
8185 0
8186 1
8187 3
8188 3
8189 2
8190 0
8191 0
8192 0
8193 0
8194 1
8195 2
8196 2
8197 2
8198 1
8199 0
8200 0
8201 0
8202 0
8203 3
8204 1
8205 1
8206 1
8207 3
8208 3
8209 4
8210 2
8211 1
8212 2
8213 2
8214 3
8215 3
8216 3
8217 3
8218 0
8219 0
8220 1
8221 2
8222 0
8223 0
8224 2
8225 4
8226 0
8227 3
8228 2
8229 3
8230 1
8231 1
8232 0
8233 3
8234 1
8235 1
8236 1
8237 1
8238 2
8239 2
8240 1
8241 2
8242 0
8243 0
8244 0
8245 1
8246 1
8247 1
8248 3
8249 1
8250 0
8251 3
8252 3
8253 1
8254 0
8255 1
8256 1
8257 3
8258 2
8259 1
8260 3
8261 0
8262 0
8263 2
8264 0
8265 2
8266 1
8267 1
8268 2
8269 1
8270 1
8271 0
8272 2
8273 1
8274 1
8275 0
8276 0
8277 0
8278 0
8279 0
8280 0
8281 0
8282 0
8283 2
8284 1
8285 0
8286 1
8287 4
8288 1
8289 3
8290 3
8291 1
8292 0
8293 0
8294 2
8295 1
8296 1
8297 1
8298 0
8299 0
8300 2
8301 1
8302 2
8303 0
8304 0
8305 0
8306 1
8307 0
8308 3
8309 1
8310 0
8311 0
8312 2
8313 1
8314 0
8315 2
8316 2
8317 0
8318 0
8319 0
8320 1
8321 2
8322 1
8323 1
8324 1
8325 0
8326 1
8327 1
8328 0
8329 0
8330 2
8331 1
8332 0
8333 1
8334 2
8335 1
8336 0
8337 0
8338 2
8339 0
8340 1
8341 1
8342 0
8343 2
8344 0
8345 0
8346 1
8347 1
8348 2
8349 4
8350 1
8351 0
8352 0
8353 1
8354 0
8355 0
8356 1
8357 0
8358 1
8359 2
8360 1
8361 2
8362 1
8363 0
8364 2
8365 2
8366 1
8367 0
8368 3
8369 2
8370 0
8371 1
8372 0
8373 2
8374 2
8375 1
8376 1
8377 2
8378 2
8379 2
8380 1
8381 2
8382 1
8383 0
8384 1
8385 1
8386 2
8387 2
8388 2
8389 0
8390 0
8391 0
8392 4
8393 2
8394 0
8395 1
8396 0
8397 0
8398 0
8399 1
8400 2
8401 1
8402 0
8403 2
8404 1
8405 1
8406 0
8407 0
8408 1
8409 0
8410 0
8411 1
8412 1
8413 0
8414 1
8415 2
8416 0
8417 1
8418 1
8419 1
8420 1
8421 1
8422 0
8423 1
8424 0
8425 0
8426 1
8427 1
8428 0
8429 1
8430 0
8431 2
8432 1
8433 2
8434 1
8435 0
8436 0
8437 2
8438 2
8439 3
8440 0
8441 2
8442 1
8443 1
8444 2
8445 1
8446 0
8447 1
8448 0
8449 0
8450 1
8451 0
8452 2
8453 0
8454 0
8455 0
8456 1
8457 1
8458 0
8459 1
8460 2
8461 3
8462 1
8463 1
8464 2
8465 3
8466 1
8467 0
8468 1
8469 1
8470 2
8471 1
8472 0
8473 1
8474 1
8475 2
8476 1
8477 1
8478 2
8479 1
8480 1
8481 0
8482 1
8483 1
8484 2
8485 0
8486 0
8487 0
8488 2
8489 0
8490 0
8491 1
8492 0
8493 1
8494 0
8495 2
8496 2
8497 1
8498 0
8499 2
8500 0
8501 1
8502 2
8503 2
8504 0
8505 2
8506 0
8507 0
8508 3
8509 2
8510 1
8511 0
8512 2
8513 2
8514 2
8515 1
8516 3
8517 4
8518 3
8519 2
8520 2
8521 2
8522 1
8523 2
8524 2
8525 2
8526 2
8527 2
8528 2
8529 1
8530 2
8531 3
8532 2
8533 1
8534 1
8535 2
8536 2
8537 1
8538 1
8539 0
8540 2
8541 2
8542 2
8543 0
8544 1
8545 2
8546 0
8547 3
8548 2
8549 2
8550 1
8551 0
8552 0
8553 1
8554 1
8555 2
8556 2
8557 0
8558 1
8559 3
8560 2
8561 0
8562 1
8563 3
8564 0
8565 2
8566 0
8567 1
8568 1
8569 0
8570 0
8571 2
8572 0
8573 0
8574 1
8575 0
8576 0
8577 0
8578 0
8579 0
8580 0
8581 2
8582 2
8583 0
8584 0
8585 2
8586 2
8587 1
8588 0
8589 3
8590 0
8591 1
8592 1
8593 2
8594 2
8595 2
8596 1
8597 1
8598 0
8599 2
8600 3
8601 0
8602 1
8603 0
8604 0
8605 1
8606 0
8607 2
8608 1
8609 1
8610 1
8611 0
8612 1
8613 2
8614 1
8615 0
8616 0
8617 0
8618 0
8619 1
8620 4
8621 2
8622 0
8623 1
8624 1
8625 1
8626 0
8627 0
8628 1
8629 0
8630 0
8631 1
8632 0
8633 0
8634 1
8635 0
8636 4
8637 1
8638 0
8639 1
8640 1
8641 1
8642 1
8643 1
8644 1
8645 3
8646 1
8647 2
8648 0
8649 0
8650 2
8651 2
8652 1
8653 0
8654 2
8655 3
8656 1
8657 0
8658 2
8659 1
8660 0
8661 1
8662 0
8663 0
8664 0
8665 0
8666 1
8667 1
8668 0
8669 0
8670 1
8671 0
8672 1
8673 0
8674 1
8675 1
8676 1
8677 1
8678 1
8679 1
8680 2
8681 1
8682 1
8683 0
8684 0
8685 0
8686 1
8687 2
8688 0
8689 0
8690 0
8691 0
8692 0
8693 0
8694 1
8695 1
8696 0
8697 0
8698 0
8699 0
8700 0
8701 0
8702 1
8703 2
8704 2
8705 1
8706 2
8707 0
8708 2
8709 2
8710 3
8711 0
8712 1
8713 1
8714 0
8715 2
8716 0
8717 0
8718 1
8719 1
8720 0
8721 0
8722 1
8723 2
8724 1
8725 2
8726 0
8727 0
8728 1
8729 0
8730 2
8731 0
8732 1
8733 1
8734 0
8735 1
8736 2
8737 2
8738 1
8739 1
8740 0
8741 1
8742 0
8743 1
8744 0
8745 0
8746 0
8747 1
8748 0
8749 0
8750 0
8751 0
8752 0
8753 1
8754 1
8755 0
8756 2
8757 0
8758 0
8759 0
8760 0
8761 0
8762 0
8763 1
8764 1
8765 0
8766 0
8767 0
8768 0
8769 1
8770 0
8771 0
8772 2
8773 0
8774 0
8775 1
8776 0
8777 0
8778 0
8779 0
8780 1
8781 1
8782 0
8783 1
8784 2
8785 0
8786 1
8787 0
8788 1
8789 1
8790 0
8791 1
8792 2
8793 1
8794 0
8795 1
8796 2
8797 1
8798 0
8799 3
8800 2
8801 3
8802 1
8803 0
8804 1
8805 0
8806 1
8807 2
8808 0
8809 1
8810 2
8811 1
8812 1
8813 1
8814 2
8815 0
8816 3
8817 1
8818 1
8819 1
8820 0
8821 0
8822 0
8823 1
8824 1
8825 0
8826 2
8827 0
8828 2
8829 2
8830 1
8831 0
8832 1
8833 2
8834 0
8835 0
8836 0
8837 0
8838 1
8839 2
8840 2
8841 1
8842 1
8843 0
8844 2
8845 1
8846 2
8847 1
8848 1
8849 1
8850 0
8851 0
8852 0
8853 1
8854 0
8855 0
8856 1
8857 1
8858 0
8859 2
8860 2
8861 1
8862 1
8863 1
8864 1
8865 3
8866 1
8867 0
8868 1
8869 1
8870 2
8871 0
8872 0
8873 1
8874 1
8875 4
8876 1
8877 2
8878 2
8879 1
8880 1
8881 1
8882 0
8883 0
8884 1
8885 1
8886 0
8887 1
8888 1
8889 0
8890 1
8891 2
8892 0
8893 1
8894 0
8895 1
8896 0
8897 1
8898 1
8899 1
8900 2
8901 2
8902 1
8903 0
8904 0
8905 0
8906 2
8907 0
8908 0
8909 0
8910 0
8911 0
8912 0
8913 0
8914 1
8915 0
8916 1
8917 1
8918 0
8919 1
8920 0
8921 1
8922 0
8923 1
8924 0
8925 0
8926 0
8927 0
8928 1
8929 0
8930 0
8931 0
8932 0
8933 0
8934 0
8935 0
8936 1
8937 2
8938 0
8939 0
8940 0
8941 0
8942 0
8943 0
8944 0
8945 1
8946 0
8947 1
8948 0
8949 0
8950 1
8951 1
8952 0
8953 0
8954 0
8955 1
8956 0
8957 1
8958 1
8959 0
8960 0
8961 0
8962 1
8963 1
8964 0
8965 1
8966 1
8967 1
8968 0
8969 0
8970 1
8971 3
8972 1
8973 1
8974 1
8975 1
8976 0
8977 1
8978 2
8979 2
8980 0
8981 3
8982 2
8983 1
8984 0
8985 0
8986 3
8987 0
8988 1
8989 3
8990 4
8991 2
8992 1
8993 1
8994 0
8995 1
8996 1
8997 0
8998 0
8999 1
9000 1
9001 0
9002 0
9003 1
9004 0
9005 1
9006 0
9007 1
9008 0
9009 0
9010 0
9011 0
9012 1
9013 0
9014 0
9015 0
9016 0
9017 0
9018 0
9019 0
9020 0
9021 2
9022 0
9023 1
9024 1
9025 1
9026 1
9027 1
9028 0
9029 2
9030 1
9031 2
9032 2
9033 0
9034 1
9035 1
9036 0
9037 0
9038 0
9039 0
9040 2
9041 0
9042 2
9043 0
9044 1
9045 1
9046 0
9047 0
9048 1
9049 1
9050 1
9051 0
9052 0
9053 0
9054 0
9055 1
9056 3
9057 1
9058 2
9059 0
9060 1
9061 2
9062 1
9063 0
9064 3
9065 1
9066 3
9067 0
9068 0
9069 1
9070 2
9071 0
9072 0
9073 0
9074 3
9075 1
9076 1
9077 1
9078 0
9079 1
9080 1
9081 1
9082 1
9083 0
9084 1
9085 1
9086 0
9087 0
9088 1
9089 0
9090 0
9091 0
9092 0
9093 0
9094 1
9095 2
9096 0
9097 0
9098 0
9099 0
9100 0
9101 0
9102 0
9103 0
9104 0
9105 1
9106 0
9107 2
9108 1
9109 0
9110 0
9111 0
9112 0
9113 1
9114 0
9115 1
9116 1
9117 2
9118 0
9119 0
9120 0
9121 1
9122 1
9123 1
9124 3
9125 0
9126 2
9127 0
9128 2
9129 1
9130 1
9131 1
9132 2
9133 0
9134 2
9135 1
9136 3
9137 2
9138 2
9139 2
9140 5
9141 2
9142 1
9143 6
9144 1
9145 1
9146 2
9147 3
9148 3
9149 0
9150 0
9151 3
9152 0
9153 1
9154 0
9155 0
9156 3
9157 3
9158 1
9159 1
9160 0
9161 0
9162 0
9163 0
9164 2
9165 1
9166 2
9167 1
9168 1
9169 1
9170 0
9171 0
9172 1
9173 0
9174 1
9175 1
9176 0
9177 0
9178 1
9179 2
9180 1
9181 3
9182 0
9183 1
9184 2
9185 1
9186 3
9187 2
9188 4
9189 0
9190 2
9191 2
9192 1
9193 0
9194 0
9195 0
9196 0
9197 1
9198 0
9199 0
9200 2
9201 2
9202 0
9203 1
9204 3
9205 3
9206 3
9207 2
9208 1
9209 2
9210 1
9211 0
9212 5
9213 3
9214 1
9215 1
9216 0
9217 1
9218 0
9219 1
9220 2
9221 2
9222 1
9223 3
9224 2
9225 0
9226 3
9227 3
9228 1
9229 3
9230 1
9231 1
9232 1
9233 2
9234 3
9235 2
9236 0
9237 1
9238 1
9239 3
9240 2
9241 2
9242 1
9243 1
9244 1
9245 1
9246 1
9247 1
9248 2
9249 2
9250 1
9251 0
9252 2
9253 2
9254 2
9255 0
9256 2
9257 1
9258 1
9259 2
9260 2
9261 1
9262 1
9263 2
9264 2
9265 2
9266 0
9267 0
9268 2
9269 3
9270 3
9271 1
9272 1
9273 3
9274 3
9275 1
9276 2
9277 1
9278 2
9279 4
9280 3
9281 3
9282 2
9283 3
9284 5
9285 2
9286 2
9287 1
9288 2
9289 0
9290 5
9291 3
9292 1
9293 3
9294 2
9295 4
9296 1
9297 1
9298 1
9299 2
9300 1
9301 2
9302 0
9303 3
9304 2
9305 1
9306 1
9307 3
9308 1
9309 2
9310 2
9311 1
9312 3
9313 1
9314 1
9315 2
9316 3
9317 1
9318 1
9319 2
9320 0
9321 2
9322 1
9323 1
9324 0
9325 1
9326 0
9327 1
9328 1
9329 1
9330 1
9331 0
9332 2
9333 1
9334 1
9335 0
9336 2
9337 1
9338 2
9339 2
9340 1
9341 2
9342 1
9343 2
9344 1
9345 4
9346 1
9347 0
9348 3
9349 2
9350 2
9351 2
9352 1
9353 1
9354 1
9355 1
9356 2
9357 2
9358 2
9359 1
9360 0
9361 0
9362 1
9363 2
9364 4
9365 2
9366 3
9367 2
9368 2
9369 4
9370 3
9371 1
9372 0
9373 1
9374 3
9375 3
9376 3
9377 0
9378 0
9379 3
9380 2
9381 1
9382 1
9383 2
9384 2
9385 2
9386 2
9387 2
9388 1
9389 1
9390 3
9391 1
9392 2
9393 1
9394 2
9395 1
9396 2
9397 0
9398 3
9399 3
9400 3
9401 1
9402 0
9403 3
9404 3
9405 4
9406 1
9407 3
9408 3
9409 0
9410 0
9411 0
9412 1
9413 1
9414 2
9415 3
9416 1
9417 1
9418 2
9419 3
9420 0
9421 1
9422 3
9423 1
9424 3
9425 1
9426 3
9427 1
9428 2
9429 0
9430 3
9431 1
9432 1
9433 1
9434 1
9435 2
9436 2
9437 1
9438 2
9439 2
9440 1
9441 2
9442 1
9443 1
9444 0
9445 1
9446 2
9447 0
9448 1
9449 2
9450 2
9451 2
9452 1
9453 0
9454 0
9455 2
9456 1
9457 1
9458 1
9459 2
9460 0
9461 0
9462 2
9463 1
9464 4
9465 0
9466 1
9467 1
9468 1
9469 1
9470 0
9471 0
9472 1
9473 1
9474 2
9475 1
9476 1
9477 1
9478 1
9479 2
9480 1
9481 2
9482 0
9483 1
9484 0
9485 1
9486 2
9487 1
9488 1
9489 2
9490 3
9491 0
9492 3
9493 1
9494 1
9495 2
9496 1
9497 2
9498 1
9499 0
9500 0
9501 2
9502 1
9503 0
9504 0
9505 2
9506 0
9507 3
9508 3
9509 1
9510 1
9511 3
9512 0
9513 0
9514 1
9515 0
9516 0
9517 0
9518 0
9519 1
9520 0
9521 1
9522 1
9523 1
9524 2
9525 1
9526 0
9527 0
9528 1
9529 0
9530 1
9531 0
9532 0
9533 0
9534 1
9535 1
9536 2
9537 2
9538 2
9539 2
9540 3
9541 3
9542 0
9543 0
9544 1
9545 1
9546 2
9547 3
9548 0
9549 2
9550 2
9551 0
9552 1
9553 3
9554 3
9555 2
9556 2
9557 2
9558 0
9559 3
9560 3
9561 0
9562 1
9563 2
9564 2
9565 2
9566 0
9567 1
9568 0
9569 3
9570 1
9571 1
9572 2
9573 1
9574 2
9575 1
9576 1
9577 0
9578 2
9579 2
9580 3
9581 2
9582 2
9583 1
9584 1
9585 1
9586 3
9587 0
9588 2
9589 3
9590 0
9591 0
9592 0
9593 0
9594 2
9595 4
9596 1
9597 0
9598 1
9599 0
9600 0
9601 0
9602 0
9603 0
9604 1
9605 0
9606 1
9607 2
9608 2
9609 2
9610 1
9611 0
9612 1
9613 1
9614 1
9615 1
9616 0
9617 1
9618 3
9619 0
9620 1
9621 0
9622 1
9623 2
9624 0
9625 0
9626 1
9627 1
9628 1
9629 1
9630 1
9631 1
9632 2
9633 0
9634 1
9635 3
9636 2
9637 1
9638 0
9639 0
9640 2
9641 2
9642 2
9643 1
9644 0
9645 1
9646 1
9647 0
9648 0
9649 0
9650 2
9651 0
9652 3
9653 1
9654 2
9655 0
9656 0
9657 2
9658 2
9659 0
9660 0
9661 0
9662 1
9663 1
9664 1
9665 2
9666 1
9667 1
9668 2
9669 3
9670 1
9671 1
9672 0
9673 1
9674 0
9675 0
9676 1
9677 0
9678 1
9679 1
9680 1
9681 0
9682 2
9683 2
9684 3
9685 2
9686 0
9687 4
9688 2
9689 2
9690 0
9691 2
9692 1
9693 2
9694 2
9695 3
9696 1
9697 4
9698 4
9699 2
9700 1
9701 2
9702 1
9703 6
9704 0
9705 1
9706 1
9707 1
9708 1
9709 0
9710 1
9711 1
9712 2
9713 3
9714 1
9715 1
9716 1
9717 0
9718 1
9719 0
9720 0
9721 0
9722 2
9723 1
9724 2
9725 1
9726 0
9727 1
9728 1
9729 1
9730 1
9731 1
9732 3
9733 1
9734 0
9735 0
9736 1
9737 0
9738 1
9739 2
9740 0
9741 1
9742 2
9743 0
9744 0
9745 0
9746 0
9747 2
9748 2
9749 1
9750 2
9751 1
9752 2
9753 1
9754 1
9755 1
9756 2
9757 3
9758 2
9759 1
9760 3
9761 1
9762 0
9763 1
9764 1
9765 3
9766 0
9767 1
9768 2
9769 0
9770 1
9771 0
9772 1
9773 1
9774 3
9775 1
9776 2
9777 4
9778 1
9779 1
9780 1
9781 1
9782 3
9783 2
9784 2
9785 1
9786 2
9787 1
9788 0
9789 2
9790 0
9791 1
9792 1
9793 1
9794 2
9795 3
9796 4
9797 1
9798 4
9799 0
9800 1
9801 1
9802 2
9803 1
9804 1
9805 1
9806 0
9807 1
9808 0
9809 0
9810 2
9811 0
9812 1
9813 1
9814 2
9815 1
9816 2
9817 0
9818 2
9819 1
9820 0
9821 1
9822 2
9823 2
9824 1
9825 2
9826 0
9827 1
9828 0
9829 2
9830 1
9831 1
9832 1
9833 1
9834 0
9835 1
9836 0
9837 3
9838 1
9839 0
9840 0
9841 2
9842 1
9843 2
9844 3
9845 0
9846 2
9847 3
9848 1
9849 1
9850 2
9851 1
9852 0
9853 3
9854 3
9855 0
9856 2
9857 2
9858 1
9859 1
9860 4
9861 1
9862 0
9863 3
9864 1
9865 1
9866 3
9867 1
9868 2
9869 1
9870 1
9871 0
9872 0
9873 0
9874 2
9875 1
9876 3
9877 0
9878 0
9879 4
9880 1
9881 1
9882 1
9883 4
9884 1
9885 0
9886 0
9887 0
9888 1
9889 1
9890 0
9891 2
9892 2
9893 0
9894 0
9895 1
9896 3
9897 2
9898 2
9899 2
9900 3
9901 0
9902 1
9903 2
9904 1
9905 2
9906 0
9907 1
9908 0
9909 1
9910 0
9911 1
9912 0
9913 3
9914 1
9915 1
9916 0
9917 2
9918 1
9919 1
9920 1
9921 2
9922 2
9923 1
9924 1
9925 1
9926 1
9927 3
9928 0
9929 1
9930 3
9931 0
9932 1
9933 2
9934 1
9935 2
9936 2
9937 2
9938 1
9939 0
9940 1
9941 2
9942 0
9943 1
9944 1
9945 1
9946 0
9947 2
9948 1
9949 1
9950 0
9951 2
9952 1
9953 1
9954 2
9955 0
9956 2
9957 1
9958 2
9959 2
9960 0
9961 2
9962 0
9963 3
9964 4
9965 2
9966 3
9967 2
9968 1
9969 2
9970 2
9971 1
9972 2
9973 2
9974 3
9975 1
9976 1
9977 1
9978 1
9979 1
9980 0
9981 3
9982 1
9983 1
9984 1
9985 0
9986 1
9987 1
9988 1
9989 2
9990 2
9991 0
9992 1
9993 2
9994 0
9995 2
9996 3
9997 1
9998 0
9999 0
10000 2
10001 2
